project,train_label,seed,fading,warmup,mcc_avg,gmean_avg,mcc_terminal
ant-ivy,oracle,7,0.9,0.0,0.16123315798677412,0.534576965818135,-0.05485335910998248
ant-ivy,oracle,7,0.9,0.05,0.17525323986189814,0.5468224484635517,-0.05485335910998248
ant-ivy,oracle,7,0.9,0.1,0.17705515119392232,0.547392348156622,-0.05485335910998248
ant-ivy,oracle,7,0.9,0.25,0.1986108868226111,0.5605377234254346,-0.05485335910998248
ant-ivy,oracle,7,0.95,0.0,0.1594929183802425,0.5576831115562414,-0.08646823856270412
ant-ivy,oracle,7,0.95,0.05,0.1732796152779991,0.5695327774678026,-0.08646823856270412
ant-ivy,oracle,7,0.95,0.1,0.17691767952671833,0.5714674986970664,-0.08646823856270412
ant-ivy,oracle,7,0.95,0.25,0.19605301620213975,0.5828394043282494,-0.08646823856270412
ant-ivy,oracle,7,0.99,0.0,0.16527535191436443,0.5910242942440738,-0.008328049077056136
ant-ivy,oracle,7,0.99,0.05,0.17880941893693225,0.6036693509337634,-0.008328049077056136
ant-ivy,oracle,7,0.99,0.1,0.18764417020820848,0.6099031674184473,-0.008328049077056136
ant-ivy,oracle,7,0.99,0.25,0.20416819093813132,0.621662442496398,-0.008328049077056136
ant-ivy,oracle,7,0.995,0.0,0.1672651333936561,0.594469476550386,0.06154196904666709
ant-ivy,oracle,7,0.995,0.05,0.18088280302998394,0.6072368849494705,0.06154196904666709
ant-ivy,oracle,7,0.995,0.1,0.19071781067964338,0.6142901487489674,0.06154196904666709
ant-ivy,oracle,7,0.995,0.25,0.20872992536834437,0.627676426825064,0.06154196904666709
ant-ivy,oracle,7,0.999,0.0,0.15591545591103817,0.5838631969396294,0.18275013685220326
ant-ivy,oracle,7,0.999,0.05,0.16894115470941382,0.5960388092787972,0.18275013685220326
ant-ivy,oracle,7,0.999,0.1,0.17880480380404026,0.6029983426791593,0.18275013685220326
ant-ivy,oracle,7,0.999,0.25,0.19703259582342766,0.6163087416775366,0.18275013685220326
ant-ivy,oracle,13,0.9,0.0,0.1917030587777976,0.5741097811272247,-0.027870419859556045
ant-ivy,oracle,13,0.9,0.05,0.20628136832818839,0.5876584151451218,-0.027870419859556045
ant-ivy,oracle,13,0.9,0.1,0.2029197315467148,0.5858494522349493,-0.027870419859556045
ant-ivy,oracle,13,0.9,0.25,0.23450673701830435,0.6118083674990579,-0.027870419859556045
ant-ivy,oracle,13,0.95,0.0,0.18844698726440132,0.5894248733496393,-0.005772384064687606
ant-ivy,oracle,13,0.95,0.05,0.2028456829685652,0.6023299415182737,-0.005772384064687606
ant-ivy,oracle,13,0.95,0.1,0.20242133983605476,0.6023656774483054,-0.005772384064687606
ant-ivy,oracle,13,0.95,0.25,0.23101189586956108,0.6239096526767449,-0.005772384064687606
ant-ivy,oracle,13,0.99,0.0,0.1856092218102792,0.6055434841983699,0.04262066373076497
ant-ivy,oracle,13,0.99,0.05,0.19961733721236602,0.6185569038944502,0.04262066373076497
ant-ivy,oracle,13,0.99,0.1,0.2063885625714097,0.6234506956856569,0.04262066373076497
ant-ivy,oracle,13,0.99,0.25,0.22659055960379343,0.6376577712225138,0.04262066373076497
ant-ivy,oracle,13,0.995,0.0,0.18636813788400272,0.6070726176697052,0.08334420015913963
ant-ivy,oracle,13,0.995,0.05,0.20044291644125037,0.6201374481261587,0.08334420015913963
ant-ivy,oracle,13,0.995,0.1,0.2085737966191234,0.6259951416713248,0.08334420015913963
ant-ivy,oracle,13,0.995,0.25,0.22837425130559863,0.6402253364643032,0.08334420015913963
ant-ivy,oracle,13,0.999,0.0,0.1767846506689214,0.597320049905515,0.1930168362859305
ant-ivy,oracle,13,0.999,0.05,0.19039781276946532,0.6098611258960717,0.1930168362859305
ant-ivy,oracle,13,0.999,0.1,0.19899980894577607,0.6158804042366758,0.1930168362859305
ant-ivy,oracle,13,0.999,0.25,0.21787061830747384,0.6291657914857252,0.1930168362859305
ant-ivy,oracle,21,0.9,0.0,0.22980012423211202,0.5983267024548883,-0.04873986529700858
ant-ivy,oracle,21,0.9,0.05,0.24525786929708318,0.6123968529858327,-0.04873986529700858
ant-ivy,oracle,21,0.9,0.1,0.24880741915829122,0.6153369973261734,-0.04873986529700858
ant-ivy,oracle,21,0.9,0.25,0.25137055686798504,0.6160463952710797,-0.04873986529700858
ant-ivy,oracle,21,0.95,0.0,0.22672222550747048,0.6100118293259631,-0.07985324465073745
ant-ivy,oracle,21,0.95,0.05,0.24225010038138592,0.6234028363538664,-0.07985324465073745
ant-ivy,oracle,21,0.95,0.1,0.24747800228892455,0.6272106573880271,-0.07985324465073745
ant-ivy,oracle,21,0.95,0.25,0.24788865606840385,0.6268288938311065,-0.07985324465073745
ant-ivy,oracle,21,0.99,0.0,0.22916877474397734,0.6312977468405455,-0.006700708284739537
ant-ivy,oracle,21,0.99,0.05,0.24486356292568318,0.6452477788255367,-0.006700708284739537
ant-ivy,oracle,21,0.99,0.1,0.25499230207687146,0.6527163635246074,-0.006700708284739537
ant-ivy,oracle,21,0.99,0.25,0.2622285879688053,0.6596769888051016,-0.006700708284739537
ant-ivy,oracle,21,0.995,0.0,0.23283010773907253,0.6340983376270105,0.06975130650990703
ant-ivy,oracle,21,0.995,0.05,0.24878316525908983,0.6481907561143854,0.06975130650990703
ant-ivy,oracle,21,0.995,0.1,0.26003806202102464,0.6564389866925382,0.06975130650990703
ant-ivy,oracle,21,0.995,0.25,0.2735455614829772,0.6679601063733048,0.06975130650990703
ant-ivy,oracle,21,0.999,0.0,0.23157201370086872,0.6283841472621559,0.22047483487928043
ant-ivy,oracle,21,0.999,0.05,0.24753069724256077,0.6421836529301856,0.22047483487928043
ant-ivy,oracle,21,0.999,0.1,0.25945069114219416,0.6506289632607857,0.22047483487928043
ant-ivy,oracle,21,0.999,0.25,0.27913308078017657,0.6656227605779846,0.22047483487928043
ant-ivy,oracle,42,0.9,0.0,0.20449465238445047,0.5959602700070827,-0.02635569717362031
ant-ivy,oracle,42,0.9,0.05,0.2192691300329223,0.6102954552127947,-0.02635569717362031
ant-ivy,oracle,42,0.9,0.1,0.22138466807887963,0.6131273220814037,-0.02635569717362031
ant-ivy,oracle,42,0.9,0.25,0.2259711040048154,0.6167868682238608,-0.02635569717362031
ant-ivy,oracle,42,0.95,0.0,0.2013537825459848,0.6055416932080236,0.0003780683683630433
ant-ivy,oracle,42,0.95,0.05,0.2161422355088616,0.6191251928450134,0.0003780683683630433
ant-ivy,oracle,42,0.95,0.1,0.2200367441185246,0.6227724404986005,0.0003780683683630433
ant-ivy,oracle,42,0.95,0.25,0.22349000322400991,0.6260234973217128,0.0003780683683630433
ant-ivy,oracle,42,0.99,0.0,0.20057547442086027,0.6164532809065174,0.057288530144700346
ant-ivy,oracle,42,0.99,0.05,0.21526074275791787,0.6300153677686662,0.057288530144700346
ant-ivy,oracle,42,0.99,0.1,0.22420432399848642,0.6369722641584954,0.057288530144700346
ant-ivy,oracle,42,0.99,0.25,0.2328944923675799,0.6447776510836918,0.057288530144700346
ant-ivy,oracle,42,0.995,0.0,0.2027595745513841,0.6172452329855533,0.09961689118381466
ant-ivy,oracle,42,0.995,0.05,0.21760547422878512,0.6308301743556639,0.09961689118381466
ant-ivy,oracle,42,0.995,0.1,0.22764283617778297,0.63849435003583,0.09961689118381466
ant-ivy,oracle,42,0.995,0.25,0.2414020475179347,0.6498653194867443,0.09961689118381466
ant-ivy,oracle,42,0.999,0.0,0.19971224297470355,0.610139186786648,0.20305438615771232
ant-ivy,oracle,42,0.999,0.05,0.21445247824502414,0.6233450050494193,0.20305438615771232
ant-ivy,oracle,42,0.999,0.1,0.2250887700441256,0.6311583315536584,0.20305438615771232
ant-ivy,oracle,42,0.999,0.25,0.24369127954604633,0.6451516015533312,0.20305438615771232
ant-ivy,oracle,77,0.9,0.0,0.19941364454321012,0.5726989692298075,-0.04534506512741993
ant-ivy,oracle,77,0.9,0.05,0.21508372737207745,0.5868675275663581,-0.04534506512741993
ant-ivy,oracle,77,0.9,0.1,0.21215614381844425,0.585233932516394,-0.04534506512741993
ant-ivy,oracle,77,0.9,0.25,0.2187151570198116,0.5946847157238382,-0.04534506512741993
ant-ivy,oracle,77,0.95,0.0,0.1942230446349496,0.583129867891854,-0.07027602512998586
ant-ivy,oracle,77,0.95,0.05,0.2091969725038988,0.5958521113456342,-0.07027602512998586
ant-ivy,oracle,77,0.95,0.1,0.20961963857147373,0.5958796658570407,-0.07027602512998586
ant-ivy,oracle,77,0.95,0.25,0.21296981910528384,0.6005149688959809,-0.07027602512998586
ant-ivy,oracle,77,0.99,0.0,0.19259904897910807,0.6031344173451287,-0.024908330900568074
ant-ivy,oracle,77,0.99,0.05,0.20685443051996572,0.6158011369516854,-0.024908330900568074
ant-ivy,oracle,77,0.99,0.1,0.21475921805076087,0.6207157796904166,-0.024908330900568074
ant-ivy,oracle,77,0.99,0.25,0.21894817417245968,0.6241725241984118,-0.024908330900568074
ant-ivy,oracle,77,0.995,0.0,0.1996699031397101,0.6114012679598484,0.0268389048514066
ant-ivy,oracle,77,0.995,0.05,0.2142871646026107,0.6244525322599177,0.0268389048514066
ant-ivy,oracle,77,0.995,0.1,0.2238696703385633,0.6306538593033326,0.0268389048514066
ant-ivy,oracle,77,0.995,0.25,0.23376167136995724,0.6383939808326172,0.0268389048514066
ant-ivy,oracle,77,0.999,0.0,0.20774722750586538,0.6156895685868828,0.18338999070129264
ant-ivy,oracle,77,0.999,0.05,0.22280299576546528,0.6289414562383874,0.18338999070129264
ant-ivy,oracle,77,0.999,0.1,0.2338305129546432,0.636062334949048,0.18338999070129264
ant-ivy,oracle,77,0.999,0.25,0.2510406254902184,0.6484069904664959,0.18338999070129264
ant-ivy,oracle,101,0.9,0.0,0.17569805856877307,0.5745532547305583,-0.02211314475105341
ant-ivy,oracle,101,0.9,0.05,0.18832693745526902,0.5873803491713417,-0.02211314475105341
ant-ivy,oracle,101,0.9,0.1,0.1886977840956982,0.5889237125584265,-0.02211314475105341
ant-ivy,oracle,101,0.9,0.25,0.21837682266572586,0.6132616181055643,-0.02211314475105341
ant-ivy,oracle,101,0.95,0.0,0.172125595098965,0.5852645645355692,0.012458118558641096
ant-ivy,oracle,101,0.95,0.05,0.18479874419988668,0.5973615969339094,0.012458118558641096
ant-ivy,oracle,101,0.95,0.1,0.18681888531686483,0.5997154215387251,0.012458118558641096
ant-ivy,oracle,101,0.95,0.25,0.21310155159338343,0.6194408729508938,0.012458118558641096
ant-ivy,oracle,101,0.99,0.0,0.1698199511392554,0.5941453904941139,0.06036548408726164
ant-ivy,oracle,101,0.99,0.05,0.1824115328579692,0.606152815611318,0.06036548408726164
ant-ivy,oracle,101,0.99,0.1,0.189053301697974,0.611438557320385,0.06036548408726164
ant-ivy,oracle,101,0.99,0.25,0.20828580258953713,0.6245643084587713,0.06036548408726164
ant-ivy,oracle,101,0.995,0.0,0.17320341284494117,0.5974592319449261,0.08023456608595937
ant-ivy,oracle,101,0.995,0.05,0.1860387346842196,0.6096358802005579,0.08023456608595937
ant-ivy,oracle,101,0.995,0.1,0.19379033513425767,0.6157314232276879,0.08023456608595937
ant-ivy,oracle,101,0.995,0.25,0.21328943928777136,0.6295338146611549,0.08023456608595937
ant-ivy,oracle,101,0.999,0.0,0.17024595209912396,0.5932705961083793,0.1783427292007184
ant-ivy,oracle,101,0.999,0.05,0.18299804418451562,0.6052340991017019,0.1783427292007184
ant-ivy,oracle,101,0.999,0.1,0.19131489748053174,0.6116163540428822,0.1783427292007184
ant-ivy,oracle,101,0.999,0.25,0.2111701605364473,0.6258055573261521,0.1783427292007184
ant-ivy,oracle,123,0.9,0.0,0.1930037107825177,0.5789561559688745,-0.02584300667735799
ant-ivy,oracle,123,0.9,0.05,0.20537476080871034,0.5913997962861011,-0.02584300667735799
ant-ivy,oracle,123,0.9,0.1,0.2063057656147335,0.5929651300008546,-0.02584300667735799
ant-ivy,oracle,123,0.9,0.25,0.2302471675482561,0.6119660613865859,-0.02584300667735799
ant-ivy,oracle,123,0.95,0.0,0.1918539499213736,0.5933321686545032,-0.0009128805918155518
ant-ivy,oracle,123,0.95,0.05,0.20473284538669065,0.6053027466506818,-0.0009128805918155518
ant-ivy,oracle,123,0.95,0.1,0.20716906614774666,0.607669029769072,-0.0009128805918155518
ant-ivy,oracle,123,0.95,0.25,0.2282845917379746,0.623586870207757,-0.0009128805918155518
ant-ivy,oracle,123,0.99,0.0,0.193697172248707,0.6106302282361986,0.05572645689490661
ant-ivy,oracle,123,0.99,0.05,0.20699930507652375,0.6230822102334935,0.05572645689490661
ant-ivy,oracle,123,0.99,0.1,0.2139188130072319,0.6285281481888536,0.05572645689490661
ant-ivy,oracle,123,0.99,0.25,0.22911591682587826,0.6403754249069986,0.05572645689490661
ant-ivy,oracle,123,0.995,0.0,0.19605939834557318,0.6125405059810334,0.09892348314339341
ant-ivy,oracle,123,0.995,0.05,0.20958911454648804,0.6251128899815788,0.09892348314339341
ant-ivy,oracle,123,0.995,0.1,0.21753481682207146,0.631255104778452,0.09892348314339341
ant-ivy,oracle,123,0.995,0.25,0.23345473584528373,0.6439516156361829,0.09892348314339341
ant-ivy,oracle,123,0.999,0.0,0.18882441229948957,0.602576271535843,0.2056979594885556
ant-ivy,oracle,123,0.999,0.05,0.2020770184647655,0.6146544058864121,0.2056979594885556
ant-ivy,oracle,123,0.999,0.1,0.21033199892143067,0.6207295027029961,0.2056979594885556
ant-ivy,oracle,123,0.999,0.25,0.2265402657471282,0.6330288970057756,0.2056979594885556
ant-ivy,oracle,202,0.9,0.0,0.1550066797956218,0.550239767098262,-0.045238994981121564
ant-ivy,oracle,202,0.9,0.05,0.16606323852211605,0.5615588748226795,-0.045238994981121564
ant-ivy,oracle,202,0.9,0.1,0.16380081286967998,0.5609946567836269,-0.045238994981121564
ant-ivy,oracle,202,0.9,0.25,0.18359137343600582,0.576612068784096,-0.045238994981121564
ant-ivy,oracle,202,0.95,0.0,0.15234846969056365,0.5619446618965428,-0.06870752919120289
ant-ivy,oracle,202,0.95,0.05,0.1637252448719617,0.5726646779623575,-0.06870752919120289
ant-ivy,oracle,202,0.95,0.1,0.16313523057917526,0.5727688770857671,-0.06870752919120289
ant-ivy,oracle,202,0.95,0.25,0.17911935968554357,0.5838974654927561,-0.06870752919120289
ant-ivy,oracle,202,0.99,0.0,0.15555132916807865,0.5836751144845262,-0.001839495541174211
ant-ivy,oracle,202,0.99,0.05,0.1672878265100282,0.5950549011566698,-0.001839495541174211
ant-ivy,oracle,202,0.99,0.1,0.17179088566699693,0.5987945170457966,-0.001839495541174211
ant-ivy,oracle,202,0.99,0.25,0.18147859307809883,0.6062044187261538,-0.001839495541174211
ant-ivy,oracle,202,0.995,0.0,0.16200852722925727,0.5902480067030035,0.05086557558014945
ant-ivy,oracle,202,0.995,0.05,0.1741643052965124,0.6019769374015249,0.05086557558014945
ant-ivy,oracle,202,0.995,0.1,0.18003251088864225,0.6067553049753434,0.05086557558014945
ant-ivy,oracle,202,0.995,0.25,0.19114607208676138,0.615879530827734,0.05086557558014945
ant-ivy,oracle,202,0.999,0.0,0.1625453083835688,0.5873181112233828,0.17126264118774284
ant-ivy,oracle,202,0.999,0.05,0.17481152529526295,0.5989070911825296,0.17126264118774284
ant-ivy,oracle,202,0.999,0.1,0.18152451730788752,0.604088524530839,0.17126264118774284
ant-ivy,oracle,202,0.999,0.25,0.19440595751193113,0.6142160225525545,0.17126264118774284
ant-ivy,oracle,314,0.9,0.0,0.1815774448566611,0.5475795675285283,-0.05035654713913461
ant-ivy,oracle,314,0.9,0.05,0.19498710727672328,0.5593546447624407,-0.05035654713913461
ant-ivy,oracle,314,0.9,0.1,0.1954050530613698,0.5588659080473104,-0.05035654713913461
ant-ivy,oracle,314,0.9,0.25,0.22148897605664342,0.5769073655540425,-0.05035654713913461
ant-ivy,oracle,314,0.95,0.0,0.1807759385422854,0.5716378739898187,-0.08111844569607383
ant-ivy,oracle,314,0.95,0.05,0.19418839350313752,0.5831916568892939,-0.08111844569607383
ant-ivy,oracle,314,0.95,0.1,0.1966660706248595,0.5843127551936803,-0.08111844569607383
ant-ivy,oracle,314,0.95,0.25,0.22038023698825351,0.5999987351109798,-0.08111844569607383
ant-ivy,oracle,314,0.99,0.0,0.18619337566608055,0.6045132542143667,-0.011365556193540854
ant-ivy,oracle,314,0.99,0.05,0.19974752222348083,0.617087889825945,-0.011365556193540854
ant-ivy,oracle,314,0.99,0.1,0.20771139903468175,0.6226367775798923,-0.011365556193540854
ant-ivy,oracle,314,0.99,0.25,0.22692628833105558,0.636506904989295,-0.011365556193540854
ant-ivy,oracle,314,0.995,0.0,0.1886270367530143,0.6077083413263737,0.06038568065693059
ant-ivy,oracle,314,0.995,0.05,0.2023556851413637,0.6204355378163725,0.06038568065693059
ant-ivy,oracle,314,0.995,0.1,0.21142164893853332,0.6268214365511156,0.06038568065693059
ant-ivy,oracle,314,0.995,0.25,0.23142880314214623,0.6416753648506588,0.06038568065693059
ant-ivy,oracle,314,0.999,0.0,0.17971803373539133,0.5979066148676327,0.19441558579409673
ant-ivy,oracle,314,0.999,0.05,0.19303797815402512,0.6101205512870532,0.19441558579409673
ant-ivy,oracle,314,0.999,0.1,0.20234639172215366,0.6164930606429259,0.19441558579409673
ant-ivy,oracle,314,0.999,0.25,0.22232724468670156,0.6308465741849788,0.19441558579409673
ant-ivy,oracle,999,0.9,0.0,0.1836101138322329,0.5663150479262744,-0.04873986644167458
ant-ivy,oracle,999,0.9,0.05,0.19616227695279836,0.5784746932103266,-0.04873986644167458
ant-ivy,oracle,999,0.9,0.1,0.19660306337288924,0.5793305334756754,-0.04873986644167458
ant-ivy,oracle,999,0.9,0.25,0.22150568755519368,0.5984866322879556,-0.04873986644167458
ant-ivy,oracle,999,0.95,0.0,0.18068109636437812,0.5808235879088064,-0.07985610779898734
ant-ivy,oracle,999,0.95,0.05,0.19353931607774033,0.5925307373608834,-0.07985610779898734
ant-ivy,oracle,999,0.95,0.1,0.19549625997478962,0.5942728589954617,-0.07985610779898734
ant-ivy,oracle,999,0.95,0.25,0.2172901780246156,0.6099018014908821,-0.07985610779898734
ant-ivy,oracle,999,0.99,0.0,0.18346031426600512,0.6046728537494767,-0.007840523339411596
ant-ivy,oracle,999,0.99,0.05,0.19665610494640834,0.6171505614289378,-0.007840523339411596
ant-ivy,oracle,999,0.99,0.1,0.2034725143109042,0.6226038992439686,-0.007840523339411596
ant-ivy,oracle,999,0.99,0.25,0.2193348669926536,0.6346360119851285,-0.007840523339411596
ant-ivy,oracle,999,0.995,0.0,0.1849876768040612,0.6063122254248235,0.06330167594007559
ant-ivy,oracle,999,0.995,0.05,0.1983449790320903,0.6188811152721984,0.06330167594007559
ant-ivy,oracle,999,0.995,0.1,0.20618439807841019,0.6250543656966933,0.06330167594007559
ant-ivy,oracle,999,0.995,0.25,0.22231731177810593,0.637643065308057,0.06330167594007559
ant-ivy,oracle,999,0.999,0.0,0.17957040661915927,0.5986572217235453,0.1804516296114661
ant-ivy,oracle,999,0.999,0.05,0.19272682474578634,0.6108390963493674,0.1804516296114661
ant-ivy,oracle,999,0.999,0.1,0.20101326627828903,0.617109043710705,0.1804516296114661
ant-ivy,oracle,999,0.999,0.25,0.21760252248424455,0.6296939440930898,0.1804516296114661
ant-ivy,BSZZ,7,0.9,0.0,0.15049169958293537,0.5309640124778108,-0.011877316149593465
ant-ivy,BSZZ,7,0.9,0.05,0.16574120725694666,0.5447199244556298,-0.011877316149593465
ant-ivy,BSZZ,7,0.9,0.1,0.17853092224144568,0.5522081501732032,-0.011877316149593465
ant-ivy,BSZZ,7,0.9,0.25,0.19002161463622627,0.5675965277657196,-0.011877316149593465
ant-ivy,BSZZ,7,0.95,0.0,0.1528649309702974,0.5545421161868053,-0.004057994099827818
ant-ivy,BSZZ,7,0.95,0.05,0.16880577958262125,0.568487824124312,-0.004057994099827818
ant-ivy,BSZZ,7,0.95,0.1,0.18413171752541974,0.5770562458217058,-0.004057994099827818
ant-ivy,BSZZ,7,0.95,0.25,0.19509330276418274,0.5912680773384189,-0.004057994099827818
ant-ivy,BSZZ,7,0.99,0.0,0.15261081444690988,0.577088136745475,0.004349781924136379
ant-ivy,BSZZ,7,0.99,0.05,0.1682884486299355,0.5914492721841303,0.004349781924136379
ant-ivy,BSZZ,7,0.99,0.1,0.1870952480531671,0.6026400475100157,0.004349781924136379
ant-ivy,BSZZ,7,0.99,0.25,0.20833019822132526,0.621053860037386,0.004349781924136379
ant-ivy,BSZZ,7,0.995,0.0,0.1503018149871143,0.5769326705479703,0.044519311255234686
ant-ivy,BSZZ,7,0.995,0.05,0.16581167238805666,0.5911863491752314,0.044519311255234686
ant-ivy,BSZZ,7,0.995,0.1,0.18474569374366778,0.6026877227376757,0.044519311255234686
ant-ivy,BSZZ,7,0.995,0.25,0.21327513870399262,0.6249828727492764,0.044519311255234686
ant-ivy,BSZZ,7,0.999,0.0,0.12921408399233822,0.5578784642275952,0.16740430640104118
ant-ivy,BSZZ,7,0.999,0.05,0.1435859723393146,0.5710508596396277,0.16740430640104118
ant-ivy,BSZZ,7,0.999,0.1,0.1613992245994798,0.5817038240598991,0.16740430640104118
ant-ivy,BSZZ,7,0.999,0.25,0.19388388700939094,0.6045658629327594,0.16740430640104118
ant-ivy,BSZZ,13,0.9,0.0,0.15874711634597372,0.5310285936102266,-0.0005616286459242488
ant-ivy,BSZZ,13,0.9,0.05,0.17412283474091517,0.5444919847353733,-0.0005616286459242488
ant-ivy,BSZZ,13,0.9,0.1,0.19030602308294645,0.5528286309213535,-0.0005616286459242488
ant-ivy,BSZZ,13,0.9,0.25,0.19946366512123775,0.5656547611974461,-0.0005616286459242488
ant-ivy,BSZZ,13,0.95,0.0,0.16305386432637672,0.5586976162646503,0.0071068558086583335
ant-ivy,BSZZ,13,0.95,0.05,0.1789990051269203,0.5724328075943971,0.0071068558086583335
ant-ivy,BSZZ,13,0.95,0.1,0.19780541422699927,0.5823305139533934,0.0071068558086583335
ant-ivy,BSZZ,13,0.95,0.25,0.20840797933723454,0.5956532045087548,0.0071068558086583335
ant-ivy,BSZZ,13,0.99,0.0,0.1623206166077603,0.5834613296696375,-0.0024288606600655132
ant-ivy,BSZZ,13,0.99,0.05,0.1779397554845214,0.5977033347008273,-0.0024288606600655132
ant-ivy,BSZZ,13,0.99,0.1,0.19889087339428976,0.6097571878772501,-0.0024288606600655132
ant-ivy,BSZZ,13,0.99,0.25,0.2260671393110787,0.6305235530122463,-0.0024288606600655132
ant-ivy,BSZZ,13,0.995,0.0,0.15754637496528281,0.5821525644165627,0.045427542828709616
ant-ivy,BSZZ,13,0.995,0.05,0.17288254649208032,0.5962378701223117,0.045427542828709616
ant-ivy,BSZZ,13,0.995,0.1,0.19347642132592194,0.6083553927120817,0.045427542828709616
ant-ivy,BSZZ,13,0.995,0.25,0.22892664678445954,0.6334501775828402,0.045427542828709616
ant-ivy,BSZZ,13,0.999,0.0,0.12907772139419824,0.5594698004596701,0.1747660393421906
ant-ivy,BSZZ,13,0.999,0.05,0.14290445687740072,0.5722958330977757,0.1747660393421906
ant-ivy,BSZZ,13,0.999,0.1,0.16166328114254186,0.5832050862752602,0.1747660393421906
ant-ivy,BSZZ,13,0.999,0.25,0.20012961264510984,0.6083398399040233,0.1747660393421906
ant-ivy,BSZZ,21,0.9,0.0,0.13103403645290643,0.5184255646890908,-0.009859542734890488
ant-ivy,BSZZ,21,0.9,0.05,0.14496070491879862,0.5312299739098645,-0.009859542734890488
ant-ivy,BSZZ,21,0.9,0.1,0.15650806318268096,0.538367376058185,-0.009859542734890488
ant-ivy,BSZZ,21,0.9,0.25,0.16552277935969187,0.5448108056545148,-0.009859542734890488
ant-ivy,BSZZ,21,0.95,0.0,0.13229085088570453,0.5441631444206623,0.0012906110326683265
ant-ivy,BSZZ,21,0.95,0.05,0.1466274681076509,0.5571383633664097,0.0012906110326683265
ant-ivy,BSZZ,21,0.95,0.1,0.16091583825579187,0.5653867063483974,0.0012906110326683265
ant-ivy,BSZZ,21,0.95,0.25,0.170978126083465,0.574070070555371,0.0012906110326683265
ant-ivy,BSZZ,21,0.99,0.0,0.12978377885440562,0.5646988059055583,-0.0045388178085104414
ant-ivy,BSZZ,21,0.99,0.05,0.1437016451688998,0.577959763942548,-0.0045388178085104414
ant-ivy,BSZZ,21,0.99,0.1,0.1610395674490444,0.5883586952115842,-0.0045388178085104414
ant-ivy,BSZZ,21,0.99,0.25,0.18056548913650725,0.6038551396387296,-0.0045388178085104414
ant-ivy,BSZZ,21,0.995,0.0,0.12798855840102535,0.5652585596461109,0.027557636434608183
ant-ivy,BSZZ,21,0.995,0.05,0.14177922317936498,0.5784605186971957,0.027557636434608183
ant-ivy,BSZZ,21,0.995,0.1,0.15918561546953555,0.5891426264137144,0.027557636434608183
ant-ivy,BSZZ,21,0.995,0.25,0.18519082443825874,0.6089018847270503,0.027557636434608183
ant-ivy,BSZZ,21,0.999,0.0,0.1109020986018318,0.5502155037111656,0.1378916759519991
ant-ivy,BSZZ,21,0.999,0.05,0.12377847472334197,0.5625576515519637,0.1378916759519991
ant-ivy,BSZZ,21,0.999,0.1,0.14022770528808665,0.5725713030381713,0.1378916759519991
ant-ivy,BSZZ,21,0.999,0.25,0.17021078689087274,0.5938455079574589,0.1378916759519991
ant-ivy,BSZZ,42,0.9,0.0,0.1537948336991406,0.5341214477236828,-0.01913405539736285
ant-ivy,BSZZ,42,0.9,0.05,0.16969441270657357,0.5482887896056526,-0.01913405539736285
ant-ivy,BSZZ,42,0.9,0.1,0.1826358731674815,0.5563851456811186,-0.01913405539736285
ant-ivy,BSZZ,42,0.9,0.25,0.1937359005683428,0.5750968068898845,-0.01913405539736285
ant-ivy,BSZZ,42,0.95,0.0,0.15495447533340273,0.557516650330857,-0.003978455625577279
ant-ivy,BSZZ,42,0.95,0.05,0.17127727000788498,0.5717907322068474,-0.003978455625577279
ant-ivy,BSZZ,42,0.95,0.1,0.1870566622823182,0.5809197597921957,-0.003978455625577279
ant-ivy,BSZZ,42,0.95,0.25,0.1980812203843725,0.5982003266276199,-0.003978455625577279
ant-ivy,BSZZ,42,0.99,0.0,0.1507683063186034,0.5767410763621454,-0.0047865700252412635
ant-ivy,BSZZ,42,0.99,0.05,0.1664781289337837,0.5911798391390389,-0.0047865700252412635
ant-ivy,BSZZ,42,0.99,0.1,0.1856069529018099,0.6026547580190743,-0.0047865700252412635
ant-ivy,BSZZ,42,0.99,0.25,0.20920728256520166,0.6240610476166965,-0.0047865700252412635
ant-ivy,BSZZ,42,0.995,0.0,0.14524941517678452,0.5737874518301415,0.045505488585348274
ant-ivy,BSZZ,42,0.995,0.05,0.16060789457757527,0.5879619100183308,0.045505488585348274
ant-ivy,BSZZ,42,0.995,0.1,0.17966057391028542,0.5995708968501609,0.045505488585348274
ant-ivy,BSZZ,42,0.995,0.25,0.21046802305850182,0.6242378036665109,0.045505488585348274
ant-ivy,BSZZ,42,0.999,0.0,0.12029801365147191,0.551915523328742,0.1608328771424873
ant-ivy,BSZZ,42,0.999,0.05,0.13430445272268637,0.5648529704481104,0.1608328771424873
ant-ivy,BSZZ,42,0.999,0.1,0.15199371207121895,0.5754377985451126,0.1608328771424873
ant-ivy,BSZZ,42,0.999,0.25,0.18612459570081719,0.599879317805098,0.1608328771424873
ant-ivy,BSZZ,77,0.9,0.0,0.16978583169862954,0.5546096045441775,-0.01393724639958736
ant-ivy,BSZZ,77,0.9,0.05,0.18503795832026995,0.5688394932148231,-0.01393724639958736
ant-ivy,BSZZ,77,0.9,0.1,0.19880682901657798,0.5780688050100834,-0.01393724639958736
ant-ivy,BSZZ,77,0.9,0.25,0.20539374854633938,0.5930755045794971,-0.01393724639958736
ant-ivy,BSZZ,77,0.95,0.0,0.1679717379869244,0.56971368096363,-0.003082157037057457
ant-ivy,BSZZ,77,0.95,0.05,0.1834748117951327,0.5835058690252044,-0.003082157037057457
ant-ivy,BSZZ,77,0.95,0.1,0.1996938557792632,0.5931575320076518,-0.003082157037057457
ant-ivy,BSZZ,77,0.95,0.25,0.20624410014037878,0.6067208640487823,-0.003082157037057457
ant-ivy,BSZZ,77,0.99,0.0,0.15676102994231786,0.5796825526226526,-0.0033220959610051853
ant-ivy,BSZZ,77,0.99,0.05,0.1714910910612604,0.5932533120586686,-0.0033220959610051853
ant-ivy,BSZZ,77,0.99,0.1,0.1898586264739422,0.6041674458742757,-0.0033220959610051853
ant-ivy,BSZZ,77,0.99,0.25,0.20839795327879776,0.6218986757814414,-0.0033220959610051853
ant-ivy,BSZZ,77,0.995,0.0,0.15362681507580037,0.5789753338307746,0.03538080100698485
ant-ivy,BSZZ,77,0.995,0.05,0.16818540446115443,0.5924396924733313,0.03538080100698485
ant-ivy,BSZZ,77,0.995,0.1,0.18647549860221554,0.6035098179215707,0.03538080100698485
ant-ivy,BSZZ,77,0.995,0.25,0.2131416406036408,0.6254956782565037,0.03538080100698485
ant-ivy,BSZZ,77,0.999,0.0,0.13657461804379536,0.5631002589207864,0.16078637461491224
ant-ivy,BSZZ,77,0.999,0.05,0.15024376314152862,0.5756788846601733,0.16078637461491224
ant-ivy,BSZZ,77,0.999,0.1,0.1675297076681153,0.585990782669897,0.16078637461491224
ant-ivy,BSZZ,77,0.999,0.25,0.19962625069513149,0.609399448965633,0.16078637461491224
ant-ivy,BSZZ,101,0.9,0.0,0.16080783685309305,0.5449699212971306,-0.019918639887978585
ant-ivy,BSZZ,101,0.9,0.05,0.17722971509894098,0.5598563196585633,-0.019918639887978585
ant-ivy,BSZZ,101,0.9,0.1,0.19068653575724512,0.5684368107579595,-0.019918639887978585
ant-ivy,BSZZ,101,0.9,0.25,0.20657850745500655,0.5827607184326495,-0.019918639887978585
ant-ivy,BSZZ,101,0.95,0.0,0.16013757679248386,0.5651561790879855,-0.02382166996626649
ant-ivy,BSZZ,101,0.95,0.05,0.17659956116073064,0.5795864765127866,-0.02382166996626649
ant-ivy,BSZZ,101,0.95,0.1,0.19251312648275698,0.5887371226004872,-0.02382166996626649
ant-ivy,BSZZ,101,0.95,0.25,0.21073209005806998,0.6038079176957921,-0.02382166996626649
ant-ivy,BSZZ,101,0.99,0.0,0.154558523739131,0.5821646731807758,-0.011072141317866243
ant-ivy,BSZZ,101,0.99,0.05,0.17006721959613041,0.5964147989028096,-0.011072141317866243
ant-ivy,BSZZ,101,0.99,0.1,0.1886324442371736,0.6071931851523148,-0.011072141317866243
ant-ivy,BSZZ,101,0.99,0.25,0.21820315953579078,0.6277004956142491,-0.011072141317866243
ant-ivy,BSZZ,101,0.995,0.0,0.1505152818831417,0.5810440940636408,0.03505380289375153
ant-ivy,BSZZ,101,0.995,0.05,0.16573395450078024,0.5951263312061208,0.03505380289375153
ant-ivy,BSZZ,101,0.995,0.1,0.18423324666650753,0.6060571064391326,0.03505380289375153
ant-ivy,BSZZ,101,0.995,0.25,0.2197035487784746,0.6301125096507786,0.03505380289375153
ant-ivy,BSZZ,101,0.999,0.0,0.12777168469718964,0.5626802720532352,0.15681143131108125
ant-ivy,BSZZ,101,0.999,0.05,0.14174633947590012,0.5757153541281531,0.15681143131108125
ant-ivy,BSZZ,101,0.999,0.1,0.1589603879124046,0.5857660272467363,0.15681143131108125
ant-ivy,BSZZ,101,0.999,0.25,0.1966333064702253,0.610080647539664,0.15681143131108125
ant-ivy,BSZZ,123,0.9,0.0,0.14314372757418664,0.5207582850893168,-0.019167752640714887
ant-ivy,BSZZ,123,0.9,0.05,0.15768453529834717,0.5337982922088496,-0.019167752640714887
ant-ivy,BSZZ,123,0.9,0.1,0.1576860561125603,0.5345946416276169,-0.019167752640714887
ant-ivy,BSZZ,123,0.9,0.25,0.16822001860993602,0.5497662836944027,-0.019167752640714887
ant-ivy,BSZZ,123,0.95,0.0,0.14644635654822025,0.5481232376427542,-0.020876489330558176
ant-ivy,BSZZ,123,0.95,0.05,0.1618536739172178,0.5616654490267105,-0.020876489330558176
ant-ivy,BSZZ,123,0.95,0.1,0.16270187809863154,0.562886869713762,-0.020876489330558176
ant-ivy,BSZZ,123,0.95,0.25,0.17353533158357934,0.577675804332061,-0.020876489330558176
ant-ivy,BSZZ,123,0.99,0.0,0.15162274079823987,0.5734779736333284,-0.005915107629340646
ant-ivy,BSZZ,123,0.99,0.05,0.16718550265146223,0.5876640278415466,-0.005915107629340646
ant-ivy,BSZZ,123,0.99,0.1,0.1725889303109938,0.5925755261579376,-0.005915107629340646
ant-ivy,BSZZ,123,0.99,0.25,0.1859609015955915,0.6081520179651545,-0.005915107629340646
ant-ivy,BSZZ,123,0.995,0.0,0.15266394787499815,0.5744110958845284,0.03700049255691508
ant-ivy,BSZZ,123,0.995,0.05,0.16824836878228536,0.5885509036869039,0.03700049255691508
ant-ivy,BSZZ,123,0.995,0.1,0.17496349170483635,0.5943968143938003,0.03700049255691508
ant-ivy,BSZZ,123,0.995,0.25,0.19150795135552479,0.6118508052729831,0.03700049255691508
ant-ivy,BSZZ,123,0.999,0.0,0.14534621449788945,0.562400662859234,0.14865793395266985
ant-ivy,BSZZ,123,0.999,0.05,0.16052287193086376,0.5758296016640816,0.14865793395266985
ant-ivy,BSZZ,123,0.999,0.1,0.16791831490126316,0.5817736525844586,0.14865793395266985
ant-ivy,BSZZ,123,0.999,0.25,0.186819222953066,0.5992179876903323,0.14865793395266985
ant-ivy,BSZZ,202,0.9,0.0,0.1634880613052802,0.5369917714684672,0.0012401912674235042
ant-ivy,BSZZ,202,0.9,0.05,0.17860928768977363,0.5506202338230276,0.0012401912674235042
ant-ivy,BSZZ,202,0.9,0.1,0.18043456854429452,0.5522438461580624,0.0012401912674235042
ant-ivy,BSZZ,202,0.9,0.25,0.1908001223156174,0.5621175145061277,0.0012401912674235042
ant-ivy,BSZZ,202,0.95,0.0,0.16597558474035184,0.5616786221804386,0.011038886297764299
ant-ivy,BSZZ,202,0.95,0.05,0.18213481586818306,0.5757499946952266,0.011038886297764299
ant-ivy,BSZZ,202,0.95,0.1,0.1843979743169666,0.5778490302911643,0.011038886297764299
ant-ivy,BSZZ,202,0.95,0.25,0.19488206484168843,0.5878469579186725,0.011038886297764299
ant-ivy,BSZZ,202,0.99,0.0,0.16911124349893575,0.5863518793422662,-0.004435842765415123
ant-ivy,BSZZ,202,0.99,0.05,0.1854625937034369,0.6011143600750697,-0.004435842765415123
ant-ivy,BSZZ,202,0.99,0.1,0.19206690640684104,0.6067604471713369,-0.004435842765415123
ant-ivy,BSZZ,202,0.99,0.25,0.20556074391786366,0.6192809524899205,-0.004435842765415123
ant-ivy,BSZZ,202,0.995,0.0,0.16983151585386302,0.5871946283872375,0.04363086124106984
ant-ivy,BSZZ,202,0.995,0.05,0.18620296483434648,0.6019170290979468,0.04363086124106984
ant-ivy,BSZZ,202,0.995,0.1,0.19404777253778932,0.6084510092820873,0.04363086124106984
ant-ivy,BSZZ,202,0.995,0.25,0.2109412925862223,0.6236699192779729,0.04363086124106984
ant-ivy,BSZZ,202,0.999,0.0,0.1596192105827456,0.5740183355398512,0.16666970470144277
ant-ivy,BSZZ,202,0.999,0.05,0.17544320078690978,0.587977512309127,0.16666970470144277
ant-ivy,BSZZ,202,0.999,0.1,0.18374966333299836,0.5945077838258622,0.16666970470144277
ant-ivy,BSZZ,202,0.999,0.25,0.2028332895475964,0.6104298090344036,0.16666970470144277
ant-ivy,BSZZ,314,0.9,0.0,0.16626906234097127,0.5494906338203224,-8.360035959387845e-05
ant-ivy,BSZZ,314,0.9,0.05,0.18358146899449804,0.565008714004329,-8.360035959387845e-05
ant-ivy,BSZZ,314,0.9,0.1,0.19672486584502197,0.5737601870967818,-8.360035959387845e-05
ant-ivy,BSZZ,314,0.9,0.25,0.20927284536651533,0.5896525140161902,-8.360035959387845e-05
ant-ivy,BSZZ,314,0.95,0.0,0.16498619934125625,0.5682051699347976,0.00721611960367743
ant-ivy,BSZZ,314,0.95,0.05,0.18265670089562314,0.5836572845846479,0.00721611960367743
ant-ivy,BSZZ,314,0.95,0.1,0.19847231150319647,0.5931240729643011,0.00721611960367743
ant-ivy,BSZZ,314,0.95,0.25,0.210765726687804,0.6083418024955896,0.00721611960367743
ant-ivy,BSZZ,314,0.99,0.0,0.1612195665372854,0.5853944176196879,-0.004120169478692969
ant-ivy,BSZZ,314,0.99,0.05,0.17820003142158755,0.6008537651100122,-0.004120169478692969
ant-ivy,BSZZ,314,0.99,0.1,0.19775742083962075,0.6127216968643153,-0.004120169478692969
ant-ivy,BSZZ,314,0.99,0.25,0.2224140901170165,0.6339680170216105,-0.004120169478692969
ant-ivy,BSZZ,314,0.995,0.0,0.1566474137410042,0.5829217812079726,0.048690822252375546
ant-ivy,BSZZ,314,0.995,0.05,0.17329603881120925,0.5981202596978095,0.048690822252375546
ant-ivy,BSZZ,314,0.995,0.1,0.1929390149470744,0.6102176575721667,0.048690822252375546
ant-ivy,BSZZ,314,0.995,0.25,0.2252694728675838,0.6354878459831931,0.048690822252375546
ant-ivy,BSZZ,314,0.999,0.0,0.12926245414441906,0.5595126737121945,0.1750548548532952
ant-ivy,BSZZ,314,0.999,0.05,0.1444047208389523,0.5733735375975776,0.1750548548532952
ant-ivy,BSZZ,314,0.999,0.1,0.16263377874063953,0.5844176938421596,0.1750548548532952
ant-ivy,BSZZ,314,0.999,0.25,0.19810093803707027,0.6096825333170748,0.1750548548532952
ant-ivy,BSZZ,999,0.9,0.0,0.15037807726970465,0.5373326909619467,-0.000547513212733061
ant-ivy,BSZZ,999,0.9,0.05,0.16403051710634214,0.5504371963725312,-0.000547513212733061
ant-ivy,BSZZ,999,0.9,0.1,0.1673270217879809,0.5532398116097865,-0.000547513212733061
ant-ivy,BSZZ,999,0.9,0.25,0.17768431144074107,0.5712990843049492,-0.000547513212733061
ant-ivy,BSZZ,999,0.95,0.0,0.15320038242041742,0.5608268781613424,0.005950059060678764
ant-ivy,BSZZ,999,0.95,0.05,0.16789356826459206,0.5742543605818957,0.005950059060678764
ant-ivy,BSZZ,999,0.95,0.1,0.17115977316038508,0.5769519954873816,0.005950059060678764
ant-ivy,BSZZ,999,0.95,0.25,0.18208392242498575,0.5929630469339875,0.005950059060678764
ant-ivy,BSZZ,999,0.99,0.0,0.1510225947405722,0.5771181716084526,-0.0009105392406168583
ant-ivy,BSZZ,999,0.99,0.05,0.1657395620474625,0.5908521313168786,-0.0009105392406168583
ant-ivy,BSZZ,999,0.99,0.1,0.1716444750685545,0.5958811774887371,-0.0009105392406168583
ant-ivy,BSZZ,999,0.99,0.25,0.18745915923380302,0.6115892381247031,-0.0009105392406168583
ant-ivy,BSZZ,999,0.995,0.0,0.15087591218357665,0.5772108528199876,0.037258994204073144
ant-ivy,BSZZ,999,0.995,0.05,0.16559677792554092,0.5908871033924211,0.037258994204073144
ant-ivy,BSZZ,999,0.995,0.1,0.17245592223947398,0.5966383051109412,0.037258994204073144
ant-ivy,BSZZ,999,0.995,0.25,0.19182787749317418,0.6143205669254629,0.037258994204073144
ant-ivy,BSZZ,999,0.999,0.0,0.14377029674557623,0.5664318548967028,0.15074426086208526
ant-ivy,BSZZ,999,0.999,0.05,0.15813227331911237,0.5794902974871766,0.15074426086208526
ant-ivy,BSZZ,999,0.999,0.1,0.16545613996371006,0.5852858585397138,0.15074426086208526
ant-ivy,BSZZ,999,0.999,0.25,0.18721942132957217,0.6032429320067694,0.15074426086208526
ant-ivy,AGSZZ,7,0.9,0.0,0.12041063516318302,0.5155235879660007,-0.025766661261788983
ant-ivy,AGSZZ,7,0.9,0.05,0.13154208456634145,0.5264028911997197,-0.025766661261788983
ant-ivy,AGSZZ,7,0.9,0.1,0.1447075201130411,0.5341872371301155,-0.025766661261788983
ant-ivy,AGSZZ,7,0.9,0.25,0.1598033172422963,0.5502815460716819,-0.025766661261788983
ant-ivy,AGSZZ,7,0.95,0.0,0.1207394380019139,0.5377524034212958,-0.06056182731420938
ant-ivy,AGSZZ,7,0.95,0.05,0.13220056745668926,0.5486037511157764,-0.06056182731420938
ant-ivy,AGSZZ,7,0.95,0.1,0.1472698762113607,0.5568912752507714,-0.06056182731420938
ant-ivy,AGSZZ,7,0.95,0.25,0.16345903078172158,0.5712337360474662,-0.06056182731420938
ant-ivy,AGSZZ,7,0.99,0.0,0.12379190207545823,0.5681063902852005,-0.028106904169550813
ant-ivy,AGSZZ,7,0.99,0.05,0.13542704278468973,0.5799572841150807,-0.028106904169550813
ant-ivy,AGSZZ,7,0.99,0.1,0.1516022950389322,0.5898127128267905,-0.028106904169550813
ant-ivy,AGSZZ,7,0.99,0.25,0.1759154238505598,0.607525667363066,-0.028106904169550813
ant-ivy,AGSZZ,7,0.995,0.0,0.11848007742845894,0.5662230224044211,0.04385418948358218
ant-ivy,AGSZZ,7,0.995,0.05,0.12987716137921007,0.5779448421487016,0.04385418948358218
ant-ivy,AGSZZ,7,0.995,0.1,0.14553563420866625,0.5877077849703769,0.04385418948358218
ant-ivy,AGSZZ,7,0.995,0.25,0.17331311342360978,0.6075223929184881,0.04385418948358218
ant-ivy,AGSZZ,7,0.999,0.0,0.09027216917979211,0.5446677167020689,0.13485043611518202
ant-ivy,AGSZZ,7,0.999,0.05,0.10023856346445878,0.5552420233544829,0.13485043611518202
ant-ivy,AGSZZ,7,0.999,0.1,0.11400222627062015,0.5637710441054937,0.13485043611518202
ant-ivy,AGSZZ,7,0.999,0.25,0.14094709273958417,0.5822972097928605,0.13485043611518202
ant-ivy,AGSZZ,13,0.9,0.0,0.08676749085796887,0.4844979230272749,-0.02995157121416983
ant-ivy,AGSZZ,13,0.9,0.05,0.09702672055542866,0.49428756938999757,-0.02995157121416983
ant-ivy,AGSZZ,13,0.9,0.1,0.1093592886877492,0.5001329890374303,-0.02995157121416983
ant-ivy,AGSZZ,13,0.9,0.25,0.12759536282193584,0.5160182054685614,-0.02995157121416983
ant-ivy,AGSZZ,13,0.95,0.0,0.08655070751456796,0.5082239812565003,-0.07170571985528235
ant-ivy,AGSZZ,13,0.95,0.05,0.09696995778909913,0.5180632822275512,-0.07170571985528235
ant-ivy,AGSZZ,13,0.95,0.1,0.11112001495955554,0.5248007925762759,-0.07170571985528235
ant-ivy,AGSZZ,13,0.95,0.25,0.1298390005674345,0.5390968549418022,-0.07170571985528235
ant-ivy,AGSZZ,13,0.99,0.0,0.08991392921000585,0.543385702425737,-0.05559455946173617
ant-ivy,AGSZZ,13,0.99,0.05,0.10034632509607594,0.5543938794610943,-0.05559455946173617
ant-ivy,AGSZZ,13,0.99,0.1,0.11580904926393538,0.5633574896526615,-0.05559455946173617
ant-ivy,AGSZZ,13,0.99,0.25,0.1420804655586293,0.5809126906182939,-0.05559455946173617
ant-ivy,AGSZZ,13,0.995,0.0,0.08729440224122591,0.5450447238535521,0.0069474949249463454
ant-ivy,AGSZZ,13,0.995,0.05,0.09759964673100968,0.5560879136857225,0.0069474949249463454
ant-ivy,AGSZZ,13,0.995,0.1,0.11268811837905571,0.5651925002235222,0.0069474949249463454
ant-ivy,AGSZZ,13,0.995,0.25,0.14249089879879667,0.5851719594346277,0.0069474949249463454
ant-ivy,AGSZZ,13,0.999,0.0,0.06360018403557584,0.5277993585529552,0.10703377553756224
ant-ivy,AGSZZ,13,0.999,0.05,0.0726854864087288,0.5379015390838471,0.10703377553756224
ant-ivy,AGSZZ,13,0.999,0.1,0.08611671426582138,0.5460386650196658,0.10703377553756224
ant-ivy,AGSZZ,13,0.999,0.25,0.1151979739458267,0.5650111066643915,0.10703377553756224
ant-ivy,AGSZZ,21,0.9,0.0,0.10551525887505142,0.4902211080319076,-0.02728384768165628
ant-ivy,AGSZZ,21,0.9,0.05,0.11652247414273971,0.50018719701561,-0.02728384768165628
ant-ivy,AGSZZ,21,0.9,0.1,0.12718194061559968,0.5061359901969644,-0.02728384768165628
ant-ivy,AGSZZ,21,0.9,0.25,0.13550514754260967,0.5106772581669287,-0.02728384768165628
ant-ivy,AGSZZ,21,0.95,0.0,0.10351204749107928,0.5134803150837631,-0.06495537599759041
ant-ivy,AGSZZ,21,0.95,0.05,0.1146910497912147,0.523515091480194,-0.06495537599759041
ant-ivy,AGSZZ,21,0.95,0.1,0.12743609570661266,0.5301249850496391,-0.06495537599759041
ant-ivy,AGSZZ,21,0.95,0.25,0.1372253140280592,0.5358062679841485,-0.06495537599759041
ant-ivy,AGSZZ,21,0.99,0.0,0.10715822317982542,0.5519839066052351,-0.06982081289266856
ant-ivy,AGSZZ,21,0.99,0.05,0.11843854133286967,0.5634019048637091,-0.06982081289266856
ant-ivy,AGSZZ,21,0.99,0.1,0.13352087641176058,0.5724483120711843,-0.06982081289266856
ant-ivy,AGSZZ,21,0.99,0.25,0.15284997717396323,0.5860787277672128,-0.06982081289266856
ant-ivy,AGSZZ,21,0.995,0.0,0.10660543207443303,0.5556180479901831,-0.0067863803494857084
ant-ivy,AGSZZ,21,0.995,0.05,0.11787396272289505,0.5671791402872257,-0.0067863803494857084
ant-ivy,AGSZZ,21,0.995,0.1,0.13290811927876123,0.5765464978008072,-0.0067863803494857084
ant-ivy,AGSZZ,21,0.995,0.25,0.15713184319237009,0.5939358527033739,-0.0067863803494857084
ant-ivy,AGSZZ,21,0.999,0.0,0.08872874203059661,0.5422619711593138,0.11469343565287038
ant-ivy,AGSZZ,21,0.999,0.05,0.09908695121630093,0.5530891460643492,0.11469343565287038
ant-ivy,AGSZZ,21,0.999,0.1,0.11297393767073417,0.561774705831965,0.11469343565287038
ant-ivy,AGSZZ,21,0.999,0.25,0.13894869676153737,0.5799648825785997,0.11469343565287038
ant-ivy,AGSZZ,42,0.9,0.0,0.08197601115344302,0.48979710503525786,-0.02467849755210408
ant-ivy,AGSZZ,42,0.9,0.05,0.0910978070136085,0.49933123269089885,-0.02467849755210408
ant-ivy,AGSZZ,42,0.9,0.1,0.09785605380766778,0.503594220386214,-0.02467849755210408
ant-ivy,AGSZZ,42,0.9,0.25,0.09559505778259098,0.505035619703571,-0.02467849755210408
ant-ivy,AGSZZ,42,0.95,0.0,0.07836895191347032,0.5105485077993345,-0.060300023116596276
ant-ivy,AGSZZ,42,0.95,0.05,0.08761463111525518,0.5199774295789412,-0.060300023116596276
ant-ivy,AGSZZ,42,0.95,0.1,0.09661754197515658,0.5249330729714582,-0.060300023116596276
ant-ivy,AGSZZ,42,0.95,0.25,0.0935374381823667,0.5261130328492931,-0.060300023116596276
ant-ivy,AGSZZ,42,0.99,0.0,0.08229977635551358,0.5408219145847873,-0.05970737351400557
ant-ivy,AGSZZ,42,0.99,0.05,0.09176539415128393,0.5512461691623585,-0.05970737351400557
ant-ivy,AGSZZ,42,0.99,0.1,0.10364365573123725,0.5584972937052539,-0.05970737351400557
ant-ivy,AGSZZ,42,0.99,0.25,0.1089330123897324,0.5649934732438554,-0.05970737351400557
ant-ivy,AGSZZ,42,0.995,0.0,0.0812195132676288,0.5416054512159668,-0.001012982843752779
ant-ivy,AGSZZ,42,0.995,0.05,0.09066833242565675,0.5520400776954915,-0.001012982843752779
ant-ivy,AGSZZ,42,0.995,0.1,0.10257937386798913,0.5595008523861655,-0.001012982843752779
ant-ivy,AGSZZ,42,0.995,0.25,0.11325639011832517,0.5694325079200702,-0.001012982843752779
ant-ivy,AGSZZ,42,0.999,0.0,0.07113483250602662,0.531903942767111,0.08508963946600147
ant-ivy,AGSZZ,42,0.999,0.05,0.0801005817358559,0.5418108625471089,0.08508963946600147
ant-ivy,AGSZZ,42,0.999,0.1,0.09141759552056612,0.5488509506607687,0.08508963946600147
ant-ivy,AGSZZ,42,0.999,0.25,0.10637215943133656,0.560757753759365,0.08508963946600147
ant-ivy,AGSZZ,77,0.9,0.0,0.1295493888492462,0.5272282917375865,-0.031388464563416055
ant-ivy,AGSZZ,77,0.9,0.05,0.14177664375951354,0.5392954944311106,-0.031388464563416055
ant-ivy,AGSZZ,77,0.9,0.1,0.14114281480351343,0.5390600129804666,-0.031388464563416055
ant-ivy,AGSZZ,77,0.9,0.25,0.1586305882796281,0.5526403125154017,-0.031388464563416055
ant-ivy,AGSZZ,77,0.95,0.0,0.1323363930059457,0.5488699611052628,-0.0672867705456325
ant-ivy,AGSZZ,77,0.95,0.05,0.14514186327793138,0.5608146848870519,-0.0672867705456325
ant-ivy,AGSZZ,77,0.95,0.1,0.14501920485563433,0.5611322147167439,-0.0672867705456325
ant-ivy,AGSZZ,77,0.95,0.25,0.16559635091356578,0.5764201717042656,-0.0672867705456325
ant-ivy,AGSZZ,77,0.99,0.0,0.13991829852033325,0.5782365583591104,-0.007777628591498526
ant-ivy,AGSZZ,77,0.99,0.05,0.15298639745866788,0.5910008639079828,-0.007777628591498526
ant-ivy,AGSZZ,77,0.99,0.1,0.1571048241819998,0.5948704887799338,-0.007777628591498526
ant-ivy,AGSZZ,77,0.99,0.25,0.1774527742758756,0.6106462327565483,-0.007777628591498526
ant-ivy,AGSZZ,77,0.995,0.0,0.13945378430051747,0.5780616857578245,0.0593378482092869
ant-ivy,AGSZZ,77,0.995,0.05,0.15250338132489885,0.5907665941055105,0.0593378482092869
ant-ivy,AGSZZ,77,0.995,0.1,0.15768124175047615,0.5953724849237617,0.0593378482092869
ant-ivy,AGSZZ,77,0.995,0.25,0.1773570681466582,0.6110118777532656,0.0593378482092869
ant-ivy,AGSZZ,77,0.999,0.0,0.12287613043142527,0.5619337777301083,0.15494343376170097
ant-ivy,AGSZZ,77,0.999,0.05,0.1350744865126048,0.5737586578784276,0.15494343376170097
ant-ivy,AGSZZ,77,0.999,0.1,0.1402331092684283,0.5781081516621683,0.15494343376170097
ant-ivy,AGSZZ,77,0.999,0.25,0.15686692228180826,0.5912909853209873,0.15494343376170097
ant-ivy,AGSZZ,101,0.9,0.0,0.10792378659260662,0.4901646833174935,-0.031592660777852825
ant-ivy,AGSZZ,101,0.9,0.05,0.11911066180752958,0.5005074545750885,-0.031592660777852825
ant-ivy,AGSZZ,101,0.9,0.1,0.12693004843807715,0.5045208414397089,-0.031592660777852825
ant-ivy,AGSZZ,101,0.9,0.25,0.14915004341670735,0.5227199457111918,-0.031592660777852825
ant-ivy,AGSZZ,101,0.95,0.0,0.10683013261207426,0.5143586491702302,-0.06944275486456784
ant-ivy,AGSZZ,101,0.95,0.05,0.11838786682342328,0.5247156780411806,-0.06944275486456784
ant-ivy,AGSZZ,101,0.95,0.1,0.12850955124579364,0.5295944705003973,-0.06944275486456784
ant-ivy,AGSZZ,101,0.95,0.25,0.15032708192289318,0.5455328927308469,-0.06944275486456784
ant-ivy,AGSZZ,101,0.99,0.0,0.1099375171527489,0.5556053988458611,-0.044899003852521616
ant-ivy,AGSZZ,101,0.99,0.05,0.12162539417485857,0.5674477912613062,-0.044899003852521616
ant-ivy,AGSZZ,101,0.99,0.1,0.1348798470738252,0.5754093647199232,-0.044899003852521616
ant-ivy,AGSZZ,101,0.99,0.25,0.1591254500053542,0.591907205716001,-0.044899003852521616
ant-ivy,AGSZZ,101,0.995,0.0,0.10848708350323917,0.5588343992504561,0.022004759000946825
ant-ivy,AGSZZ,101,0.995,0.05,0.12012111275611795,0.5707973980258034,0.022004759000946825
ant-ivy,AGSZZ,101,0.995,0.1,0.1334922270945946,0.5791778402372876,0.022004759000946825
ant-ivy,AGSZZ,101,0.995,0.25,0.15985621350983603,0.5974132879829348,0.022004759000946825
ant-ivy,AGSZZ,101,0.999,0.0,0.08806308357844524,0.5438255841799663,0.1292729448607445
ant-ivy,AGSZZ,101,0.999,0.05,0.09865687791740788,0.5549673331636162,0.1292729448607445
ant-ivy,AGSZZ,101,0.999,0.1,0.11092174576145508,0.5626774149972606,0.1292729448607445
ant-ivy,AGSZZ,101,0.999,0.25,0.13627190098158795,0.5799088998901288,0.1292729448607445
ant-ivy,AGSZZ,123,0.9,0.0,0.12033383345635328,0.5168570643394255,-0.03193131756049339
ant-ivy,AGSZZ,123,0.9,0.05,0.1314612670839912,0.5278060918279642,-0.03193131756049339
ant-ivy,AGSZZ,123,0.9,0.1,0.1444099783970616,0.5352694561677835,-0.03193131756049339
ant-ivy,AGSZZ,123,0.9,0.25,0.14906313128923784,0.5410436908603284,-0.03193131756049339
ant-ivy,AGSZZ,123,0.95,0.0,0.12094603884956646,0.5381089574699065,-0.07193839246519054
ant-ivy,AGSZZ,123,0.95,0.05,0.1324179709630426,0.548978948513334,-0.07193839246519054
ant-ivy,AGSZZ,123,0.95,0.1,0.1474418504551983,0.5572417127002669,-0.07193839246519054
ant-ivy,AGSZZ,123,0.95,0.25,0.15350414088081685,0.5638102275685427,-0.07193839246519054
ant-ivy,AGSZZ,123,0.99,0.0,0.122735394146758,0.5666480869281604,-0.0198606261916665
ant-ivy,AGSZZ,123,0.99,0.05,0.1343152926113516,0.5784227296021169,-0.0198606261916665
ant-ivy,AGSZZ,123,0.99,0.1,0.15075628485654075,0.5883311560857035,-0.0198606261916665
ant-ivy,AGSZZ,123,0.99,0.25,0.16790583640171777,0.6017487397900771,-0.0198606261916665
ant-ivy,AGSZZ,123,0.995,0.0,0.12044836837307403,0.5669537889708294,0.04100052435070225
ant-ivy,AGSZZ,123,0.995,0.05,0.13194836949739977,0.5787138187316541,0.04100052435070225
ant-ivy,AGSZZ,123,0.995,0.1,0.14804761932984284,0.58865263006195,0.04100052435070225
ant-ivy,AGSZZ,123,0.995,0.25,0.17107722276865397,0.6058586799857201,0.04100052435070225
ant-ivy,AGSZZ,123,0.999,0.0,0.09885531107057795,0.5499000740469637,0.13796326188702668
ant-ivy,AGSZZ,123,0.999,0.05,0.10927049708809615,0.560747968011529,0.13796326188702668
ant-ivy,AGSZZ,123,0.999,0.1,0.12384826267245676,0.5697070451450228,0.13796326188702668
ant-ivy,AGSZZ,123,0.999,0.25,0.1491891233576654,0.5876344044178109,0.13796326188702668
ant-ivy,AGSZZ,202,0.9,0.0,0.12473954509512562,0.4999307434262466,-0.035845646408543444
ant-ivy,AGSZZ,202,0.9,0.05,0.1367519517991577,0.5104045257639014,-0.035845646408543444
ant-ivy,AGSZZ,202,0.9,0.1,0.14211199346442097,0.5127829311097325,-0.035845646408543444
ant-ivy,AGSZZ,202,0.9,0.25,0.15419848968149516,0.5307516332362495,-0.035845646408543444
ant-ivy,AGSZZ,202,0.95,0.0,0.12477072385182578,0.523871987566806,-0.06935365489976217
ant-ivy,AGSZZ,202,0.95,0.05,0.13706129092899366,0.5344501193871866,-0.06935365489976217
ant-ivy,AGSZZ,202,0.95,0.1,0.14247307011779076,0.5370538780567898,-0.06935365489976217
ant-ivy,AGSZZ,202,0.95,0.25,0.1549655790080322,0.5509728659404246,-0.06935365489976217
ant-ivy,AGSZZ,202,0.99,0.0,0.13303178659616277,0.5649918363840899,-0.03931296380850116
ant-ivy,AGSZZ,202,0.99,0.05,0.145664970810192,0.5770899878336152,-0.03931296380850116
ant-ivy,AGSZZ,202,0.99,0.1,0.15354289427713066,0.5830125897762384,-0.03931296380850116
ant-ivy,AGSZZ,202,0.99,0.25,0.17143216102594422,0.598547203041703,-0.03931296380850116
ant-ivy,AGSZZ,202,0.995,0.0,0.13482560597046045,0.5692316833148201,0.03330560658994589
ant-ivy,AGSZZ,202,0.995,0.05,0.14756970126708077,0.5815045996811248,0.03330560658994589
ant-ivy,AGSZZ,202,0.995,0.1,0.15619274488485177,0.5881748832824911,0.03330560658994589
ant-ivy,AGSZZ,202,0.995,0.25,0.17750579447441592,0.6061854676322507,0.03330560658994589
ant-ivy,AGSZZ,202,0.999,0.0,0.11877450184316471,0.5539380405746225,0.15811884070911214
ant-ivy,AGSZZ,202,0.999,0.05,0.13070373114978764,0.565375728913138,0.15811884070911214
ant-ivy,AGSZZ,202,0.999,0.1,0.13895637348785578,0.5716180708287222,0.15811884070911214
ant-ivy,AGSZZ,202,0.999,0.25,0.160324285902666,0.5887286866740126,0.15811884070911214
ant-ivy,AGSZZ,314,0.9,0.0,0.06826851394895835,0.4781800073424693,-0.05024340698260409
ant-ivy,AGSZZ,314,0.9,0.05,0.07667357792915078,0.4871067050533894,-0.05024340698260409
ant-ivy,AGSZZ,314,0.9,0.1,0.07580868781254761,0.48653911731390576,-0.05024340698260409
ant-ivy,AGSZZ,314,0.9,0.25,0.09257676996481805,0.5042336377206592,-0.05024340698260409
ant-ivy,AGSZZ,314,0.95,0.0,0.07123310372989287,0.5032452891019668,-0.09043488213080256
ant-ivy,AGSZZ,314,0.95,0.05,0.08010566668678477,0.5122923432372667,-0.09043488213080256
ant-ivy,AGSZZ,314,0.95,0.1,0.07994338178878158,0.5125432581126431,-0.09043488213080256
ant-ivy,AGSZZ,314,0.95,0.25,0.09762637164034343,0.5280354769110042,-0.09043488213080256
ant-ivy,AGSZZ,314,0.99,0.0,0.08002407590606146,0.5391554291481818,-0.036741871470639884
ant-ivy,AGSZZ,314,0.99,0.05,0.08937070282865786,0.5494925472323356,-0.036741871470639884
ant-ivy,AGSZZ,314,0.99,0.1,0.09265793125633834,0.5531253512864474,-0.036741871470639884
ant-ivy,AGSZZ,314,0.99,0.25,0.10865338877358623,0.5660998275114374,-0.036741871470639884
ant-ivy,AGSZZ,314,0.995,0.0,0.078214211902078,0.5389904819839193,0.02549223474013696
ant-ivy,AGSZZ,314,0.995,0.05,0.08750589111942353,0.5492883780460819,0.02549223474013696
ant-ivy,AGSZZ,314,0.995,0.1,0.09146971676566336,0.5534496979426249,0.02549223474013696
ant-ivy,AGSZZ,314,0.995,0.25,0.10617807889870154,0.5658882008532169,0.02549223474013696
ant-ivy,AGSZZ,314,0.999,0.0,0.06624763201606335,0.5271389455507441,0.08925924568326893
ant-ivy,AGSZZ,314,0.999,0.05,0.07495784135099257,0.5367967151494942,0.08925924568326893
ant-ivy,AGSZZ,314,0.999,0.1,0.07890020798971316,0.5407616052368136,0.08925924568326893
ant-ivy,AGSZZ,314,0.999,0.25,0.09105910458878831,0.551415338827895,0.08925924568326893
ant-ivy,AGSZZ,999,0.9,0.0,0.07578193288149186,0.48607685982133425,-0.02607211347199261
ant-ivy,AGSZZ,999,0.9,0.05,0.08617463738048936,0.4965273692006405,-0.02607211347199261
ant-ivy,AGSZZ,999,0.9,0.1,0.085676063207458,0.49632289375777927,-0.02607211347199261
ant-ivy,AGSZZ,999,0.9,0.25,0.08760192665308011,0.4987055571231403,-0.02607211347199261
ant-ivy,AGSZZ,999,0.95,0.0,0.07514162215816289,0.5045749012596372,-0.05989967603771288
ant-ivy,AGSZZ,999,0.95,0.05,0.08550919841998632,0.5145172541751447,-0.05989967603771288
ant-ivy,AGSZZ,999,0.95,0.1,0.08583471052712736,0.5144977286163844,-0.05989967603771288
ant-ivy,AGSZZ,999,0.95,0.25,0.08905118533467012,0.5171842475255645,-0.05989967603771288
ant-ivy,AGSZZ,999,0.99,0.0,0.08265933838656501,0.5373045724260075,-0.055897640282442033
ant-ivy,AGSZZ,999,0.99,0.05,0.09295508330803784,0.548042932101615,-0.055897640282442033
ant-ivy,AGSZZ,999,0.99,0.1,0.09674878163082792,0.551017750058224,-0.055897640282442033
ant-ivy,AGSZZ,999,0.99,0.25,0.10296258676152148,0.5567062019763463,-0.055897640282442033
ant-ivy,AGSZZ,999,0.995,0.0,0.08689121655443072,0.5432192793187409,-0.00610827579622995
ant-ivy,AGSZZ,999,0.995,0.05,0.09738000855674997,0.5541974812667187,-0.00610827579622995
ant-ivy,AGSZZ,999,0.995,0.1,0.10221563276145222,0.5580811637705199,-0.00610827579622995
ant-ivy,AGSZZ,999,0.995,0.25,0.1107232686607053,0.5660551013082018,-0.00610827579622995
ant-ivy,AGSZZ,999,0.999,0.0,0.08436558041326214,0.5391397038444996,0.09070008913950973
ant-ivy,AGSZZ,999,0.999,0.05,0.09471277536036452,0.5498541121799262,0.09070008913950973
ant-ivy,AGSZZ,999,0.999,0.1,0.10009217730395513,0.5540313884449727,0.09070008913950973
ant-ivy,AGSZZ,999,0.999,0.25,0.11048046378457778,0.5631764907203537,0.09070008913950973
ant-ivy,MASZZ,7,0.9,0.0,0.06329001596815227,0.456377040181467,-0.02638240147544151
ant-ivy,MASZZ,7,0.9,0.05,0.07143476632843329,0.46416371346566804,-0.02638240147544151
ant-ivy,MASZZ,7,0.9,0.1,0.08124414709271524,0.4684729735627321,-0.02638240147544151
ant-ivy,MASZZ,7,0.9,0.25,0.1029118637743956,0.48413093107829336,-0.02638240147544151
ant-ivy,MASZZ,7,0.95,0.0,0.06368980042422,0.48880154109118723,-0.056325899496582545
ant-ivy,MASZZ,7,0.95,0.05,0.07216794229323358,0.4970933665723287,-0.056325899496582545
ant-ivy,MASZZ,7,0.95,0.1,0.08388536670690903,0.5025048403783609,-0.056325899496582545
ant-ivy,MASZZ,7,0.95,0.25,0.10571314075370589,0.5177582422059732,-0.056325899496582545
ant-ivy,MASZZ,7,0.99,0.0,0.06745309717209755,0.527119476270142,-0.03197338168339535
ant-ivy,MASZZ,7,0.99,0.05,0.07614241801710105,0.5368272634848558,-0.03197338168339535
ant-ivy,MASZZ,7,0.99,0.1,0.08900755006788341,0.544274554281829,-0.03197338168339535
ant-ivy,MASZZ,7,0.99,0.25,0.11425427419226442,0.5604239915907132,-0.03197338168339535
ant-ivy,MASZZ,7,0.995,0.0,0.06497244377805608,0.5302028312936033,0.004912794634404884
ant-ivy,MASZZ,7,0.995,0.05,0.07357174296277305,0.5400412423523506,0.004912794634404884
ant-ivy,MASZZ,7,0.995,0.1,0.08608643772506307,0.5476878612205286,0.004912794634404884
ant-ivy,MASZZ,7,0.995,0.25,0.11288539004672242,0.5653529198393231,0.004912794634404884
ant-ivy,MASZZ,7,0.999,0.0,0.0503337090529436,0.5222496545599647,0.07425945318494682
ant-ivy,MASZZ,7,0.999,0.05,0.05821181784078159,0.5316517749565826,0.07425945318494682
ant-ivy,MASZZ,7,0.999,0.1,0.06962894340697603,0.5388636488397056,0.07425945318494682
ant-ivy,MASZZ,7,0.999,0.25,0.09591978762010356,0.5566012010234068,0.07425945318494682
ant-ivy,MASZZ,13,0.9,0.0,0.07841113739039586,0.4759223477943505,-0.026478752184029376
ant-ivy,MASZZ,13,0.9,0.05,0.08823343357321128,0.4852635980664627,-0.026478752184029376
ant-ivy,MASZZ,13,0.9,0.1,0.10007503398820602,0.49060516987964536,-0.026478752184029376
ant-ivy,MASZZ,13,0.9,0.25,0.1012600729617354,0.5005755654481545,-0.026478752184029376
ant-ivy,MASZZ,13,0.95,0.0,0.07994858374313339,0.5041628151758609,-0.0612552515640841
ant-ivy,MASZZ,13,0.95,0.05,0.09002262493157648,0.5137897675936759,-0.0612552515640841
ant-ivy,MASZZ,13,0.95,0.1,0.10378478208677601,0.5202886689070084,-0.0612552515640841
ant-ivy,MASZZ,13,0.95,0.25,0.10600839175523175,0.5286259022288103,-0.0612552515640841
ant-ivy,MASZZ,13,0.99,0.0,0.0836070077662847,0.540461298320827,-0.03814721318722315
ant-ivy,MASZZ,13,0.99,0.05,0.0937096299820949,0.551316565337627,-0.03814721318722315
ant-ivy,MASZZ,13,0.99,0.1,0.10880179840017745,0.5601083556063656,-0.03814721318722315
ant-ivy,MASZZ,13,0.99,0.25,0.12360994899919492,0.5729604062546529,-0.03814721318722315
ant-ivy,MASZZ,13,0.995,0.0,0.07994246534202605,0.5406774583705457,0.018203190837121314
ant-ivy,MASZZ,13,0.995,0.05,0.08986329483054448,0.5514922944519709,0.018203190837121314
ant-ivy,MASZZ,13,0.995,0.1,0.10451981207511404,0.5603402874440968,0.018203190837121314
ant-ivy,MASZZ,13,0.995,0.25,0.12527470528387025,0.5763712985539943,0.018203190837121314
ant-ivy,MASZZ,13,0.999,0.0,0.05854135946627231,0.5242190565526699,0.10295095920794592
ant-ivy,MASZZ,13,0.999,0.05,0.06736214813645514,0.5341340317502133,0.10295095920794592
ant-ivy,MASZZ,13,0.999,0.1,0.08049615070732918,0.5420608012539785,0.10295095920794592
ant-ivy,MASZZ,13,0.999,0.25,0.10344183453766001,0.5582766892398044,0.10295095920794592
ant-ivy,MASZZ,21,0.9,0.0,0.07364936368176986,0.47831531109040415,-0.026997642148265968
ant-ivy,MASZZ,21,0.9,0.05,0.08299038835111663,0.4876588747438319,-0.026997642148265968
ant-ivy,MASZZ,21,0.9,0.1,0.09177761163987719,0.49290815683222006,-0.026997642148265968
ant-ivy,MASZZ,21,0.9,0.25,0.10196573615213275,0.5005954686562467,-0.026997642148265968
ant-ivy,MASZZ,21,0.95,0.0,0.06977192031192832,0.49922685445981524,-0.05970112372897889
ant-ivy,MASZZ,21,0.95,0.05,0.07918673295563755,0.5085163518693729,-0.05970112372897889
ant-ivy,MASZZ,21,0.95,0.1,0.08994941739150832,0.5142888001280509,-0.05970112372897889
ant-ivy,MASZZ,21,0.95,0.25,0.10013951513710054,0.522381809521037,-0.05970112372897889
ant-ivy,MASZZ,21,0.99,0.0,0.07048742190247402,0.5290137739333548,-0.04481825700990699
ant-ivy,MASZZ,21,0.99,0.05,0.07985031253774827,0.5392307195031031,-0.04481825700990699
ant-ivy,MASZZ,21,0.99,0.1,0.09277809782820393,0.5469275435881855,-0.04481825700990699
ant-ivy,MASZZ,21,0.99,0.25,0.10826505521748457,0.5583173992421386,-0.04481825700990699
ant-ivy,MASZZ,21,0.995,0.0,0.06940106766171797,0.5320472878878274,-0.00723915196406482
ant-ivy,MASZZ,21,0.995,0.05,0.07872427206637789,0.5423759221403024,-0.00723915196406482
ant-ivy,MASZZ,21,0.995,0.1,0.09157252995948995,0.5503584073734095,-0.00723915196406482
ant-ivy,MASZZ,21,0.995,0.25,0.11062599873715015,0.5645443908107528,-0.00723915196406482
ant-ivy,MASZZ,21,0.999,0.0,0.05790435737366396,0.524775442855424,0.07106641715391716
ant-ivy,MASZZ,21,0.999,0.05,0.06665083402828684,0.5346882894831317,0.07106641715391716
ant-ivy,MASZZ,21,0.999,0.1,0.07872677002492005,0.5423464488519218,0.07106641715391716
ant-ivy,MASZZ,21,0.999,0.25,0.09997697421354382,0.5580679225282781,0.07106641715391716
ant-ivy,MASZZ,42,0.9,0.0,0.10472539103464605,0.4949049167889155,-0.03584983295727349
ant-ivy,MASZZ,42,0.9,0.05,0.11503669695395936,0.5047061195689309,-0.03584983295727349
ant-ivy,MASZZ,42,0.9,0.1,0.12313155679989521,0.5092692107348513,-0.03584983295727349
ant-ivy,MASZZ,42,0.9,0.25,0.1326976230700677,0.5221656865660111,-0.03584983295727349
ant-ivy,MASZZ,42,0.95,0.0,0.10130730881633279,0.5173418515681872,-0.07179637732172635
ant-ivy,MASZZ,42,0.95,0.05,0.11175237922872482,0.5271259808651195,-0.07179637732172635
ant-ivy,MASZZ,42,0.95,0.1,0.12210300626309223,0.5324807591788849,-0.07179637732172635
ant-ivy,MASZZ,42,0.95,0.25,0.13093984491710012,0.5427296290941854,-0.07179637732172635
ant-ivy,MASZZ,42,0.99,0.0,0.10268604539658088,0.5489600055541531,-0.03832584659179006
ant-ivy,MASZZ,42,0.99,0.05,0.11321761190038089,0.5598097812281615,-0.03832584659179006
ant-ivy,MASZZ,42,0.99,0.1,0.12629364473483212,0.5675390497320711,-0.03832584659179006
ant-ivy,MASZZ,42,0.99,0.25,0.14298800150472488,0.5804538378200913,-0.03832584659179006
ant-ivy,MASZZ,42,0.995,0.0,0.10254705163256614,0.552308615045917,0.012498651708943643
ant-ivy,MASZZ,42,0.995,0.05,0.1131110361952967,0.5633028840786416,0.012498651708943643
ant-ivy,MASZZ,42,0.995,0.1,0.12627515206391388,0.5713925105686258,0.012498651708943643
ant-ivy,MASZZ,42,0.995,0.25,0.14799231127514828,0.5876511997411996,0.012498651708943643
ant-ivy,MASZZ,42,0.999,0.0,0.09195450061875114,0.5438616318274934,0.11113516274676578
ant-ivy,MASZZ,42,0.999,0.05,0.10200885994597776,0.5543937902511714,0.11113516274676578
ant-ivy,MASZZ,42,0.999,0.1,0.11454910883777758,0.5621364383181949,0.11113516274676578
ant-ivy,MASZZ,42,0.999,0.25,0.13943745612392422,0.5798734326834131,0.11113516274676578
ant-ivy,MASZZ,77,0.9,0.0,0.09754836903277467,0.5093470964134419,-0.025365455113942552
ant-ivy,MASZZ,77,0.9,0.05,0.10810236800492586,0.5204793346455728,-0.025365455113942552
ant-ivy,MASZZ,77,0.9,0.1,0.10558835677655537,0.519193264599626,-0.025365455113942552
ant-ivy,MASZZ,77,0.9,0.25,0.11315065945384135,0.5281293657663401,-0.025365455113942552
ant-ivy,MASZZ,77,0.95,0.0,0.09537467724033233,0.5234652464511418,-0.05342563968892511
ant-ivy,MASZZ,77,0.95,0.05,0.10624750877947549,0.534081619139905,-0.05342563968892511
ant-ivy,MASZZ,77,0.95,0.1,0.10395320823022576,0.532906524846952,-0.05342563968892511
ant-ivy,MASZZ,77,0.95,0.25,0.11312897989029141,0.541108832135535,-0.05342563968892511
ant-ivy,MASZZ,77,0.99,0.0,0.10379355590287362,0.5515517466069761,-0.01405738199338876
ant-ivy,MASZZ,77,0.99,0.05,0.11497277941022996,0.562920767881227,-0.01405738199338876
ant-ivy,MASZZ,77,0.99,0.1,0.11696873937928903,0.5652225580314836,-0.01405738199338876
ant-ivy,MASZZ,77,0.99,0.25,0.12780100025112656,0.5742980880365514,-0.01405738199338876
ant-ivy,MASZZ,77,0.995,0.0,0.10870887700625882,0.5571060460122809,0.03230556482500518
ant-ivy,MASZZ,77,0.995,0.05,0.12015089717865282,0.5687152346347097,0.03230556482500518
ant-ivy,MASZZ,77,0.995,0.1,0.1235223767453745,0.5720899014925461,0.03230556482500518
ant-ivy,MASZZ,77,0.995,0.25,0.13564834674510517,0.5827707150177659,0.03230556482500518
ant-ivy,MASZZ,77,0.999,0.0,0.10849428926878439,0.5545083142617439,0.11813574807621308
ant-ivy,MASZZ,77,0.999,0.05,0.11994065365518532,0.5659449348823055,0.11813574807621308
ant-ivy,MASZZ,77,0.999,0.1,0.12425428825272126,0.5698581542954974,0.11813574807621308
ant-ivy,MASZZ,77,0.999,0.25,0.13756200018412312,0.5814416656126884,0.11813574807621308
ant-ivy,MASZZ,101,0.9,0.0,0.09649826292002792,0.4943640995029904,-0.03880217254966328
ant-ivy,MASZZ,101,0.9,0.05,0.1070877251324631,0.504926448077474,-0.03880217254966328
ant-ivy,MASZZ,101,0.9,0.1,0.11423581856095238,0.5091865666997559,-0.03880217254966328
ant-ivy,MASZZ,101,0.9,0.25,0.13345710610763045,0.5232048810959244,-0.03880217254966328
ant-ivy,MASZZ,101,0.95,0.0,0.09392452557147474,0.5167995341803101,-0.08156189351478683
ant-ivy,MASZZ,101,0.95,0.05,0.10480745680030876,0.5272841910256437,-0.08156189351478683
ant-ivy,MASZZ,101,0.95,0.1,0.1141708874635466,0.5323063948120984,-0.08156189351478683
ant-ivy,MASZZ,101,0.95,0.25,0.1336995397663932,0.5462343261754673,-0.08156189351478683
ant-ivy,MASZZ,101,0.99,0.0,0.09674315624172787,0.5476563625050622,-0.05577199200481209
ant-ivy,MASZZ,101,0.99,0.05,0.10774113203973186,0.5590831190334068,-0.05577199200481209
ant-ivy,MASZZ,101,0.99,0.1,0.12022036578560798,0.5665776562133017,-0.05577199200481209
ant-ivy,MASZZ,101,0.99,0.25,0.14381790086558102,0.5826803504617045,-0.05577199200481209
ant-ivy,MASZZ,101,0.995,0.0,0.09862632221239767,0.5522200540169252,0.0010904030195962738
ant-ivy,MASZZ,101,0.995,0.05,0.10974475610366384,0.5638372046754866,0.0010904030195962738
ant-ivy,MASZZ,101,0.995,0.1,0.12253651301298837,0.571829028814086,0.0010904030195962738
ant-ivy,MASZZ,101,0.995,0.25,0.14908436931565314,0.590259916156878,0.0010904030195962738
ant-ivy,MASZZ,101,0.999,0.0,0.08376340011977579,0.5411059904414508,0.11786499184414172
ant-ivy,MASZZ,101,0.999,0.05,0.09413237440861193,0.5521055384453092,0.11786499184414172
ant-ivy,MASZZ,101,0.999,0.1,0.10614461940931985,0.5596558337482577,0.11786499184414172
ant-ivy,MASZZ,101,0.999,0.25,0.13276276818316193,0.577921183962638,0.11786499184414172
ant-ivy,MASZZ,123,0.9,0.0,0.08392986352888306,0.4928147074603821,-0.026138721483695792
ant-ivy,MASZZ,123,0.9,0.05,0.09315382160475781,0.5025066182493628,-0.026138721483695792
ant-ivy,MASZZ,123,0.9,0.1,0.10396366049144692,0.508557402194894,-0.026138721483695792
ant-ivy,MASZZ,123,0.9,0.25,0.11283091509911057,0.5164164659206281,-0.026138721483695792
ant-ivy,MASZZ,123,0.95,0.0,0.08077518508237241,0.5097944938670157,-0.059450471279670715
ant-ivy,MASZZ,123,0.95,0.05,0.09014668039756392,0.5191839900815338,-0.059450471279670715
ant-ivy,MASZZ,123,0.95,0.1,0.10281036863480897,0.5257831712694515,-0.059450471279670715
ant-ivy,MASZZ,123,0.95,0.25,0.11303130471926547,0.5335951938549511,-0.059450471279670715
ant-ivy,MASZZ,123,0.99,0.0,0.08393904195678431,0.5387217264550088,-0.056364267737563874
ant-ivy,MASZZ,123,0.99,0.05,0.09349037298660808,0.5490361672741602,-0.056364267737563874
ant-ivy,MASZZ,123,0.99,0.1,0.10765193120005177,0.5573038133015434,-0.056364267737563874
ant-ivy,MASZZ,123,0.99,0.25,0.1260057541818762,0.5697477769710223,-0.056364267737563874
ant-ivy,MASZZ,123,0.995,0.0,0.08382676218626545,0.5423507061450773,-0.012985863770196783
ant-ivy,MASZZ,123,0.995,0.05,0.09341190808513714,0.5528243002025947,-0.012985863770196783
ant-ivy,MASZZ,123,0.995,0.1,0.10735949852881524,0.561317586345258,-0.012985863770196783
ant-ivy,MASZZ,123,0.995,0.25,0.12994464443608014,0.5769449025326451,-0.012985863770196783
ant-ivy,MASZZ,123,0.999,0.0,0.07182367365913274,0.5346133023984908,0.0845863630349882
ant-ivy,MASZZ,123,0.999,0.05,0.0808254407270329,0.5446618880415675,0.0845863630349882
ant-ivy,MASZZ,123,0.999,0.1,0.09381499425610201,0.5527228088906655,0.0845863630349882
ant-ivy,MASZZ,123,0.999,0.25,0.1187368973923858,0.5698924874396375,0.0845863630349882
ant-ivy,MASZZ,202,0.9,0.0,0.10203765932040584,0.49461436424461724,-0.0440834219292937
ant-ivy,MASZZ,202,0.9,0.05,0.112863039317263,0.504810165971468,-0.0440834219292937
ant-ivy,MASZZ,202,0.9,0.1,0.11688925839100267,0.5068762137128281,-0.0440834219292937
ant-ivy,MASZZ,202,0.9,0.25,0.112773877368377,0.5152767728790212,-0.0440834219292937
ant-ivy,MASZZ,202,0.95,0.0,0.1012874728200637,0.5152389631907143,-0.0825078761195577
ant-ivy,MASZZ,202,0.95,0.05,0.1123501574903421,0.5253656950437177,-0.0825078761195577
ant-ivy,MASZZ,202,0.95,0.1,0.11638220589115927,0.5274622305222489,-0.0825078761195577
ant-ivy,MASZZ,202,0.95,0.25,0.11332392227026739,0.5331506121339689,-0.0825078761195577
ant-ivy,MASZZ,202,0.99,0.0,0.10750797869921397,0.545435848195703,-0.07609220167265685
ant-ivy,MASZZ,202,0.99,0.05,0.11880658472255305,0.5565114643151166,-0.07609220167265685
ant-ivy,MASZZ,202,0.99,0.1,0.12518488688346924,0.561285077177974,-0.07609220167265685
ant-ivy,MASZZ,202,0.99,0.25,0.12986701046530377,0.5694148274415405,-0.07609220167265685
ant-ivy,MASZZ,202,0.995,0.0,0.1127658454220458,0.5519801067483938,-0.02831996364687143
ant-ivy,MASZZ,202,0.995,0.05,0.12435648918672287,0.563350979895539,-0.02831996364687143
ant-ivy,MASZZ,202,0.995,0.1,0.1316834375252267,0.56900766741101,-0.02831996364687143
ant-ivy,MASZZ,202,0.995,0.25,0.14189930114466962,0.5809250620671887,-0.02831996364687143
ant-ivy,MASZZ,202,0.999,0.0,0.11403133732518637,0.5498114159870177,0.10299399856452325
ant-ivy,MASZZ,202,0.999,0.05,0.12571255802956208,0.5610333331052664,0.10299399856452325
ant-ivy,MASZZ,202,0.999,0.1,0.13368652131637546,0.567033220047889,0.10299399856452325
ant-ivy,MASZZ,202,0.999,0.25,0.14925803859056366,0.5816794808698562,0.10299399856452325
ant-ivy,MASZZ,314,0.9,0.0,0.11878275753407369,0.5097442593499923,-0.025882222992908877
ant-ivy,MASZZ,314,0.9,0.05,0.12982908915270355,0.5203213754665346,-0.025882222992908877
ant-ivy,MASZZ,314,0.9,0.1,0.13193210399149322,0.5216083082206331,-0.025882222992908877
ant-ivy,MASZZ,314,0.9,0.25,0.1590497731312179,0.5462202587210184,-0.025882222992908877
ant-ivy,MASZZ,314,0.95,0.0,0.11866028742445134,0.5303785058567445,-0.05796065402160005
ant-ivy,MASZZ,314,0.95,0.05,0.13001270312354238,0.5408442902798759,-0.05796065402160005
ant-ivy,MASZZ,314,0.95,0.1,0.13263694660877096,0.5426893853853604,-0.05796065402160005
ant-ivy,MASZZ,314,0.95,0.25,0.16059302233717387,0.5646471432527783,-0.05796065402160005
ant-ivy,MASZZ,314,0.99,0.0,0.12841931150739097,0.5644693915059968,-0.04001462467455626
ant-ivy,MASZZ,314,0.99,0.05,0.140296408265351,0.576130115465069,-0.04001462467455626
ant-ivy,MASZZ,314,0.99,0.1,0.14642704182720068,0.5812502115974201,-0.04001462467455626
ant-ivy,MASZZ,314,0.99,0.25,0.17326703085847517,0.599781287439258,-0.04001462467455626
ant-ivy,MASZZ,314,0.995,0.0,0.13190329985015578,0.5704454658505856,0.01408714591913199
ant-ivy,MASZZ,314,0.995,0.05,0.14400225163994987,0.5823880669515282,0.01408714591913199
ant-ivy,MASZZ,314,0.995,0.1,0.15112051648714753,0.5883974874205836,0.01408714591913199
ant-ivy,MASZZ,314,0.995,0.25,0.17777840902506792,0.607565344735177,0.01408714591913199
ant-ivy,MASZZ,314,0.999,0.0,0.11918464387404289,0.5609031827890593,0.13671418880487932
ant-ivy,MASZZ,314,0.999,0.05,0.13066280154141546,0.5723264027009238,0.13671418880487932
ant-ivy,MASZZ,314,0.999,0.1,0.13771542003518478,0.5782750708259329,0.13671418880487932
ant-ivy,MASZZ,314,0.999,0.25,0.16158570882876694,0.5960732594703422,0.13671418880487932
ant-ivy,MASZZ,999,0.9,0.0,0.11609921311456434,0.5059009456553231,0.004620963723442019
ant-ivy,MASZZ,999,0.9,0.05,0.12860001069764404,0.517388008542289,0.004620963723442019
ant-ivy,MASZZ,999,0.9,0.1,0.13047023089426563,0.5183482739409626,0.004620963723442019
ant-ivy,MASZZ,999,0.9,0.25,0.14937953518209082,0.5391005374390134,0.004620963723442019
ant-ivy,MASZZ,999,0.95,0.0,0.11688665024078067,0.5314745094809862,0.03613051297169511
ant-ivy,MASZZ,999,0.95,0.05,0.1294369730690155,0.5428233778590478,0.03613051297169511
ant-ivy,MASZZ,999,0.95,0.1,0.1322151651910647,0.5443843071358379,0.03613051297169511
ant-ivy,MASZZ,999,0.95,0.25,0.15065927892783143,0.562392369416456,0.03613051297169511
ant-ivy,MASZZ,999,0.99,0.0,0.12269760020433983,0.5618624166221214,0.04420352681034437
ant-ivy,MASZZ,999,0.99,0.05,0.13508684901170934,0.5738848465824931,0.04420352681034437
ant-ivy,MASZZ,999,0.99,0.1,0.1412329483054071,0.5783025317842703,0.04420352681034437
ant-ivy,MASZZ,999,0.99,0.25,0.16019940093108145,0.5938641030156683,0.04420352681034437
ant-ivy,MASZZ,999,0.995,0.0,0.12391662658888809,0.5649141832813286,0.06961119341349252
ant-ivy,MASZZ,999,0.995,0.05,0.1363413877433358,0.5770267592927097,0.06961119341349252
ant-ivy,MASZZ,999,0.995,0.1,0.14335239635682484,0.5821851003563058,0.06961119341349252
ant-ivy,MASZZ,999,0.995,0.25,0.1635677738401228,0.5986379428991444,0.06961119341349252
ant-ivy,MASZZ,999,0.999,0.0,0.11017768657187207,0.5518749429216493,0.1448553924450637
ant-ivy,MASZZ,999,0.999,0.05,0.12187453412857495,0.563255246110783,0.1448553924450637
ant-ivy,MASZZ,999,0.999,0.1,0.12877049600338944,0.5681807663656954,0.1448553924450637
ant-ivy,MASZZ,999,0.999,0.25,0.14774648526031608,0.5829796994073587,0.1448553924450637
ant-ivy,LSZZ,7,0.9,0.0,0.09526888938302802,0.4933757068388121,0.005612349288035006
ant-ivy,LSZZ,7,0.9,0.05,0.10569186655488212,0.5036799204520516,0.005612349288035006
ant-ivy,LSZZ,7,0.9,0.1,0.09948967800629259,0.49922666807314486,0.005612349288035006
ant-ivy,LSZZ,7,0.9,0.25,0.11613422264828263,0.5151828008494946,0.005612349288035006
ant-ivy,LSZZ,7,0.95,0.0,0.09271321982627712,0.5158705840187872,0.02319798159759829
ant-ivy,LSZZ,7,0.95,0.05,0.10345167337949099,0.52610134736249,0.02319798159759829
ant-ivy,LSZZ,7,0.95,0.1,0.09887157423742315,0.5228190196416902,0.02319798159759829
ant-ivy,LSZZ,7,0.95,0.25,0.11431955126298345,0.5364201633363777,0.02319798159759829
ant-ivy,LSZZ,7,0.99,0.0,0.09198138940667422,0.5390032466887612,-0.003181963183223678
ant-ivy,LSZZ,7,0.99,0.05,0.10256039167732033,0.5497321894557832,-0.003181963183223678
ant-ivy,LSZZ,7,0.99,0.1,0.1043368322743258,0.5506433328017803,-0.003181963183223678
ant-ivy,LSZZ,7,0.99,0.25,0.11469595434363412,0.5565891519935342,-0.003181963183223678
ant-ivy,LSZZ,7,0.995,0.0,0.09621657750722089,0.5466224169191658,-0.0015445797060788021
ant-ivy,LSZZ,7,0.995,0.05,0.10702379710799338,0.5576998289603756,-0.0015445797060788021
ant-ivy,LSZZ,7,0.995,0.1,0.11031755700604652,0.5598988019266287,-0.0015445797060788021
ant-ivy,LSZZ,7,0.995,0.25,0.1217844526305491,0.5671353699951749,-0.0015445797060788021
ant-ivy,LSZZ,7,0.999,0.0,0.09916197701251124,0.5517537789347634,0.09324917444975207
ant-ivy,LSZZ,7,0.999,0.05,0.11013938366343809,0.5630629339080029,0.09324917444975207
ant-ivy,LSZZ,7,0.999,0.1,0.11463630180541441,0.5663119345765394,0.09324917444975207
ant-ivy,LSZZ,7,0.999,0.25,0.12792707268242728,0.5755495854150221,0.09324917444975207
ant-ivy,LSZZ,13,0.9,0.0,0.08002343765986095,0.469614572545875,-0.024939847712469803
ant-ivy,LSZZ,13,0.9,0.05,0.08902176108599899,0.4781557255928118,-0.024939847712469803
ant-ivy,LSZZ,13,0.9,0.1,0.08017134924790978,0.4717725133195554,-0.024939847712469803
ant-ivy,LSZZ,13,0.9,0.25,0.0932303169685753,0.48198564068326477,-0.024939847712469803
ant-ivy,LSZZ,13,0.95,0.0,0.07987109165999437,0.4981914121521158,-0.06333659786553683
ant-ivy,LSZZ,13,0.95,0.05,0.0893482049898622,0.5070720675319188,-0.06333659786553683
ant-ivy,LSZZ,13,0.95,0.1,0.08163587275132413,0.5019058882222495,-0.06333659786553683
ant-ivy,LSZZ,13,0.95,0.25,0.09351733180470077,0.5109613833641306,-0.06333659786553683
ant-ivy,LSZZ,13,0.99,0.0,0.08574149490655036,0.5335975507397046,-0.06785187327529535
ant-ivy,LSZZ,13,0.99,0.05,0.09553579098515881,0.5437223158524214,-0.06785187327529535
ant-ivy,LSZZ,13,0.99,0.1,0.09405320489612629,0.5432680746946268,-0.06785187327529535
ant-ivy,LSZZ,13,0.99,0.25,0.10014626706709742,0.5473529214454196,-0.06785187327529535
ant-ivy,LSZZ,13,0.995,0.0,0.09137391819106697,0.5423287788419624,-0.03312021685374657
ant-ivy,LSZZ,13,0.995,0.05,0.10149647931842407,0.5528805971033135,-0.03312021685374657
ant-ivy,LSZZ,13,0.995,0.1,0.10175131827946728,0.5538482881045059,-0.03312021685374657
ant-ivy,LSZZ,13,0.995,0.25,0.10801959091665721,0.5591001164537571,-0.03312021685374657
ant-ivy,LSZZ,13,0.999,0.0,0.09728274667658501,0.548714419921115,0.07755348341918732
ant-ivy,LSZZ,13,0.999,0.05,0.1077535989285582,0.5595811224575524,0.07755348341918732
ant-ivy,LSZZ,13,0.999,0.1,0.10954958333750382,0.5617467399567282,0.07755348341918732
ant-ivy,LSZZ,13,0.999,0.25,0.11719014937956489,0.568989045780084,0.07755348341918732
ant-ivy,LSZZ,21,0.9,0.0,0.1070984527273997,0.5039334171468792,0.005530769471586469
ant-ivy,LSZZ,21,0.9,0.05,0.11902633748870739,0.5156872412913684,0.005530769471586469
ant-ivy,LSZZ,21,0.9,0.1,0.11345917105377686,0.5117488607643017,0.005530769471586469
ant-ivy,LSZZ,21,0.9,0.25,0.13053717999000178,0.532107640171055,0.005530769471586469
ant-ivy,LSZZ,21,0.95,0.0,0.10470510672998803,0.527193262141998,0.02132288350661252
ant-ivy,LSZZ,21,0.95,0.05,0.11702565356462828,0.5388302314397589,0.02132288350661252
ant-ivy,LSZZ,21,0.95,0.1,0.11228444733387828,0.5359943838679623,0.02132288350661252
ant-ivy,LSZZ,21,0.95,0.25,0.12808649218708318,0.5514106006953926,0.02132288350661252
ant-ivy,LSZZ,21,0.99,0.0,0.10537973222615052,0.5468849107037396,-0.01364122811790921
ant-ivy,LSZZ,21,0.99,0.05,0.11751521142906954,0.5587266260351578,-0.01364122811790921
ant-ivy,LSZZ,21,0.99,0.1,0.11885757144748355,0.5601818458870086,-0.01364122811790921
ant-ivy,LSZZ,21,0.99,0.25,0.12939758608494897,0.5670487941890991,-0.01364122811790921
ant-ivy,LSZZ,21,0.995,0.0,0.11088204761220274,0.5540912143393762,-0.009284008246033182
ant-ivy,LSZZ,21,0.995,0.05,0.12328713682792254,0.5662376059027121,-0.009284008246033182
ant-ivy,LSZZ,21,0.995,0.1,0.12640072934582117,0.5690964325851303,-0.009284008246033182
ant-ivy,LSZZ,21,0.995,0.25,0.13765535232496026,0.5771313038420667,-0.009284008246033182
ant-ivy,LSZZ,21,0.999,0.0,0.1163917224001028,0.5599254858754517,0.10088615038582888
ant-ivy,LSZZ,21,0.999,0.05,0.1290787537797718,0.5723205573858166,0.10088615038582888
ant-ivy,LSZZ,21,0.999,0.1,0.13373771685295355,0.5763944181704401,0.10088615038582888
ant-ivy,LSZZ,21,0.999,0.25,0.1470029457947765,0.5867651533230347,0.10088615038582888
ant-ivy,LSZZ,42,0.9,0.0,0.10455093088177915,0.503417002522627,-0.017852256798853387
ant-ivy,LSZZ,42,0.9,0.05,0.11482361570223962,0.5138268125240506,-0.017852256798853387
ant-ivy,LSZZ,42,0.9,0.1,0.11052870197205815,0.5107493222254466,-0.017852256798853387
ant-ivy,LSZZ,42,0.9,0.25,0.12223164302879129,0.5241284917890474,-0.017852256798853387
ant-ivy,LSZZ,42,0.95,0.0,0.09890050403199076,0.5189313800018354,-0.055239133123075164
ant-ivy,LSZZ,42,0.95,0.05,0.1093345014055044,0.528855129542543,-0.055239133123075164
ant-ivy,LSZZ,42,0.95,0.1,0.10587841625095626,0.5262583185594624,-0.055239133123075164
ant-ivy,LSZZ,42,0.95,0.25,0.11609799755464663,0.5361677466082359,-0.055239133123075164
ant-ivy,LSZZ,42,0.99,0.0,0.09926049682572304,0.542951860865123,-0.051492877823042835
ant-ivy,LSZZ,42,0.99,0.05,0.10967238847595773,0.5534506632908623,-0.051492877823042835
ant-ivy,LSZZ,42,0.99,0.1,0.11150477482651534,0.5545566623423975,-0.051492877823042835
ant-ivy,LSZZ,42,0.99,0.25,0.11927544010291058,0.559146638499697,-0.051492877823042835
ant-ivy,LSZZ,42,0.995,0.0,0.10476677578868539,0.5514048469812134,-0.018486691650177516
ant-ivy,LSZZ,42,0.995,0.05,0.11549385634166752,0.5623106203027579,-0.018486691650177516
ant-ivy,LSZZ,42,0.995,0.1,0.11880042862845777,0.564681303247092,-0.018486691650177516
ant-ivy,LSZZ,42,0.995,0.25,0.12852709438058663,0.5712038637829062,-0.018486691650177516
ant-ivy,LSZZ,42,0.999,0.0,0.11087256873940296,0.558099264540755,0.0955980171195148
ant-ivy,LSZZ,42,0.999,0.05,0.12195355756042248,0.5693326622161268,0.0955980171195148
ant-ivy,LSZZ,42,0.999,0.1,0.1265755378474189,0.5727916154754082,0.0955980171195148
ant-ivy,LSZZ,42,0.999,0.25,0.13927430704763755,0.5820326470531403,0.0955980171195148
ant-ivy,LSZZ,77,0.9,0.0,0.1295323788673778,0.515575076075303,0.005593522962821613
ant-ivy,LSZZ,77,0.9,0.05,0.14180201376897786,0.5268868452209203,0.005593522962821613
ant-ivy,LSZZ,77,0.9,0.1,0.13641374721908606,0.5227952715013027,0.005593522962821613
ant-ivy,LSZZ,77,0.9,0.25,0.13385643808604727,0.5311147159821804,0.005593522962821613
ant-ivy,LSZZ,77,0.95,0.0,0.12490434581757207,0.5376214273824498,0.022058666232088596
ant-ivy,LSZZ,77,0.95,0.05,0.137223198532015,0.5488126453296494,0.022058666232088596
ant-ivy,LSZZ,77,0.95,0.1,0.13284315135597516,0.5458280416502983,0.022058666232088596
ant-ivy,LSZZ,77,0.95,0.25,0.129056690692334,0.5515274410964083,0.022058666232088596
ant-ivy,LSZZ,77,0.99,0.0,0.11936304356595952,0.5563442023982171,0.009645004807796988
ant-ivy,LSZZ,77,0.99,0.05,0.1311507973445503,0.5677770895216742,0.009645004807796988
ant-ivy,LSZZ,77,0.99,0.1,0.13273280951126615,0.5690231252333805,0.009645004807796988
ant-ivy,LSZZ,77,0.99,0.25,0.1291805245674267,0.5703921310469016,0.009645004807796988
ant-ivy,LSZZ,77,0.995,0.0,0.12340685808510503,0.5616691663019552,0.02592844923973547
ant-ivy,LSZZ,77,0.995,0.05,0.13540373129767883,0.5733283652436868,0.02592844923973547
ant-ivy,LSZZ,77,0.995,0.1,0.1386271357838289,0.5758291485693018,0.02592844923973547
ant-ivy,LSZZ,77,0.995,0.25,0.13853981177676822,0.5792544041280744,0.02592844923973547
ant-ivy,LSZZ,77,0.999,0.0,0.1308129711555061,0.5671712995589703,0.11953175889149185
ant-ivy,LSZZ,77,0.999,0.05,0.14320744000968835,0.5790804681038847,0.11953175889149185
ant-ivy,LSZZ,77,0.999,0.1,0.1480333583217347,0.5827396559833681,0.11953175889149185
ant-ivy,LSZZ,77,0.999,0.25,0.15331763876301083,0.5895578814532619,0.11953175889149185
ant-ivy,LSZZ,101,0.9,0.0,0.1095407776260065,0.5141554695057029,0.021290622062526368
ant-ivy,LSZZ,101,0.9,0.05,0.12070999732036929,0.5255462066570805,0.021290622062526368
ant-ivy,LSZZ,101,0.9,0.1,0.11556872676162565,0.52230945704042,0.021290622062526368
ant-ivy,LSZZ,101,0.9,0.25,0.12321569960687032,0.5320942140856577,0.021290622062526368
ant-ivy,LSZZ,101,0.95,0.0,0.10463880807145325,0.5317956113448036,0.03642909556192537
ant-ivy,LSZZ,101,0.95,0.05,0.11600082179434955,0.54285905585588,0.03642909556192537
ant-ivy,LSZZ,101,0.95,0.1,0.11152599945127055,0.5402489589775216,0.03642909556192537
ant-ivy,LSZZ,101,0.95,0.25,0.11882811072011186,0.5483556176251287,0.03642909556192537
ant-ivy,LSZZ,101,0.99,0.0,0.10071111340896362,0.5456254259064239,0.015425788532265792
ant-ivy,LSZZ,101,0.99,0.05,0.11174657183659217,0.556700626410317,0.015425788532265792
ant-ivy,LSZZ,101,0.99,0.1,0.11275382675627153,0.5576732904910029,0.015425788532265792
ant-ivy,LSZZ,101,0.99,0.25,0.11754125006060848,0.5608707024698621,0.015425788532265792
ant-ivy,LSZZ,101,0.995,0.0,0.10381851791983066,0.5501728348012339,0.02137955130036118
ant-ivy,LSZZ,101,0.995,0.05,0.11502322460100106,0.5614358896075191,0.02137955130036118
ant-ivy,LSZZ,101,0.995,0.1,0.11753949302067342,0.5635715886629921,0.02137955130036118
ant-ivy,LSZZ,101,0.995,0.25,0.12411786258327107,0.5683623185650498,0.02137955130036118
ant-ivy,LSZZ,101,0.999,0.0,0.10847686887397026,0.5554331731364995,0.10029025975467488
ant-ivy,LSZZ,101,0.999,0.05,0.11994132869412372,0.5669347147346663,0.10029025975467488
ant-ivy,LSZZ,101,0.999,0.1,0.12384457750607793,0.5701824063827741,0.10029025975467488
ant-ivy,LSZZ,101,0.999,0.25,0.1335241040512321,0.5778549514304003,0.10029025975467488
ant-ivy,LSZZ,123,0.9,0.0,0.11859187782241197,0.5060401258144402,0.005610108182865454
ant-ivy,LSZZ,123,0.9,0.05,0.12963549085416148,0.516468550108578,0.005610108182865454
ant-ivy,LSZZ,123,0.9,0.1,0.12574817960921042,0.5134812123169583,0.005610108182865454
ant-ivy,LSZZ,123,0.9,0.25,0.13130952092962275,0.5240570047002711,0.005610108182865454
ant-ivy,LSZZ,123,0.95,0.0,0.11475824283413502,0.5290693285482884,0.022834967457788694
ant-ivy,LSZZ,123,0.95,0.05,0.12612902867275114,0.5396110960049758,0.022834967457788694
ant-ivy,LSZZ,123,0.95,0.1,0.12257387018437406,0.5373962983664233,0.022834967457788694
ant-ivy,LSZZ,123,0.95,0.25,0.12826800240723477,0.5453610492119825,0.022834967457788694
ant-ivy,LSZZ,123,0.99,0.0,0.1125892861026419,0.5515497941709219,-0.000475021176979662
ant-ivy,LSZZ,123,0.99,0.05,0.12387346776819129,0.5626812198392551,-0.000475021176979662
ant-ivy,LSZZ,123,0.99,0.1,0.1251123152604938,0.5640394375661375,-0.000475021176979662
ant-ivy,LSZZ,123,0.99,0.25,0.13034041475973296,0.5686230096485488,-0.000475021176979662
ant-ivy,LSZZ,123,0.995,0.0,0.11759422801065883,0.5583258257440629,0.013608477407727523
ant-ivy,LSZZ,123,0.995,0.05,0.12917285169407983,0.5697816217572779,0.013608477407727523
ant-ivy,LSZZ,123,0.995,0.1,0.13196159986073094,0.5723676411510068,0.013608477407727523
ant-ivy,LSZZ,123,0.995,0.25,0.13944312543455428,0.5791394101681193,0.013608477407727523
ant-ivy,LSZZ,123,0.999,0.0,0.12356807226433351,0.563549474088613,0.11409797559449524
ant-ivy,LSZZ,123,0.999,0.05,0.13549693874517685,0.5752584255307581,0.11409797559449524
ant-ivy,LSZZ,123,0.999,0.1,0.13971371915018085,0.5789091146699686,0.11409797559449524
ant-ivy,LSZZ,123,0.999,0.25,0.15062487585483297,0.588667023773544,0.11409797559449524
ant-ivy,LSZZ,202,0.9,0.0,0.1307516122231069,0.5293242662910305,0.00560998803107188
ant-ivy,LSZZ,202,0.9,0.05,0.1424120791362646,0.5409310026723757,0.00560998803107188
ant-ivy,LSZZ,202,0.9,0.1,0.13722920271311517,0.5382363222565398,0.00560998803107188
ant-ivy,LSZZ,202,0.9,0.25,0.15004554283317686,0.5580430789195749,0.00560998803107188
ant-ivy,LSZZ,202,0.95,0.0,0.12542991356512326,0.546267973715456,0.022885151586939965
ant-ivy,LSZZ,202,0.95,0.05,0.1371463692392403,0.5574571436457642,0.022885151586939965
ant-ivy,LSZZ,202,0.95,0.1,0.13303998771338763,0.5554140940471011,0.022885151586939965
ant-ivy,LSZZ,202,0.95,0.25,0.14519811026877583,0.570990044014652,0.022885151586939965
ant-ivy,LSZZ,202,0.99,0.0,0.1201642079435184,0.5603529300078159,0.019478385106289433
ant-ivy,LSZZ,202,0.99,0.05,0.13147900914788235,0.5715893734907694,0.019478385106289433
ant-ivy,LSZZ,202,0.99,0.1,0.1329267323351094,0.5729938751997213,0.019478385106289433
ant-ivy,LSZZ,202,0.99,0.25,0.14179360801412863,0.5807031724204291,0.019478385106289433
ant-ivy,LSZZ,202,0.995,0.0,0.12216565218959151,0.5635473289940125,0.039885169541381306
ant-ivy,LSZZ,202,0.995,0.05,0.13360644282784828,0.5749151912878486,0.039885169541381306
ant-ivy,LSZZ,202,0.995,0.1,0.13647603120688592,0.5773622625696393,0.039885169541381306
ant-ivy,LSZZ,202,0.995,0.25,0.1460080046269625,0.5856757443938467,0.039885169541381306
ant-ivy,LSZZ,202,0.999,0.0,0.12139563465565467,0.5631159688052014,0.12756612701771944
ant-ivy,LSZZ,202,0.999,0.05,0.13282708153437153,0.5744387354362598,0.12756612701771944
ant-ivy,LSZZ,202,0.999,0.1,0.136742747251595,0.5776288506419236,0.12756612701771944
ant-ivy,LSZZ,202,0.999,0.25,0.14738615868468063,0.5869978299647436,0.12756612701771944
ant-ivy,LSZZ,314,0.9,0.0,0.10707109261631134,0.49537370034557754,-0.014929088428863223
ant-ivy,LSZZ,314,0.9,0.05,0.11750644034244599,0.5051999946200503,-0.014929088428863223
ant-ivy,LSZZ,314,0.9,0.1,0.11074214580734028,0.49988986304364663,-0.014929088428863223
ant-ivy,LSZZ,314,0.9,0.25,0.11605577122384092,0.5081207245868202,-0.014929088428863223
ant-ivy,LSZZ,314,0.95,0.0,0.10536875441105492,0.5217589116146748,-0.04849547521985604
ant-ivy,LSZZ,314,0.95,0.05,0.11603318498435145,0.5316567878582086,-0.04849547521985604
ant-ivy,LSZZ,314,0.95,0.1,0.11034290479664265,0.5276493525171505,-0.04849547521985604
ant-ivy,LSZZ,314,0.95,0.25,0.11453651570102331,0.5323939420250032,-0.04849547521985604
ant-ivy,LSZZ,314,0.99,0.0,0.10843411544633089,0.5512224361131292,-0.06799513719917159
ant-ivy,LSZZ,314,0.99,0.05,0.11911985828744664,0.5619667302873289,-0.06799513719917159
ant-ivy,LSZZ,314,0.99,0.1,0.1195769337989886,0.5625851680238441,-0.06799513719917159
ant-ivy,LSZZ,314,0.99,0.25,0.12264266001902621,0.5647675419984366,-0.06799513719917159
ant-ivy,LSZZ,314,0.995,0.0,0.11459474446604594,0.5586532543062399,-0.02919631197347433
ant-ivy,LSZZ,314,0.995,0.05,0.1256228886594734,0.569750064580851,-0.02919631197347433
ant-ivy,LSZZ,314,0.995,0.1,0.12779418403199458,0.5717013764211193,-0.02919631197347433
ant-ivy,LSZZ,314,0.995,0.25,0.13312845111996507,0.5759585748317333,-0.02919631197347433
ant-ivy,LSZZ,314,0.999,0.0,0.12213021875366867,0.564719280653159,0.09200375665998596
ant-ivy,LSZZ,314,0.999,0.05,0.13358260255030252,0.5761104843585878,0.09200375665998596
ant-ivy,LSZZ,314,0.999,0.1,0.137326528625139,0.5792180931466757,0.09200375665998596
ant-ivy,LSZZ,314,0.999,0.25,0.14619476886837202,0.5863573491015741,0.09200375665998596
ant-ivy,LSZZ,999,0.9,0.0,0.12809523555855964,0.5271642432111251,0.021290403439726588
ant-ivy,LSZZ,999,0.9,0.05,0.13964242381491257,0.5387216940763984,0.021290403439726588
ant-ivy,LSZZ,999,0.9,0.1,0.13777580674525608,0.5377653880799251,0.021290403439726588
ant-ivy,LSZZ,999,0.9,0.25,0.13239250129132143,0.5379428341134977,0.021290403439726588
ant-ivy,LSZZ,999,0.95,0.0,0.1260144298795749,0.5471745196676996,0.036385050572138845
ant-ivy,LSZZ,999,0.95,0.05,0.1380862416684249,0.5587772256358146,0.036385050572138845
ant-ivy,LSZZ,999,0.95,0.1,0.13679674700440234,0.5584123052900061,0.036385050572138845
ant-ivy,LSZZ,999,0.95,0.25,0.1308208078536464,0.5576044346665476,0.036385050572138845
ant-ivy,LSZZ,999,0.99,0.0,0.12474142800106586,0.5632357672658838,0.01774167811149538
ant-ivy,LSZZ,999,0.99,0.05,0.13686511003510976,0.5751510305870111,0.01774167811149538
ant-ivy,LSZZ,999,0.99,0.1,0.1402826621012676,0.5778111295687873,0.01774167811149538
ant-ivy,LSZZ,999,0.99,0.25,0.137306973595352,0.5783607584662881,0.01774167811149538
ant-ivy,LSZZ,999,0.995,0.0,0.12868504439039927,0.5675406063141711,0.03505904861883935
ant-ivy,LSZZ,999,0.995,0.05,0.14105362022399678,0.5796540446444234,0.03505904861883935
ant-ivy,LSZZ,999,0.995,0.1,0.14585531273506924,0.5833398322917346,0.03505904861883935
ant-ivy,LSZZ,999,0.995,0.25,0.1474952531250534,0.5874140868037897,0.03505904861883935
ant-ivy,LSZZ,999,0.999,0.0,0.13071707804687652,0.5681797932332597,0.12806294196864143
ant-ivy,LSZZ,999,0.999,0.05,0.14323292312982577,0.5803078725564383,0.12806294196864143
ant-ivy,LSZZ,999,0.999,0.1,0.1491312304367782,0.5847385761534383,0.12806294196864143
ant-ivy,LSZZ,999,0.999,0.25,0.15612446476537278,0.5924954960587994,0.12806294196864143
ant-ivy,RSZZ,7,0.9,0.0,0.1037859504352541,0.5043801671901346,-0.03343390272149392
ant-ivy,RSZZ,7,0.9,0.05,0.11514305565581871,0.5153269058864172,-0.03343390272149392
ant-ivy,RSZZ,7,0.9,0.1,0.1283039332908342,0.5236610620512592,-0.03343390272149392
ant-ivy,RSZZ,7,0.9,0.25,0.14910431488624837,0.5510833662300364,-0.03343390272149392
ant-ivy,RSZZ,7,0.95,0.0,0.1034422169290793,0.5273772654606472,-0.06782998782877026
ant-ivy,RSZZ,7,0.95,0.05,0.11463153575382126,0.53807419413829,-0.06782998782877026
ant-ivy,RSZZ,7,0.95,0.1,0.13039797932996663,0.5472263568851193,-0.06782998782877026
ant-ivy,RSZZ,7,0.95,0.25,0.15128477014479416,0.5707629041144244,-0.06782998782877026
ant-ivy,RSZZ,7,0.99,0.0,0.0994479991681986,0.549358048073023,0.01234153234677507
ant-ivy,RSZZ,7,0.99,0.05,0.1100661129424354,0.5603874377630343,0.01234153234677507
ant-ivy,RSZZ,7,0.99,0.1,0.12765516401749719,0.5708315402132573,0.01234153234677507
ant-ivy,RSZZ,7,0.99,0.25,0.15743409402829672,0.5943858275183506,0.01234153234677507
ant-ivy,RSZZ,7,0.995,0.0,0.09337287477135076,0.5462315996982401,0.05826794619844697
ant-ivy,RSZZ,7,0.995,0.05,0.10367375969410698,0.5570431615093874,0.05826794619844697
ant-ivy,RSZZ,7,0.995,0.1,0.12069032428283086,0.5672862988981511,0.05826794619844697
ant-ivy,RSZZ,7,0.995,0.25,0.15450623443874437,0.5923468461170281,0.05826794619844697
ant-ivy,RSZZ,7,0.999,0.0,0.06662653751097058,0.5247428910762835,0.1348715812587073
ant-ivy,RSZZ,7,0.999,0.05,0.07554420027144945,0.5343929412671515,0.1348715812587073
ant-ivy,RSZZ,7,0.999,0.1,0.09068232438173966,0.5433504949766422,0.1348715812587073
ant-ivy,RSZZ,7,0.999,0.25,0.12393117095299552,0.5663780455267708,0.1348715812587073
ant-ivy,RSZZ,13,0.9,0.0,0.1010472719550675,0.4972851921898096,-0.027928435240241172
ant-ivy,RSZZ,13,0.9,0.05,0.11395095246975542,0.5090851904519268,-0.027928435240241172
ant-ivy,RSZZ,13,0.9,0.1,0.1272963048967611,0.5173467670499752,-0.027928435240241172
ant-ivy,RSZZ,13,0.9,0.25,0.15105658501247624,0.5468047008410176,-0.027928435240241172
ant-ivy,RSZZ,13,0.95,0.0,0.09956360015604589,0.5163702618855067,-0.0671121763622907
ant-ivy,RSZZ,13,0.95,0.05,0.11188640053591854,0.5273358746011728,-0.0671121763622907
ant-ivy,RSZZ,13,0.95,0.1,0.12813427755915288,0.5362953566305315,-0.0671121763622907
ant-ivy,RSZZ,13,0.95,0.25,0.15176006224389865,0.5598340311180211,-0.0671121763622907
ant-ivy,RSZZ,13,0.99,0.0,0.09665403908368493,0.5444624262004842,-0.01736441241610455
ant-ivy,RSZZ,13,0.99,0.05,0.10795365793871717,0.5557128490158437,-0.01736441241610455
ant-ivy,RSZZ,13,0.99,0.1,0.12675345752329922,0.5664293774323506,-0.01736441241610455
ant-ivy,RSZZ,13,0.99,0.25,0.15957114633131808,0.5903765892967948,-0.01736441241610455
ant-ivy,RSZZ,13,0.995,0.0,0.09288585984566584,0.5451099608767244,0.04033181041883688
ant-ivy,RSZZ,13,0.995,0.05,0.10391820589905484,0.5563011252062,0.04033181041883688
ant-ivy,RSZZ,13,0.995,0.1,0.12234195407761944,0.5670490316767073,0.04033181041883688
ant-ivy,RSZZ,13,0.995,0.25,0.15977245534591455,0.5932607285182661,0.04033181041883688
ant-ivy,RSZZ,13,0.999,0.0,0.0662457418056285,0.5248862998654664,0.14146664542539905
ant-ivy,RSZZ,13,0.999,0.05,0.07584459216274109,0.5349526787772607,0.14146664542539905
ant-ivy,RSZZ,13,0.999,0.1,0.0924230646940931,0.5444921024101903,0.14146664542539905
ant-ivy,RSZZ,13,0.999,0.25,0.12938314284432292,0.5689161970862397,0.14146664542539905
ant-ivy,RSZZ,21,0.9,0.0,0.09741033933802029,0.4990823381778394,-0.03587564652214973
ant-ivy,RSZZ,21,0.9,0.05,0.10920143337723599,0.510746955167489,-0.03587564652214973
ant-ivy,RSZZ,21,0.9,0.1,0.11140877313286637,0.5109537399490831,-0.03587564652214973
ant-ivy,RSZZ,21,0.9,0.25,0.1339449070997851,0.5300202782575985,-0.03587564652214973
ant-ivy,RSZZ,21,0.95,0.0,0.09587815949971946,0.5205279195575029,-0.0778285924666329
ant-ivy,RSZZ,21,0.95,0.05,0.10766744561587982,0.5319572839025191,-0.0778285924666329
ant-ivy,RSZZ,21,0.95,0.1,0.11127616286329334,0.5337563372459169,-0.0778285924666329
ant-ivy,RSZZ,21,0.95,0.25,0.1359759052100019,0.55239668743353,-0.0778285924666329
ant-ivy,RSZZ,21,0.99,0.0,0.09879050844410696,0.5472858023115491,-0.03778422973235544
ant-ivy,RSZZ,21,0.99,0.05,0.1104967011621569,0.5592987980045991,-0.03778422973235544
ant-ivy,RSZZ,21,0.99,0.1,0.11900009738373725,0.565630145922817,-0.03778422973235544
ant-ivy,RSZZ,21,0.99,0.25,0.14360303916505202,0.5839186011302682,-0.03778422973235544
ant-ivy,RSZZ,21,0.995,0.0,0.09809778579664767,0.5479827402032766,0.015819613792183388
ant-ivy,RSZZ,21,0.995,0.05,0.1097612887633469,0.5599510287325266,0.015819613792183388
ant-ivy,RSZZ,21,0.995,0.1,0.11910907556867514,0.5670350096928389,0.015819613792183388
ant-ivy,RSZZ,21,0.995,0.25,0.14354522893554544,0.5857887973177729,0.015819613792183388
ant-ivy,RSZZ,21,0.999,0.0,0.08294145318546553,0.5336311845695424,0.11279397278002191
ant-ivy,RSZZ,21,0.999,0.05,0.0938157130334448,0.544783350783251,0.11279397278002191
ant-ivy,RSZZ,21,0.999,0.1,0.10296354524076506,0.5516208202537707,0.11279397278002191
ant-ivy,RSZZ,21,0.999,0.25,0.12513114743799006,0.5686678265012679,0.11279397278002191
ant-ivy,RSZZ,42,0.9,0.0,0.10011925955827132,0.49946407050601344,-0.020691089417532522
ant-ivy,RSZZ,42,0.9,0.05,0.11271145595136904,0.5109323353102969,-0.020691089417532522
ant-ivy,RSZZ,42,0.9,0.1,0.12154432628899438,0.5161493780938362,-0.020691089417532522
ant-ivy,RSZZ,42,0.9,0.25,0.14773182595644144,0.5477641937407157,-0.020691089417532522
ant-ivy,RSZZ,42,0.95,0.0,0.09877645726862819,0.519726370723594,-0.04424343522537411
ant-ivy,RSZZ,42,0.95,0.05,0.11082551932040693,0.5307254886780869,-0.04424343522537411
ant-ivy,RSZZ,42,0.95,0.1,0.12101624642981879,0.5369942658590756,-0.04424343522537411
ant-ivy,RSZZ,42,0.95,0.25,0.14691983388318447,0.5629021188859208,-0.04424343522537411
ant-ivy,RSZZ,42,0.99,0.0,0.09673046483698343,0.5434222518592011,0.008629023958885094
ant-ivy,RSZZ,42,0.99,0.05,0.10794041542306422,0.5546731247935716,0.008629023958885094
ant-ivy,RSZZ,42,0.99,0.1,0.120829273855753,0.5634142371184617,0.008629023958885094
ant-ivy,RSZZ,42,0.99,0.25,0.15094216283304657,0.5870968103197989,0.008629023958885094
ant-ivy,RSZZ,42,0.995,0.0,0.09444793335820194,0.5432849070735618,0.0498902496890964
ant-ivy,RSZZ,42,0.995,0.05,0.10548701218340774,0.5544424252671657,0.0498902496890964
ant-ivy,RSZZ,42,0.995,0.1,0.11855875261784933,0.5634509189071469,0.0498902496890964
ant-ivy,RSZZ,42,0.995,0.25,0.15127232906630617,0.5885125824325558,0.0498902496890964
ant-ivy,RSZZ,42,0.999,0.0,0.07398612196551937,0.5252439257398861,0.13597913149960872
ant-ivy,RSZZ,42,0.999,0.05,0.08392862571720125,0.535393192705357,0.13597913149960872
ant-ivy,RSZZ,42,0.999,0.1,0.09599027801339009,0.5435712674514424,0.13597913149960872
ant-ivy,RSZZ,42,0.999,0.25,0.1274679845793982,0.5667630172742127,0.13597913149960872
ant-ivy,RSZZ,77,0.9,0.0,0.09654096711104643,0.5010021502164774,-0.04493398641586769
ant-ivy,RSZZ,77,0.9,0.05,0.10629569486726599,0.5114712446673003,-0.04493398641586769
ant-ivy,RSZZ,77,0.9,0.1,0.10572891342882919,0.5106364211797296,-0.04493398641586769
ant-ivy,RSZZ,77,0.9,0.25,0.13043894861990324,0.5295174526493815,-0.04493398641586769
ant-ivy,RSZZ,77,0.95,0.0,0.09348044785898732,0.5174455770216202,-0.09190440267107501
ant-ivy,RSZZ,77,0.95,0.05,0.10344543351753864,0.5276240338825842,-0.09190440267107501
ant-ivy,RSZZ,77,0.95,0.1,0.10357318659915203,0.5278803360272039,-0.09190440267107501
ant-ivy,RSZZ,77,0.95,0.25,0.12832145533484318,0.5444034678351837,-0.09190440267107501
ant-ivy,RSZZ,77,0.99,0.0,0.09819247212413905,0.5451557179496352,-0.06905330225640585
ant-ivy,RSZZ,77,0.99,0.05,0.10868877496819196,0.556246123482403,-0.06905330225640585
ant-ivy,RSZZ,77,0.99,0.1,0.113312731806211,0.5608909625061463,-0.06905330225640585
ant-ivy,RSZZ,77,0.99,0.25,0.1341295263972639,0.5761163625509819,-0.06905330225640585
ant-ivy,RSZZ,77,0.995,0.0,0.09972567881135094,0.5480862602287861,-0.00604945079056153
ant-ivy,RSZZ,77,0.995,0.05,0.11036998763117761,0.5592898313285567,-0.00604945079056153
ant-ivy,RSZZ,77,0.995,0.1,0.11606752385324333,0.5648470649900603,-0.00604945079056153
ant-ivy,RSZZ,77,0.995,0.25,0.13569358878163001,0.5803956809429874,-0.00604945079056153
ant-ivy,RSZZ,77,0.999,0.0,0.08681448902119815,0.5354542314769801,0.10720332620984828
ant-ivy,RSZZ,77,0.999,0.05,0.09684619582626096,0.5459651437751863,0.10720332620984828
ant-ivy,RSZZ,77,0.999,0.1,0.1026072777394471,0.5514166738398723,0.10720332620984828
ant-ivy,RSZZ,77,0.999,0.25,0.1189576930435371,0.5650206754322671,0.10720332620984828
ant-ivy,RSZZ,101,0.9,0.0,0.11130433697659,0.509827298362034,-0.025056942578820674
ant-ivy,RSZZ,101,0.9,0.05,0.12117818173519741,0.5203352554262648,-0.025056942578820674
ant-ivy,RSZZ,101,0.9,0.1,0.1219064359243258,0.5203485977213737,-0.025056942578820674
ant-ivy,RSZZ,101,0.9,0.25,0.14350461588353122,0.5505503542194968,-0.025056942578820674
ant-ivy,RSZZ,101,0.95,0.0,0.11053392613813648,0.5301346649440627,-0.059972388510929814
ant-ivy,RSZZ,101,0.95,0.05,0.12077048877884695,0.5405021442073458,-0.059972388510929814
ant-ivy,RSZZ,101,0.95,0.1,0.12201680560598582,0.5416094699666393,-0.059972388510929814
ant-ivy,RSZZ,101,0.95,0.25,0.14429838564462408,0.5660128371075488,-0.059972388510929814
ant-ivy,RSZZ,101,0.99,0.0,0.11143892869846996,0.5533227436520826,0.01829382870561414
ant-ivy,RSZZ,101,0.99,0.05,0.12210935260249856,0.5644163824449826,0.01829382870561414
ant-ivy,RSZZ,101,0.99,0.1,0.12706390982720134,0.5691962128945587,0.01829382870561414
ant-ivy,RSZZ,101,0.99,0.25,0.14873057622680674,0.587876504374872,0.01829382870561414
ant-ivy,RSZZ,101,0.995,0.0,0.11063588300227237,0.5527811259416535,0.06291652290238373
ant-ivy,RSZZ,101,0.995,0.05,0.12135480559226487,0.563824635723879,0.06291652290238373
ant-ivy,RSZZ,101,0.995,0.1,0.12716488396186482,0.5692453464568558,0.06291652290238373
ant-ivy,RSZZ,101,0.995,0.25,0.14911293969611386,0.5879382908635287,0.06291652290238373
ant-ivy,RSZZ,101,0.999,0.0,0.09895436452438588,0.5387913657749421,0.1400430892238252
ant-ivy,RSZZ,101,0.999,0.05,0.10914493852509974,0.5490878758365605,0.1400430892238252
ant-ivy,RSZZ,101,0.999,0.1,0.1150332415538695,0.5542744184741161,0.1400430892238252
ant-ivy,RSZZ,101,0.999,0.25,0.13525958991991124,0.5709262954643378,0.1400430892238252
ant-ivy,RSZZ,123,0.9,0.0,0.11550615518167025,0.5101651475371938,-0.04204511796424099
ant-ivy,RSZZ,123,0.9,0.05,0.12671470034233226,0.5209793097478027,-0.04204511796424099
ant-ivy,RSZZ,123,0.9,0.1,0.13242158447991234,0.5241718792796195,-0.04204511796424099
ant-ivy,RSZZ,123,0.9,0.25,0.15713839908871893,0.5553075647843483,-0.04204511796424099
ant-ivy,RSZZ,123,0.95,0.0,0.11647603425735305,0.5330349588090645,-0.07990299520731839
ant-ivy,RSZZ,123,0.95,0.05,0.1278337672651047,0.5437657204120112,-0.07990299520731839
ant-ivy,RSZZ,123,0.95,0.1,0.13478039383868984,0.5481514820093175,-0.07990299520731839
ant-ivy,RSZZ,123,0.95,0.25,0.15985091726995482,0.573808855565757,-0.07990299520731839
ant-ivy,RSZZ,123,0.99,0.0,0.11539722442093256,0.5558277251919805,0.0017991926456204285
ant-ivy,RSZZ,123,0.99,0.05,0.12663365375315266,0.5671130208060172,0.0017991926456204285
ant-ivy,RSZZ,123,0.99,0.1,0.1364573004027609,0.5741833904234751,0.0017991926456204285
ant-ivy,RSZZ,123,0.99,0.25,0.16423116966199353,0.5970328825858395,0.0017991926456204285
ant-ivy,RSZZ,123,0.995,0.0,0.11256761241397299,0.554218165874229,0.0495429252601547
ant-ivy,RSZZ,123,0.995,0.05,0.12369134603399803,0.5653818761221377,0.0495429252601547
ant-ivy,RSZZ,123,0.995,0.1,0.13385309814017735,0.5727541722869498,0.0495429252601547
ant-ivy,RSZZ,123,0.995,0.25,0.16318940060100043,0.5961287944366921,0.0495429252601547
ant-ivy,RSZZ,123,0.999,0.0,0.09527977113033086,0.5372944412079883,0.13825870851931052
ant-ivy,RSZZ,123,0.999,0.05,0.1055406915671644,0.547547090280306,0.13825870851931052
ant-ivy,RSZZ,123,0.999,0.1,0.11507619292262947,0.5542738436505102,0.13825870851931052
ant-ivy,RSZZ,123,0.999,0.25,0.14292912395105317,0.575420182978989,0.13825870851931052
ant-ivy,RSZZ,202,0.9,0.0,0.11745911068277635,0.5113151079734334,-0.040032713375236124
ant-ivy,RSZZ,202,0.9,0.05,0.13018504383752244,0.5230361747300123,-0.040032713375236124
ant-ivy,RSZZ,202,0.9,0.1,0.13274537163535488,0.5236836322627216,-0.040032713375236124
ant-ivy,RSZZ,202,0.9,0.25,0.16250952954885667,0.5591403918043085,-0.040032713375236124
ant-ivy,RSZZ,202,0.95,0.0,0.11569263318608941,0.5309348486957498,-0.08299076376962276
ant-ivy,RSZZ,202,0.95,0.05,0.12814381474054137,0.542272983579191,-0.08299076376962276
ant-ivy,RSZZ,202,0.95,0.1,0.13192588459899693,0.5442386781280415,-0.08299076376962276
ant-ivy,RSZZ,202,0.95,0.25,0.1604235546525729,0.5723614033206482,-0.08299076376962276
ant-ivy,RSZZ,202,0.99,0.0,0.11798912204861937,0.5580403447153252,-0.0339079072120201
ant-ivy,RSZZ,202,0.99,0.05,0.13009623170436704,0.5699364024412455,-0.0339079072120201
ant-ivy,RSZZ,202,0.99,0.1,0.1386794572937033,0.5761155451120449,-0.0339079072120201
ant-ivy,RSZZ,202,0.99,0.25,0.16726029667471257,0.5981176234543433,-0.0339079072120201
ant-ivy,RSZZ,202,0.995,0.0,0.11799771498486829,0.559388789251429,0.02375871955702208
ant-ivy,RSZZ,202,0.995,0.05,0.1300828121835188,0.5712845169732211,0.02375871955702208
ant-ivy,RSZZ,202,0.995,0.1,0.13956804210026053,0.5782104607911848,0.02375871955702208
ant-ivy,RSZZ,202,0.995,0.25,0.16914481763826297,0.6006173318471199,0.02375871955702208
ant-ivy,RSZZ,202,0.999,0.0,0.10149275865964257,0.5437661350495189,0.13643710693087888
ant-ivy,RSZZ,202,0.999,0.05,0.11270996490622402,0.554791788193175,0.13643710693087888
ant-ivy,RSZZ,202,0.999,0.1,0.12193185927009874,0.5613648266365792,0.13643710693087888
ant-ivy,RSZZ,202,0.999,0.25,0.1492970575030826,0.5814134772893151,0.13643710693087888
ant-ivy,RSZZ,314,0.9,0.0,0.09984584214557031,0.5002893056735229,-0.024680302219008528
ant-ivy,RSZZ,314,0.9,0.05,0.11029667559713459,0.5106452192231646,-0.024680302219008528
ant-ivy,RSZZ,314,0.9,0.1,0.11091075048207823,0.5100699413656397,-0.024680302219008528
ant-ivy,RSZZ,314,0.9,0.25,0.1355358201933438,0.5411871661507983,-0.024680302219008528
ant-ivy,RSZZ,314,0.95,0.0,0.09944348824347911,0.519366593751178,-0.06078706451746875
ant-ivy,RSZZ,314,0.95,0.05,0.10995841829379571,0.5294224682367902,-0.06078706451746875
ant-ivy,RSZZ,314,0.95,0.1,0.11147619088788936,0.529794751755973,-0.06078706451746875
ant-ivy,RSZZ,314,0.95,0.25,0.13565760688633666,0.5544074262137079,-0.06078706451746875
ant-ivy,RSZZ,314,0.99,0.0,0.10247758623111988,0.5460587653882165,-0.006570640790110609
ant-ivy,RSZZ,314,0.99,0.05,0.11306453999317084,0.5568544699124699,-0.006570640790110609
ant-ivy,RSZZ,314,0.99,0.1,0.11897005544856576,0.5611089728749549,-0.006570640790110609
ant-ivy,RSZZ,314,0.99,0.25,0.14328118290429356,0.5804950521725831,-0.006570640790110609
ant-ivy,RSZZ,314,0.995,0.0,0.10346252455027605,0.5486792575460826,0.03733245614814437
ant-ivy,RSZZ,314,0.995,0.05,0.1141334011924646,0.5595722360025773,0.03733245614814437
ant-ivy,RSZZ,314,0.995,0.1,0.12097735814566515,0.5646423891302497,0.03733245614814437
ant-ivy,RSZZ,314,0.995,0.25,0.14609994194590797,0.5843742482489527,0.03733245614814437
ant-ivy,RSZZ,314,0.999,0.0,0.09224607493822799,0.5370758877535371,0.12685504684615503
ant-ivy,RSZZ,314,0.999,0.05,0.10236938770977344,0.54733417853508,0.12685504684615503
ant-ivy,RSZZ,314,0.999,0.1,0.10926548629924535,0.5522979327438519,0.12685504684615503
ant-ivy,RSZZ,314,0.999,0.25,0.1327620318114666,0.570027923135738,0.12685504684615503
ant-ivy,RSZZ,999,0.9,0.0,0.08663519096668942,0.4929142673760935,-0.0490724974167701
ant-ivy,RSZZ,999,0.9,0.05,0.09697834212850215,0.503356325369891,-0.0490724974167701
ant-ivy,RSZZ,999,0.9,0.1,0.10293857604131294,0.5066678080983023,-0.0490724974167701
ant-ivy,RSZZ,999,0.9,0.25,0.12461572821542434,0.533453824927066,-0.0490724974167701
ant-ivy,RSZZ,999,0.95,0.0,0.08547657103502003,0.5105750383156411,-0.09448616402004503
ant-ivy,RSZZ,999,0.95,0.05,0.09576491505696849,0.5206576784500616,-0.09448616402004503
ant-ivy,RSZZ,999,0.95,0.1,0.10291662116647893,0.5250050982981554,-0.09448616402004503
ant-ivy,RSZZ,999,0.95,0.25,0.12401864514160725,0.5470740078705736,-0.09448616402004503
ant-ivy,RSZZ,999,0.99,0.0,0.08969664926156244,0.5377889525127169,-0.06829364411236044
ant-ivy,RSZZ,999,0.99,0.05,0.1000645975842382,0.548591020501101,-0.06829364411236044
ant-ivy,RSZZ,999,0.99,0.1,0.11037287330120514,0.5560333270260279,-0.06829364411236044
ant-ivy,RSZZ,999,0.99,0.25,0.13545761695598682,0.5772921030675089,-0.06829364411236044
ant-ivy,RSZZ,999,0.995,0.0,0.089673389908557,0.5395525743037726,-0.009623973772637498
ant-ivy,RSZZ,999,0.995,0.05,0.10005851454142428,0.5503889459326473,-0.009623973772637498
ant-ivy,RSZZ,999,0.995,0.1,0.1108018668206414,0.5583106131604095,-0.009623973772637498
ant-ivy,RSZZ,999,0.995,0.25,0.13829043172493344,0.5810931409230794,-0.009623973772637498
ant-ivy,RSZZ,999,0.999,0.0,0.07631888899639797,0.5264897692113384,0.10082531799149994
ant-ivy,RSZZ,999,0.999,0.05,0.0860314694456453,0.5365982137319136,0.10082531799149994
ant-ivy,RSZZ,999,0.999,0.1,0.0963053095596568,0.5440693072815278,0.10082531799149994
ant-ivy,RSZZ,999,0.999,0.25,0.1235044544947304,0.565776654001312,0.10082531799149994
ant-ivy,RASZZ,7,0.9,0.0,0.10043146689725699,0.4901277206414288,-0.026047633771289266
ant-ivy,RASZZ,7,0.9,0.05,0.11100362978178967,0.5037640665644462,-0.026047633771289266
ant-ivy,RASZZ,7,0.9,0.1,0.10861580293125818,0.5022380452445483,-0.026047633771289266
ant-ivy,RASZZ,7,0.9,0.25,0.12052122265639016,0.5076631997837615,-0.026047633771289266
ant-ivy,RASZZ,7,0.95,0.0,0.09881009156129807,0.5085426663834346,-0.05906472460150181
ant-ivy,RASZZ,7,0.95,0.05,0.11041037990514345,0.5236278277746755,-0.05906472460150181
ant-ivy,RASZZ,7,0.95,0.1,0.10895890364144575,0.5228430390982177,-0.05906472460150181
ant-ivy,RASZZ,7,0.95,0.25,0.12201810098393964,0.5296833447666066,-0.05906472460150181
ant-ivy,RASZZ,7,0.99,0.0,0.10591548813747141,0.5432040785019354,-0.0452187460613125
ant-ivy,RASZZ,7,0.99,0.05,0.11858392590127592,0.5615917344894586,-0.0452187460613125
ant-ivy,RASZZ,7,0.99,0.1,0.12244961819159958,0.5639163046320038,-0.0452187460613125
ant-ivy,RASZZ,7,0.99,0.25,0.13811124079264786,0.5749821560447218,-0.0452187460613125
ant-ivy,RASZZ,7,0.995,0.0,0.10866483189258548,0.5499654609227157,0.0007448704858247323
ant-ivy,RASZZ,7,0.995,0.05,0.1214995902457569,0.5689872033405364,0.0007448704858247323
ant-ivy,RASZZ,7,0.995,0.1,0.1269152447120067,0.572360728818125,0.0007448704858247323
ant-ivy,RASZZ,7,0.995,0.25,0.14466837708873295,0.584835390939681,0.0007448704858247323
ant-ivy,RASZZ,7,0.999,0.0,0.09857132609571319,0.5438982511651632,0.10688643415468767
ant-ivy,RASZZ,7,0.999,0.05,0.11087819023874486,0.5628404256973135,0.10688643415468767
ant-ivy,RASZZ,7,0.999,0.1,0.11694279743060218,0.5665709232816161,0.10688643415468767
ant-ivy,RASZZ,7,0.999,0.25,0.13509880542695835,0.5782525537156976,0.10688643415468767
ant-ivy,RASZZ,13,0.9,0.0,0.10684148942258206,0.4920585123019248,-0.025794877721702383
ant-ivy,RASZZ,13,0.9,0.05,0.11601932320215332,0.5040508321901523,-0.025794877721702383
ant-ivy,RASZZ,13,0.9,0.1,0.11829245107650069,0.5047679934438276,-0.025794877721702383
ant-ivy,RASZZ,13,0.9,0.25,0.14367072460854602,0.5341823866969112,-0.025794877721702383
ant-ivy,RASZZ,13,0.95,0.0,0.10930147786823509,0.517561323844576,-0.057836143255381056
ant-ivy,RASZZ,13,0.95,0.05,0.120049270644736,0.5316073196644198,-0.057836143255381056
ant-ivy,RASZZ,13,0.95,0.1,0.1219731093280355,0.5322481324261368,-0.057836143255381056
ant-ivy,RASZZ,13,0.95,0.25,0.14698584002102624,0.556102950076076,-0.057836143255381056
ant-ivy,RASZZ,13,0.99,0.0,0.1167042978072369,0.554384109870517,-0.04886924375499858
ant-ivy,RASZZ,13,0.99,0.05,0.12895415737038268,0.5719501391409646,-0.04886924375499858
ant-ivy,RASZZ,13,0.99,0.1,0.13364733244028262,0.5748630623585673,-0.04886924375499858
ant-ivy,RASZZ,13,0.99,0.25,0.16020659806527934,0.5938909975547085,-0.04886924375499858
ant-ivy,RASZZ,13,0.995,0.0,0.11601519538179339,0.5576432695668863,0.01349563971260241
ant-ivy,RASZZ,13,0.995,0.05,0.12831128163908,0.575679939582832,0.01349563971260241
ant-ivy,RASZZ,13,0.995,0.1,0.13403604470518066,0.5793058535526934,0.01349563971260241
ant-ivy,RASZZ,13,0.995,0.25,0.16191926098261547,0.5981792639735836,0.01349563971260241
ant-ivy,RASZZ,13,0.999,0.0,0.09673658492538462,0.5442605185491279,0.12659895146126107
ant-ivy,RASZZ,13,0.999,0.05,0.10807227226297995,0.5618540427026693,0.12659895146126107
ant-ivy,RASZZ,13,0.999,0.1,0.11369013344933293,0.5652903675656658,0.12659895146126107
ant-ivy,RASZZ,13,0.999,0.25,0.13917556544592155,0.5810756351821152,0.12659895146126107
ant-ivy,RASZZ,21,0.9,0.0,0.09770064089080857,0.4836965879272495,-0.043344616221149664
ant-ivy,RASZZ,21,0.9,0.05,0.10703646808701148,0.4956337496876001,-0.043344616221149664
ant-ivy,RASZZ,21,0.9,0.1,0.10459960112035546,0.4933949752665161,-0.043344616221149664
ant-ivy,RASZZ,21,0.9,0.25,0.11416216187235949,0.49884319304232255,-0.043344616221149664
ant-ivy,RASZZ,21,0.95,0.0,0.10019942318461961,0.5111951854909811,-0.07863074050224896
ant-ivy,RASZZ,21,0.95,0.05,0.111077094726957,0.5252184207238424,-0.07863074050224896
ant-ivy,RASZZ,21,0.95,0.1,0.10919789101275368,0.5239848888761834,-0.07863074050224896
ant-ivy,RASZZ,21,0.95,0.25,0.12209539884542542,0.5318614253219828,-0.07863074050224896
ant-ivy,RASZZ,21,0.99,0.0,0.10649000111604884,0.5476604261752729,-0.0616580675714717
ant-ivy,RASZZ,21,0.99,0.05,0.11874412907057512,0.5650810843259622,-0.0616580675714717
ant-ivy,RASZZ,21,0.99,0.1,0.1218661301125126,0.5671608205299528,-0.0616580675714717
ant-ivy,RASZZ,21,0.99,0.25,0.13878719476694057,0.579036231845679,-0.0616580675714717
ant-ivy,RASZZ,21,0.995,0.0,0.10463583179490993,0.5503392556201439,0.002430114423613756
ant-ivy,RASZZ,21,0.995,0.05,0.11685981096790182,0.568182868827773,0.002430114423613756
ant-ivy,RASZZ,21,0.995,0.1,0.12131159679266815,0.5710815163107067,0.002430114423613756
ant-ivy,RASZZ,21,0.995,0.25,0.13932683041577187,0.5836088350893794,0.002430114423613756
ant-ivy,RASZZ,21,0.999,0.0,0.08725481863337889,0.5386985247626098,0.10136275098454664
ant-ivy,RASZZ,21,0.999,0.05,0.09860407632324687,0.5561759661559312,0.10136275098454664
ant-ivy,RASZZ,21,0.999,0.1,0.10333290502925728,0.5590888447348277,0.10136275098454664
ant-ivy,RASZZ,21,0.999,0.25,0.11988441343610114,0.5696700642220125,0.10136275098454664
ant-ivy,RASZZ,42,0.9,0.0,0.12801767008788878,0.5025679314831629,-0.02447523823129835
ant-ivy,RASZZ,42,0.9,0.05,0.13954619264432963,0.5159909437707167,-0.02447523823129835
ant-ivy,RASZZ,42,0.9,0.1,0.1431293323268946,0.5173190499033884,-0.02447523823129835
ant-ivy,RASZZ,42,0.9,0.25,0.16066823955923695,0.5356330982143429,-0.02447523823129835
ant-ivy,RASZZ,42,0.95,0.0,0.12854917935224178,0.5260473958936382,-0.05310794272858701
ant-ivy,RASZZ,42,0.95,0.05,0.1411961020229046,0.5410825618402889,-0.05310794272858701
ant-ivy,RASZZ,42,0.95,0.1,0.1451748509024961,0.5426670875531209,-0.05310794272858701
ant-ivy,RASZZ,42,0.95,0.25,0.16213535054687594,0.558397994460438,-0.05310794272858701
ant-ivy,RASZZ,42,0.99,0.0,0.13226224504638337,0.5619120617658614,-0.030786184895530262
ant-ivy,RASZZ,42,0.99,0.05,0.14582494306921073,0.5801821472212174,-0.030786184895530262
ant-ivy,RASZZ,42,0.99,0.1,0.15309382869129184,0.5844721009211133,-0.030786184895530262
ant-ivy,RASZZ,42,0.99,0.25,0.17462632958679908,0.6012074551395751,-0.030786184895530262
ant-ivy,RASZZ,42,0.995,0.0,0.13109867255465157,0.5652221781089684,0.03097329254931729
ant-ivy,RASZZ,42,0.995,0.05,0.14463870915406307,0.5839371874073467,0.03097329254931729
ant-ivy,RASZZ,42,0.995,0.1,0.15289875709518472,0.5889749322570689,0.03097329254931729
ant-ivy,RASZZ,42,0.995,0.25,0.1775097140148546,0.6064941288067723,0.03097329254931729
ant-ivy,RASZZ,42,0.999,0.0,0.11070049425999433,0.5511433237387199,0.14263907547921348
ant-ivy,RASZZ,42,0.999,0.05,0.12318902816971516,0.5693564002962449,0.14263907547921348
ant-ivy,RASZZ,42,0.999,0.1,0.13123570325579262,0.5741751487328187,0.14263907547921348
ant-ivy,RASZZ,42,0.999,0.25,0.1552566749802309,0.5892876951434667,0.14263907547921348
ant-ivy,RASZZ,77,0.9,0.0,0.10835820359228858,0.4938312999780736,-0.03636957865938802
ant-ivy,RASZZ,77,0.9,0.05,0.1188668434739807,0.5067789347168817,-0.03636957865938802
ant-ivy,RASZZ,77,0.9,0.1,0.11555164622750695,0.5072132271252028,-0.03636957865938802
ant-ivy,RASZZ,77,0.9,0.25,0.145357333955893,0.537579101573083,-0.03636957865938802
ant-ivy,RASZZ,77,0.95,0.0,0.10607549617709457,0.5118259831226422,-0.06618373658242648
ant-ivy,RASZZ,77,0.95,0.05,0.11750525459841732,0.5261134550203896,-0.06618373658242648
ant-ivy,RASZZ,77,0.95,0.1,0.11458628223688049,0.5263648356267051,-0.06618373658242648
ant-ivy,RASZZ,77,0.95,0.25,0.1420023121182258,0.5516297855725132,-0.06618373658242648
ant-ivy,RASZZ,77,0.99,0.0,0.1120391399015566,0.5492479565137063,-0.0294911815273466
ant-ivy,RASZZ,77,0.99,0.05,0.12440797386142663,0.5668180076072696,-0.0294911815273466
ant-ivy,RASZZ,77,0.99,0.1,0.12689576077898862,0.5690330011263789,-0.0294911815273466
ant-ivy,RASZZ,77,0.99,0.25,0.1508071867463481,0.5874155003017484,-0.0294911815273466
ant-ivy,RASZZ,77,0.995,0.0,0.11324112373703352,0.5542130326283154,0.025452135216626096
ant-ivy,RASZZ,77,0.995,0.05,0.12570038240215559,0.5723120525846838,0.025452135216626096
ant-ivy,RASZZ,77,0.995,0.1,0.12977247934949845,0.5752597940749463,0.025452135216626096
ant-ivy,RASZZ,77,0.995,0.25,0.1538505916660741,0.5929894223552192,0.025452135216626096
ant-ivy,RASZZ,77,0.999,0.0,0.09875140599231343,0.5441793086464619,0.1256854161214811
ant-ivy,RASZZ,77,0.999,0.05,0.11046047524502513,0.561986614033142,0.1256854161214811
ant-ivy,RASZZ,77,0.999,0.1,0.11503245647452123,0.5648976925518783,0.1256854161214811
ant-ivy,RASZZ,77,0.999,0.25,0.13672644427818195,0.5795168702539834,0.1256854161214811
ant-ivy,RASZZ,101,0.9,0.0,0.0896013269836662,0.4880518133821871,-0.02666527069289465
ant-ivy,RASZZ,101,0.9,0.05,0.09976481523695153,0.5010778694632263,-0.02666527069289465
ant-ivy,RASZZ,101,0.9,0.1,0.10229098768200723,0.5020595238117428,-0.02666527069289465
ant-ivy,RASZZ,101,0.9,0.25,0.1282258180522057,0.5225630928045862,-0.02666527069289465
ant-ivy,RASZZ,101,0.95,0.0,0.08975223303530896,0.510103699972025,-0.059768230027773595
ant-ivy,RASZZ,101,0.95,0.05,0.10093383732115098,0.5246066666527099,-0.059768230027773595
ant-ivy,RASZZ,101,0.95,0.1,0.10408259208576898,0.5258669245499973,-0.059768230027773595
ant-ivy,RASZZ,101,0.95,0.25,0.13118715970062889,0.5448503700954372,-0.059768230027773595
ant-ivy,RASZZ,101,0.99,0.0,0.09387195643719698,0.5419525830065366,-0.028432899598816588
ant-ivy,RASZZ,101,0.99,0.05,0.1058278724577903,0.5593433119329276,-0.028432899598816588
ant-ivy,RASZZ,101,0.99,0.1,0.11246707435309428,0.5633235415139992,-0.028432899598816588
ant-ivy,RASZZ,101,0.99,0.25,0.1394931951593821,0.5809461725100853,-0.028432899598816588
ant-ivy,RASZZ,101,0.995,0.0,0.08876549875903668,0.5423019553389359,0.030261970858762536
ant-ivy,RASZZ,101,0.995,0.05,0.10046644214906678,0.5599634358167792,0.030261970858762536
ant-ivy,RASZZ,101,0.995,0.1,0.10781891887314884,0.5645314718903602,0.030261970858762536
ant-ivy,RASZZ,101,0.995,0.25,0.1340516115369916,0.5814577822333256,0.030261970858762536
ant-ivy,RASZZ,101,0.999,0.0,0.06484856151916205,0.5269688561456777,0.10431363992093504
ant-ivy,RASZZ,101,0.999,0.05,0.0752928111980797,0.5440478152823953,0.10431363992093504
ant-ivy,RASZZ,101,0.999,0.1,0.08216684597621159,0.5483183502981994,0.10431363992093504
ant-ivy,RASZZ,101,0.999,0.25,0.10455805681578513,0.5619998343525345,0.10431363992093504
ant-ivy,RASZZ,123,0.9,0.0,0.12139102092500423,0.49494644923282355,-0.022423427441890055
ant-ivy,RASZZ,123,0.9,0.05,0.13196556080273372,0.5074718390352957,-0.022423427441890055
ant-ivy,RASZZ,123,0.9,0.1,0.128733021248036,0.5052373344365271,-0.022423427441890055
ant-ivy,RASZZ,123,0.9,0.25,0.15104385243017662,0.5256099180423728,-0.022423427441890055
ant-ivy,RASZZ,123,0.95,0.0,0.12267541403963478,0.5226137012392227,-0.049846179177018606
ant-ivy,RASZZ,123,0.95,0.05,0.13472830079007753,0.5372339830471554,-0.049846179177018606
ant-ivy,RASZZ,123,0.95,0.1,0.1326230208047938,0.5359809562509246,-0.049846179177018606
ant-ivy,RASZZ,123,0.95,0.25,0.15551534265669445,0.5527413031977612,-0.049846179177018606
ant-ivy,RASZZ,123,0.99,0.0,0.1308041686560482,0.5632538902323373,-0.04993095820680936
ant-ivy,RASZZ,123,0.99,0.05,0.14432962563227375,0.5814898929088861,-0.04993095820680936
ant-ivy,RASZZ,123,0.99,0.1,0.14806931637233808,0.5840698440036625,-0.04993095820680936
ant-ivy,RASZZ,123,0.99,0.25,0.1702991769651895,0.5989238008871907,-0.04993095820680936
ant-ivy,RASZZ,123,0.995,0.0,0.13182325742397308,0.5681264190633852,0.011568860799479283
ant-ivy,RASZZ,123,0.995,0.05,0.14546880133573953,0.5869000800327524,0.011568860799479283
ant-ivy,RASZZ,123,0.995,0.1,0.1508383931588565,0.5904844413848809,0.011568860799479283
ant-ivy,RASZZ,123,0.995,0.25,0.17338852515579017,0.6056025760191162,0.011568860799479283
ant-ivy,RASZZ,123,0.999,0.0,0.11582699029104447,0.5571218459849899,0.13071760857428968
ant-ivy,RASZZ,123,0.999,0.05,0.12867021774079038,0.5755625982918998,0.13071760857428968
ant-ivy,RASZZ,123,0.999,0.1,0.13450198975773572,0.5792432484678831,0.13071760857428968
ant-ivy,RASZZ,123,0.999,0.25,0.15487801965462425,0.5921456837872601,0.13071760857428968
ant-ivy,RASZZ,202,0.9,0.0,0.08898189155593607,0.46879101051634886,-0.026150890328309556
ant-ivy,RASZZ,202,0.9,0.05,0.0991129910286865,0.4808099657939455,-0.026150890328309556
ant-ivy,RASZZ,202,0.9,0.1,0.09360867111527557,0.47868213691243294,-0.026150890328309556
ant-ivy,RASZZ,202,0.9,0.25,0.10941815866240481,0.4955589775900594,-0.026150890328309556
ant-ivy,RASZZ,202,0.95,0.0,0.08701413562441732,0.49160893571176995,-0.05898978441265257
ant-ivy,RASZZ,202,0.95,0.05,0.09805257141818656,0.5051448558951868,-0.05898978441265257
ant-ivy,RASZZ,202,0.95,0.1,0.0932584150726196,0.5034790025120062,-0.05898978441265257
ant-ivy,RASZZ,202,0.95,0.25,0.10731793611858136,0.5169615937122245,-0.05898978441265257
ant-ivy,RASZZ,202,0.99,0.0,0.09417957576018846,0.5351651705390761,-0.043269713393900566
ant-ivy,RASZZ,202,0.99,0.05,0.10615157645126501,0.5522010020815477,-0.043269713393900566
ant-ivy,RASZZ,202,0.99,0.1,0.10754112397511498,0.553511727274192,-0.043269713393900566
ant-ivy,RASZZ,202,0.99,0.25,0.12051444876113747,0.5647687411745566,-0.043269713393900566
ant-ivy,RASZZ,202,0.995,0.0,0.09593955232859763,0.542100947935721,0.008372139305061761
ant-ivy,RASZZ,202,0.995,0.05,0.10801560963076165,0.5597519182225466,0.008372139305061761
ant-ivy,RASZZ,202,0.995,0.1,0.11116711460934392,0.5620120033575103,0.008372139305061761
ant-ivy,RASZZ,202,0.995,0.25,0.12565605565335258,0.5738903697182156,0.008372139305061761
ant-ivy,RASZZ,202,0.999,0.0,0.08857055605617536,0.5382934043817018,0.10118566975432712
ant-ivy,RASZZ,202,0.999,0.05,0.10025517146251857,0.5559644967595186,0.10118566975432712
ant-ivy,RASZZ,202,0.999,0.1,0.10443919892747423,0.5586231668964105,0.10118566975432712
ant-ivy,RASZZ,202,0.999,0.25,0.11955593986400459,0.5695963771856276,0.10118566975432712
ant-ivy,RASZZ,314,0.9,0.0,0.10685153892570785,0.4943713385631167,-0.02545302261155383
ant-ivy,RASZZ,314,0.9,0.05,0.11666584445053295,0.5068666572194604,-0.02545302261155383
ant-ivy,RASZZ,314,0.9,0.1,0.11060807827829437,0.5043642888483457,-0.02545302261155383
ant-ivy,RASZZ,314,0.9,0.25,0.13037140062382035,0.5252630772035422,-0.02545302261155383
ant-ivy,RASZZ,314,0.95,0.0,0.10537470592302173,0.5128595380570857,-0.056103847028224234
ant-ivy,RASZZ,314,0.95,0.05,0.11652298048436055,0.5269697982607237,-0.056103847028224234
ant-ivy,RASZZ,314,0.95,0.1,0.11137459454678351,0.5249561942861498,-0.056103847028224234
ant-ivy,RASZZ,314,0.95,0.25,0.13060678017265043,0.5434716350557308,-0.056103847028224234
ant-ivy,RASZZ,314,0.99,0.0,0.11431375325319472,0.5503357131758024,-0.033744526529052556
ant-ivy,RASZZ,314,0.99,0.05,0.12697696628678748,0.5678962556141011,-0.033744526529052556
ant-ivy,RASZZ,314,0.99,0.1,0.1282721137766733,0.569167480586587,-0.033744526529052556
ant-ivy,RASZZ,314,0.99,0.25,0.14611089861067772,0.584007485231945,-0.033744526529052556
ant-ivy,RASZZ,314,0.995,0.0,0.11616935417829771,0.5557871852338864,0.01779578088638956
ant-ivy,RASZZ,314,0.995,0.05,0.12899639334519225,0.5739156575062865,0.01779578088638956
ant-ivy,RASZZ,314,0.995,0.1,0.13212273284433562,0.5761642669766702,0.01779578088638956
ant-ivy,RASZZ,314,0.995,0.25,0.15051161961194695,0.5906581409972128,0.01779578088638956
ant-ivy,RASZZ,314,0.999,0.0,0.1026156998825169,0.5469431715108448,0.11953967270933594
ant-ivy,RASZZ,314,0.999,0.05,0.11476814090567312,0.5648517055445967,0.11953967270933594
ant-ivy,RASZZ,314,0.999,0.1,0.11862931795685223,0.5672882583206041,0.11953967270933594
ant-ivy,RASZZ,314,0.999,0.25,0.13525987466782696,0.5791266019094787,0.11953967270933594
ant-ivy,RASZZ,999,0.9,0.0,0.1278274189197754,0.509734519914716,-0.025392771997922604
ant-ivy,RASZZ,999,0.9,0.05,0.13943277238000581,0.5235691070984341,-0.025392771997922604
ant-ivy,RASZZ,999,0.9,0.1,0.13845655595596582,0.5243209973921176,-0.025392771997922604
ant-ivy,RASZZ,999,0.9,0.25,0.16109041657447673,0.5384146239567338,-0.025392771997922604
ant-ivy,RASZZ,999,0.95,0.0,0.12656567148572775,0.5298552308839272,-0.0543780275993908
ant-ivy,RASZZ,999,0.95,0.05,0.13914483840244288,0.5451080289821633,-0.0543780275993908
ant-ivy,RASZZ,999,0.95,0.1,0.13955145533596783,0.5464433588942509,-0.0543780275993908
ant-ivy,RASZZ,999,0.95,0.25,0.16421808548490371,0.5621131281672112,-0.0543780275993908
ant-ivy,RASZZ,999,0.99,0.0,0.12972673980479624,0.5605509844798107,-0.03568649554597791
ant-ivy,RASZZ,999,0.99,0.05,0.14316815607929323,0.5787551238876263,-0.03568649554597791
ant-ivy,RASZZ,999,0.99,0.1,0.1490052915938227,0.582563852036258,-0.03568649554597791
ant-ivy,RASZZ,999,0.99,0.25,0.17411074793585002,0.5999582269523808,-0.03568649554597791
ant-ivy,RASZZ,999,0.995,0.0,0.13005004781931787,0.5651908717848905,0.024320929292991195
ant-ivy,RASZZ,999,0.995,0.05,0.14354454903289496,0.5839083245095943,0.024320929292991195
ant-ivy,RASZZ,999,0.995,0.1,0.1507717564474283,0.5885258880332895,0.024320929292991195
ant-ivy,RASZZ,999,0.995,0.25,0.17655567812646264,0.6063634924097255,0.024320929292991195
ant-ivy,RASZZ,999,0.999,0.0,0.11311948431003528,0.5536946429241076,0.1414442379052051
ant-ivy,RASZZ,999,0.999,0.05,0.1257423829075578,0.5720444184580814,0.1414442379052051
ant-ivy,RASZZ,999,0.999,0.1,0.13318260504813612,0.5765887619485515,0.1414442379052051
ant-ivy,RASZZ,999,0.999,0.25,0.15707959850125808,0.5920227455251843,0.1414442379052051
commons-bcel,oracle,7,0.9,0.0,0.17897820414577498,0.5730011223984257,0.2435232374357054
commons-bcel,oracle,7,0.9,0.05,0.18891468683676751,0.6029667423197719,0.2435232374357054
commons-bcel,oracle,7,0.9,0.1,0.18703307982776926,0.6118441029435119,0.2435232374357054
commons-bcel,oracle,7,0.9,0.25,0.20992790925152371,0.655842260866601,0.2435232374357054
commons-bcel,oracle,7,0.95,0.0,0.1785000059155607,0.5908233736355081,0.29019098523285214
commons-bcel,oracle,7,0.95,0.05,0.18866995300308756,0.6217210245526712,0.29019098523285214
commons-bcel,oracle,7,0.95,0.1,0.18696776243520327,0.6296495388735261,0.29019098523285214
commons-bcel,oracle,7,0.95,0.25,0.20863337923814096,0.6664992394631816,0.29019098523285214
commons-bcel,oracle,7,0.99,0.0,0.17413741343222688,0.5995139479807822,0.2136881427288572
commons-bcel,oracle,7,0.99,0.05,0.18420865373422401,0.6308660804644709,0.2136881427288572
commons-bcel,oracle,7,0.99,0.1,0.18486454477634973,0.6414302650487601,0.2136881427288572
commons-bcel,oracle,7,0.99,0.25,0.1982951850179774,0.6709116316512563,0.2136881427288572
commons-bcel,oracle,7,0.995,0.0,0.17488020396137338,0.5959365926143041,0.19000790233078207
commons-bcel,oracle,7,0.995,0.05,0.1849975638796939,0.6271016440137767,0.19000790233078207
commons-bcel,oracle,7,0.995,0.1,0.18626887364024175,0.6381684079058767,0.19000790233078207
commons-bcel,oracle,7,0.995,0.25,0.1984480141265447,0.6671495638894497,0.19000790233078207
commons-bcel,oracle,7,0.999,0.0,0.17190033272457317,0.5831934528644114,0.18433035423379987
commons-bcel,oracle,7,0.999,0.05,0.1818660681332548,0.6136920900677798,0.18433035423379987
commons-bcel,oracle,7,0.999,0.1,0.18345643644901247,0.6246610233892472,0.18433035423379987
commons-bcel,oracle,7,0.999,0.25,0.19399337779248593,0.6516497436806328,0.18433035423379987
commons-bcel,oracle,13,0.9,0.0,0.17826013357841042,0.5731024425036149,0.24352687463872386
commons-bcel,oracle,13,0.9,0.05,0.18815906410963004,0.6030733610529111,0.24352687463872386
commons-bcel,oracle,13,0.9,0.1,0.1862357605571424,0.6119566050791527,0.24352687463872386
commons-bcel,oracle,13,0.9,0.25,0.20897086851149826,0.65597729977901,0.24352687463872386
commons-bcel,oracle,13,0.95,0.0,0.177921859764433,0.5906963629489012,0.29048515015800236
commons-bcel,oracle,13,0.95,0.05,0.18806157216803615,0.6215873717255656,0.29048515015800236
commons-bcel,oracle,13,0.95,0.1,0.18632581011396457,0.6295085108567686,0.29048515015800236
commons-bcel,oracle,13,0.95,0.25,0.20786282903671877,0.6663299602766699,0.29048515015800236
commons-bcel,oracle,13,0.99,0.0,0.17332590838727163,0.5989619763960821,0.21392122638322603
commons-bcel,oracle,13,0.99,0.05,0.18335471028768308,0.6302852430188365,0.21392122638322603
commons-bcel,oracle,13,0.99,0.1,0.1839634792822876,0.640817376007875,0.21392122638322603
commons-bcel,oracle,13,0.99,0.25,0.19721361528924053,0.670175966776656,0.21392122638322603
commons-bcel,oracle,13,0.995,0.0,0.17412686708669967,0.5954289461831254,0.18940474783891956
commons-bcel,oracle,13,0.995,0.05,0.1842048305613191,0.6265674497462734,0.18940474783891956
commons-bcel,oracle,13,0.995,0.1,0.18543239595301994,0.6376047358927913,0.18940474783891956
commons-bcel,oracle,13,0.995,0.25,0.19744397063445124,0.6664729753503181,0.18940474783891956
commons-bcel,oracle,13,0.999,0.0,0.17133598197377617,0.582862703127433,0.18335147242299188
commons-bcel,oracle,13,0.999,0.05,0.1812722041416636,0.6133440434695565,0.18335147242299188
commons-bcel,oracle,13,0.999,0.1,0.18282980203527419,0.6242937709895069,0.18335147242299188
commons-bcel,oracle,13,0.999,0.25,0.19324121402930736,0.6512089221410413,0.18335147242299188
commons-bcel,oracle,21,0.9,0.0,0.17423898641857463,0.5787049741176453,0.22177040550309346
commons-bcel,oracle,21,0.9,0.05,0.18392762736618046,0.6089688822028793,0.22177040550309346
commons-bcel,oracle,21,0.9,0.1,0.18177082595840152,0.6181774510839644,0.22177040550309346
commons-bcel,oracle,21,0.9,0.25,0.20456322296841664,0.6649123751024354,0.22177040550309346
commons-bcel,oracle,21,0.95,0.0,0.17713925511142342,0.596959398147668,0.216442931741462
commons-bcel,oracle,21,0.95,0.05,0.18723804048597878,0.6281779381018189,0.216442931741462
commons-bcel,oracle,21,0.95,0.1,0.18545683455712347,0.6364627558621289,0.216442931741462
commons-bcel,oracle,21,0.95,0.25,0.20764658160693936,0.6754859720204255,0.216442931741462
commons-bcel,oracle,21,0.99,0.0,0.17677934816035928,0.6038518171904418,0.1613869885493678
commons-bcel,oracle,21,0.99,0.05,0.18698875086523067,0.6354308025282073,0.1613869885493678
commons-bcel,oracle,21,0.99,0.1,0.18779805238161104,0.6462468762169555,0.1613869885493678
commons-bcel,oracle,21,0.99,0.25,0.20215158539290257,0.6768613825854718,0.1613869885493678
commons-bcel,oracle,21,0.995,0.0,0.1768843744902468,0.5988162267116892,0.16415402171296525
commons-bcel,oracle,21,0.995,0.05,0.18710654434693952,0.6301318712208465,0.16415402171296525
commons-bcel,oracle,21,0.995,0.1,0.18849423122613754,0.6413658481889759,0.16415402171296525
commons-bcel,oracle,21,0.995,0.25,0.20137983999390646,0.6710996453156146,0.16415402171296525
commons-bcel,oracle,21,0.999,0.0,0.17257963764205056,0.5845880992646687,0.1769046880871665
commons-bcel,oracle,21,0.999,0.05,0.18258089792524312,0.6151596707823365,0.1769046880871665
commons-bcel,oracle,21,0.999,0.1,0.18421071176115084,0.6262095876963971,0.1769046880871665
commons-bcel,oracle,21,0.999,0.25,0.1951043228639701,0.6535851098152371,0.1769046880871665
commons-bcel,oracle,42,0.9,0.0,0.1574495849480995,0.5606896080459605,0.2647523072033205
commons-bcel,oracle,42,0.9,0.05,0.16626020872696873,0.5900113860177516,0.2647523072033205
commons-bcel,oracle,42,0.9,0.1,0.16312848919777967,0.5981738481106939,0.2647523072033205
commons-bcel,oracle,42,0.9,0.25,0.17942433294174212,0.6409767036429633,0.2647523072033205
commons-bcel,oracle,42,0.95,0.0,0.1593459605185421,0.5807648532900807,0.24195845199428165
commons-bcel,oracle,42,0.95,0.05,0.16851422921158205,0.611136484648363,0.24195845199428165
commons-bcel,oracle,42,0.95,0.1,0.1656998116242472,0.618480926107742,0.24195845199428165
commons-bcel,oracle,42,0.95,0.25,0.1815285630012156,0.653740902452179,0.24195845199428165
commons-bcel,oracle,42,0.99,0.0,0.15610373487742035,0.5854521458437382,0.1719666748494693
commons-bcel,oracle,42,0.99,0.05,0.16523188739785236,0.6160689034707705,0.1719666748494693
commons-bcel,oracle,42,0.99,0.1,0.16484060829221053,0.6258165547350841,0.1719666748494693
commons-bcel,oracle,42,0.99,0.25,0.17250414619770402,0.6519377052057709,0.1719666748494693
commons-bcel,oracle,42,0.995,0.0,0.15239685940051179,0.5765104635416245,0.16896981260935298
commons-bcel,oracle,42,0.995,0.05,0.16133843216705251,0.6066596076809185,0.16896981260935298
commons-bcel,oracle,42,0.995,0.1,0.16130419091788537,0.6165983453419996,0.16896981260935298
commons-bcel,oracle,42,0.995,0.25,0.16671218205314148,0.6409756738755347,0.16896981260935298
commons-bcel,oracle,42,0.999,0.0,0.14428798258870612,0.5583082401186109,0.16180555146054204
commons-bcel,oracle,42,0.999,0.05,0.1528097047887519,0.5875054822676709,0.16180555146054204
commons-bcel,oracle,42,0.999,0.1,0.15279669370057325,0.5970293941627528,0.16180555146054204
commons-bcel,oracle,42,0.999,0.25,0.15543029628894578,0.6181833008532095,0.16180555146054204
commons-bcel,oracle,77,0.9,0.0,0.17688466287285165,0.5733739596935802,0.2435269680227336
commons-bcel,oracle,77,0.9,0.05,0.18671166190033675,0.6033590774836781,0.2435269680227336
commons-bcel,oracle,77,0.9,0.1,0.18470848823939542,0.6122580878270953,0.2435269680227336
commons-bcel,oracle,77,0.9,0.25,0.20819350718172502,0.6579560089442785,0.2435269680227336
commons-bcel,oracle,77,0.95,0.0,0.17743272415028127,0.5909066150403286,0.29054383095780684
commons-bcel,oracle,77,0.95,0.05,0.1875468567577361,0.6218086191432031,0.29054383095780684
commons-bcel,oracle,77,0.95,0.1,0.1857826918344556,0.6297419670821088,0.29054383095780684
commons-bcel,oracle,77,0.95,0.25,0.2080905346199644,0.6674787478546009,0.29054383095780684
commons-bcel,oracle,77,0.99,0.0,0.1727307267398429,0.5988272475603555,0.21573834444666942
commons-bcel,oracle,77,0.99,0.05,0.18272840306940674,0.630143468414915,0.21573834444666942
commons-bcel,oracle,77,0.99,0.1,0.18330261136959763,0.6406677780408839,0.21573834444666942
commons-bcel,oracle,77,0.99,0.25,0.19676980560830648,0.6701728404600873,0.21573834444666942
commons-bcel,oracle,77,0.995,0.0,0.17321277502331242,0.5950645511515014,0.1910454232414412
commons-bcel,oracle,77,0.995,0.05,0.18324293521400464,0.6261839983418224,0.1910454232414412
commons-bcel,oracle,77,0.995,0.1,0.18441742158923188,0.6372001249895751,0.1910454232414412
commons-bcel,oracle,77,0.995,0.25,0.19649671482584471,0.6661044498715318,0.1910454232414412
commons-bcel,oracle,77,0.999,0.0,0.16998744947833613,0.5822422794698774,0.1838101787167782
commons-bcel,oracle,77,0.999,0.05,0.17985314890092627,0.6126911741870522,0.1838101787167782
commons-bcel,oracle,77,0.999,0.1,0.1813324409198798,0.6236048752728401,0.1838101787167782
commons-bcel,oracle,77,0.999,0.25,0.19165722819188075,0.6504618132145776,0.1838101787167782
commons-bcel,oracle,101,0.9,0.0,0.17314403425142186,0.5778429319288593,0.22932904652854935
commons-bcel,oracle,101,0.9,0.05,0.18277541366987807,0.6080617587261594,0.22932904652854935
commons-bcel,oracle,101,0.9,0.1,0.18055503115638125,0.6172202709954739,0.22932904652854935
commons-bcel,oracle,101,0.9,0.25,0.2021521577768205,0.6622953995784069,0.22932904652854935
commons-bcel,oracle,101,0.95,0.0,0.1760880877584393,0.5962555592844766,0.22890361013087204
commons-bcel,oracle,101,0.95,0.05,0.18613190137091265,0.6274372913388944,0.22890361013087204
commons-bcel,oracle,101,0.95,0.1,0.18428965680986661,0.6356812389548168,0.22890361013087204
commons-bcel,oracle,101,0.95,0.25,0.20541878718705026,0.6737392284137455,0.22890361013087204
commons-bcel,oracle,101,0.99,0.0,0.1759433864495772,0.6032432160445843,0.16631251152496418
commons-bcel,oracle,101,0.99,0.05,0.1861090717690633,0.6347903740265077,0.16631251152496418
commons-bcel,oracle,101,0.99,0.1,0.18686983110113298,0.6455711077844758,0.16631251152496418
commons-bcel,oracle,101,0.99,0.25,0.2007021765192924,0.6758819808477616,0.16631251152496418
commons-bcel,oracle,101,0.995,0.0,0.17615152585047347,0.5982666752238871,0.1666979772905829
commons-bcel,oracle,101,0.995,0.05,0.18633537071452497,0.6295535804332995,0.1666979772905829
commons-bcel,oracle,101,0.995,0.1,0.18768050292490873,0.6407556463350906,0.1666979772905829
commons-bcel,oracle,101,0.995,0.25,0.2001424253680755,0.6702550859458406,0.1666979772905829
commons-bcel,oracle,101,0.999,0.0,0.17210376518036163,0.5842350591104937,0.17728832931961383
commons-bcel,oracle,101,0.999,0.05,0.18208013927614444,0.6147881680690783,0.17728832931961383
commons-bcel,oracle,101,0.999,0.1,0.18368232040059448,0.6258175848334169,0.17728832931961383
commons-bcel,oracle,101,0.999,0.25,0.19426451151789056,0.6530379911006942,0.17728832931961383
commons-bcel,oracle,123,0.9,0.0,0.161723140884347,0.5710544045058052,0.24351591754002405
commons-bcel,oracle,123,0.9,0.05,0.17075725419559654,0.6009182190271547,0.24351591754002405
commons-bcel,oracle,123,0.9,0.1,0.16787368926158078,0.6096825386616653,0.24351591754002405
commons-bcel,oracle,123,0.9,0.25,0.17778869939849343,0.6292546594211419,0.24351591754002405
commons-bcel,oracle,123,0.95,0.0,0.1645065597581867,0.585404331222569,0.2895084458424516
commons-bcel,oracle,123,0.95,0.05,0.1739447067277897,0.6160185883400756,0.2895084458424516
commons-bcel,oracle,123,0.95,0.1,0.17142995209895354,0.6236324325603702,0.2895084458424516
commons-bcel,oracle,123,0.95,0.25,0.18055510365509234,0.6405969750484807,0.2895084458424516
commons-bcel,oracle,123,0.99,0.0,0.16171257484657528,0.5906710464017733,0.20761675839905758
commons-bcel,oracle,123,0.99,0.05,0.1711340468041697,0.6215607312263558,0.20761675839905758
commons-bcel,oracle,123,0.99,0.1,0.17106845886361405,0.6316114308594164,0.20761675839905758
commons-bcel,oracle,123,0.99,0.25,0.1742157402561063,0.6481858238865444,0.20761675839905758
commons-bcel,oracle,123,0.995,0.0,0.1626037622008996,0.5870530555843381,0.18130960835255602
commons-bcel,oracle,123,0.995,0.05,0.17207911432307285,0.6177535342564783,0.18130960835255602
commons-bcel,oracle,123,0.995,0.1,0.17263756212962145,0.628304453599387,0.18130960835255602
commons-bcel,oracle,123,0.995,0.25,0.17531915699234293,0.6456330592468513,0.18130960835255602
commons-bcel,oracle,123,0.999,0.0,0.1605916903127335,0.5752019509845966,0.17043808614873884
commons-bcel,oracle,123,0.999,0.05,0.16996602988100007,0.6052826652580257,0.17043808614873884
commons-bcel,oracle,123,0.999,0.1,0.17089973390558344,0.6157875522575552,0.17043808614873884
commons-bcel,oracle,123,0.999,0.25,0.17285521703855744,0.6324142395554277,0.17043808614873884
commons-bcel,oracle,202,0.9,0.0,0.18245662670314672,0.5833166998364832,0.2344040378000188
commons-bcel,oracle,202,0.9,0.05,0.19257501669624671,0.6138217823534421,0.2344040378000188
commons-bcel,oracle,202,0.9,0.1,0.19089539289618337,0.6232981424945179,0.2344040378000188
commons-bcel,oracle,202,0.9,0.25,0.21456393285383665,0.6695908091483416,0.2344040378000188
commons-bcel,oracle,202,0.95,0.0,0.18383907787998052,0.6017250605855123,0.23779293347832114
commons-bcel,oracle,202,0.95,0.05,0.19428823663911604,0.6331928252334792,0.23779293347832114
commons-bcel,oracle,202,0.95,0.1,0.19289607248990895,0.6417543729700989,0.23779293347832114
commons-bcel,oracle,202,0.95,0.25,0.2157492667513015,0.6810289514724766,0.23779293347832114
commons-bcel,oracle,202,0.99,0.0,0.1820875572271716,0.6078964081221567,0.1768474269462336
commons-bcel,oracle,202,0.99,0.05,0.19257455760007783,0.6396869090571164,0.1768474269462336
commons-bcel,oracle,202,0.99,0.1,0.193692093404653,0.6507378419217533,0.1768474269462336
commons-bcel,oracle,202,0.99,0.25,0.20889109556859026,0.682083731193476,0.1768474269462336
commons-bcel,oracle,202,0.995,0.0,0.18115984457064124,0.6018634128638727,0.17858569828415144
commons-bcel,oracle,202,0.995,0.05,0.19160560406164026,0.6333384127712945,0.17858569828415144
commons-bcel,oracle,202,0.995,0.1,0.1932415566855257,0.6447493321399199,0.17858569828415144
commons-bcel,oracle,202,0.995,0.25,0.20681748666716823,0.6750487992786162,0.17858569828415144
commons-bcel,oracle,202,0.999,0.0,0.17541249392239638,0.5862740699868126,0.18708234374505478
commons-bcel,oracle,202,0.999,0.05,0.18556190102637232,0.6169338108917353,0.18708234374505478
commons-bcel,oracle,202,0.999,0.1,0.18735621166866806,0.6280816278656686,0.18708234374505478
commons-bcel,oracle,202,0.999,0.25,0.19867436808037628,0.6557555742557233,0.18708234374505478
commons-bcel,oracle,314,0.9,0.0,0.14942325214165178,0.5566151238115508,0.22176608061259642
commons-bcel,oracle,314,0.9,0.05,0.15797077735659468,0.5857238228884303,0.22176608061259642
commons-bcel,oracle,314,0.9,0.1,0.15522002855723818,0.5937580103283768,0.22176608061259642
commons-bcel,oracle,314,0.9,0.25,0.1724358365402343,0.6356151777185371,0.22176608061259642
commons-bcel,oracle,314,0.95,0.0,0.15228362984620877,0.5760862721803376,0.21619253169692476
commons-bcel,oracle,314,0.95,0.05,0.16129884538150918,0.6062132328428297,0.21619253169692476
commons-bcel,oracle,314,0.95,0.1,0.1595135686223166,0.6134789227918797,0.21619253169692476
commons-bcel,oracle,314,0.95,0.25,0.1766175562080302,0.6479518763129211,0.21619253169692476
commons-bcel,oracle,314,0.99,0.0,0.15008214326304467,0.5815098609751707,0.1596999993504298
commons-bcel,oracle,314,0.99,0.05,0.15913538869662927,0.6119204531945354,0.1596999993504298
commons-bcel,oracle,314,0.99,0.1,0.1601656116271564,0.6216655144735292,0.1596999993504298
commons-bcel,oracle,314,0.99,0.25,0.17036739620880803,0.6476657577309599,0.1596999993504298
commons-bcel,oracle,314,0.995,0.0,0.1475937410310519,0.5741190074763539,0.15785396099595303
commons-bcel,oracle,314,0.995,0.05,0.15652473894877425,0.6041430882244797,0.15785396099595303
commons-bcel,oracle,314,0.995,0.1,0.1579896928494703,0.6141649968096715,0.15785396099595303
commons-bcel,oracle,314,0.995,0.25,0.1665158243443653,0.638829824029768,0.15785396099595303
commons-bcel,oracle,314,0.999,0.0,0.13991907811192336,0.5568099956392655,0.15727388880658782
commons-bcel,oracle,314,0.999,0.05,0.14845302226022064,0.5859288857173393,0.15727388880658782
commons-bcel,oracle,314,0.999,0.1,0.14996254577151508,0.5955826878829128,0.15727388880658782
commons-bcel,oracle,314,0.999,0.25,0.15609200511160468,0.6172603764484126,0.15727388880658782
commons-bcel,oracle,999,0.9,0.0,0.15045562600312073,0.5442541327898848,-0.04027115833351397
commons-bcel,oracle,999,0.9,0.05,0.15890049427593878,0.5727164024893558,-0.04027115833351397
commons-bcel,oracle,999,0.9,0.1,0.15536265322253406,0.5799244980618884,-0.04027115833351397
commons-bcel,oracle,999,0.9,0.25,0.16956984446500376,0.6181887270229925,-0.04027115833351397
commons-bcel,oracle,999,0.95,0.0,0.15699707639932556,0.5717900626398099,-0.01805834667852386
commons-bcel,oracle,999,0.95,0.05,0.16604250804021262,0.6016923490788816,-0.01805834667852386
commons-bcel,oracle,999,0.95,0.1,0.16309169668702833,0.6085156471219096,-0.01805834667852386
commons-bcel,oracle,999,0.95,0.25,0.17794649213523941,0.6413062322676043,-0.01805834667852386
commons-bcel,oracle,999,0.99,0.0,0.16198922628258225,0.5864993337033964,0.0953733454068432
commons-bcel,oracle,999,0.99,0.05,0.1714251659810903,0.6171708549812526,0.0953733454068432
commons-bcel,oracle,999,0.99,0.1,0.17137564249040504,0.6269793137986345,0.0953733454068432
commons-bcel,oracle,999,0.99,0.25,0.18016132892560852,0.6532365257289017,0.0953733454068432
commons-bcel,oracle,999,0.995,0.0,0.1608110000065778,0.5798370114483199,0.1276592942869318
commons-bcel,oracle,999,0.995,0.05,0.17019259798338476,0.6101601204653876,0.1276592942869318
commons-bcel,oracle,999,0.995,0.1,0.17064694461910268,0.6202920223581824,0.1276592942869318
commons-bcel,oracle,999,0.995,0.25,0.17777920157459917,0.6453447046763159,0.1276592942869318
commons-bcel,oracle,999,0.999,0.0,0.15421675058507855,0.5625368248145656,0.15402079178060182
commons-bcel,oracle,999,0.999,0.05,0.16325770682575091,0.5919552046836947,0.15402079178060182
commons-bcel,oracle,999,0.999,0.1,0.16382123420798544,0.6017246598076554,0.15402079178060182
commons-bcel,oracle,999,0.999,0.25,0.1685456353013913,0.6237749721860228,0.15402079178060182
commons-bcel,BSZZ,7,0.9,0.0,0.15283989690250988,0.5718419372239042,0.15183603803573795
commons-bcel,BSZZ,7,0.9,0.05,0.16158985919280047,0.601746936491991,0.15183603803573795
commons-bcel,BSZZ,7,0.9,0.1,0.1536664999011937,0.6007312673828724,0.15183603803573795
commons-bcel,BSZZ,7,0.9,0.25,0.13796967243473512,0.5924078282477635,0.15183603803573795
commons-bcel,BSZZ,7,0.95,0.0,0.15321731731668545,0.587918721503296,0.08883048297100138
commons-bcel,BSZZ,7,0.95,0.05,0.1623038834366992,0.6186644709696675,0.08883048297100138
commons-bcel,BSZZ,7,0.95,0.1,0.15372282819300911,0.6151321779386144,0.08883048297100138
commons-bcel,BSZZ,7,0.95,0.25,0.14249902429961664,0.6106048075819748,0.08883048297100138
commons-bcel,BSZZ,7,0.99,0.0,0.17936243539566982,0.6180924976336486,-0.03742985500588571
commons-bcel,BSZZ,7,0.99,0.05,0.189954963428069,0.6504162124333674,-0.03742985500588571
commons-bcel,BSZZ,7,0.99,0.1,0.18508225362017838,0.6508275077009812,-0.03742985500588571
commons-bcel,BSZZ,7,0.99,0.25,0.18182829148488686,0.6550384319325459,-0.03742985500588571
commons-bcel,BSZZ,7,0.995,0.0,0.197563093007782,0.6325383899681136,0.01369683124484855
commons-bcel,BSZZ,7,0.995,0.05,0.20911291647287547,0.6656175659740992,0.01369683124484855
commons-bcel,BSZZ,7,0.995,0.1,0.20595404738720652,0.6677755700011775,0.01369683124484855
commons-bcel,BSZZ,7,0.995,0.25,0.20718152239774223,0.6767093226559481,0.01369683124484855
commons-bcel,BSZZ,7,0.999,0.0,0.21447676723624406,0.6423535251649721,0.11774593298686406
commons-bcel,BSZZ,7,0.999,0.05,0.22691343313471476,0.6759459926799769,0.11774593298686406
commons-bcel,BSZZ,7,0.999,0.1,0.2253261973728327,0.679510615667291,0.11774593298686406
commons-bcel,BSZZ,7,0.999,0.25,0.2308544028005713,0.6923308937350644,0.11774593298686406
commons-bcel,BSZZ,13,0.9,0.0,0.11343540667279949,0.5374871811538302,0.15072287234867066
commons-bcel,BSZZ,13,0.9,0.05,0.12007283446242828,0.5655955669029463,0.15072287234867066
commons-bcel,BSZZ,13,0.9,0.1,0.11165208810243074,0.5629968866768787,0.15072287234867066
commons-bcel,BSZZ,13,0.9,0.25,0.09071329688824087,0.5507490615949592,0.15072287234867066
commons-bcel,BSZZ,13,0.95,0.0,0.11912638767946894,0.5626328694349679,0.0915748448387207
commons-bcel,BSZZ,13,0.95,0.05,0.1263658238377314,0.5920562720457252,0.0915748448387207
commons-bcel,BSZZ,13,0.95,0.1,0.11658989029668795,0.5873673766392878,0.0915748448387207
commons-bcel,BSZZ,13,0.95,0.25,0.10254839256148038,0.5803080284885908,0.0915748448387207
commons-bcel,BSZZ,13,0.99,0.0,0.140563033369301,0.5873213013009715,-0.016831085897104955
commons-bcel,BSZZ,13,0.99,0.05,0.14906593454222297,0.6180358081292111,-0.016831085897104955
commons-bcel,BSZZ,13,0.99,0.1,0.14194249076260673,0.6167325277893807,-0.016831085897104955
commons-bcel,BSZZ,13,0.99,0.25,0.13313763759561106,0.6156097764577322,-0.016831085897104955
commons-bcel,BSZZ,13,0.995,0.0,0.15332053206928942,0.5964757791167886,0.021351676048097665
commons-bcel,BSZZ,13,0.995,0.05,0.1624973989636287,0.6276690277695799,0.021351676048097665
commons-bcel,BSZZ,13,0.995,0.1,0.15668358767889207,0.6277760530757956,0.021351676048097665
commons-bcel,BSZZ,13,0.995,0.25,0.15067325301981047,0.6298728129099053,0.021351676048097665
commons-bcel,BSZZ,13,0.999,0.0,0.16608282779216965,0.6026337503676829,0.09349238637643772
commons-bcel,BSZZ,13,0.999,0.05,0.17593060559032936,0.6341490357823194,0.09349238637643772
commons-bcel,BSZZ,13,0.999,0.1,0.17138023463432916,0.63542917260628,0.09349238637643772
commons-bcel,BSZZ,13,0.999,0.25,0.16835742989302716,0.640350690693054,0.09349238637643772
commons-bcel,BSZZ,21,0.9,0.0,0.14341536222226595,0.5202058588334765,0.15138543898790494
commons-bcel,BSZZ,21,0.9,0.05,0.15163463278066353,0.5474105019612476,0.15138543898790494
commons-bcel,BSZZ,21,0.9,0.1,0.14752696792176628,0.544474061854683,0.15138543898790494
commons-bcel,BSZZ,21,0.9,0.25,0.12790585708889682,0.5230309034302785,0.15138543898790494
commons-bcel,BSZZ,21,0.95,0.0,0.1448032580492471,0.5584561109711393,0.08845626416617024
commons-bcel,BSZZ,21,0.95,0.05,0.15340210088971895,0.587661086162232,0.08845626416617024
commons-bcel,BSZZ,21,0.95,0.1,0.14738216611605767,0.583329856274205,0.08845626416617024
commons-bcel,BSZZ,21,0.95,0.25,0.1327366665302444,0.5711787482765305,0.08845626416617024
commons-bcel,BSZZ,21,0.99,0.0,0.17742008846124538,0.6127348908256414,-0.048253870452761964
commons-bcel,BSZZ,21,0.99,0.05,0.18786521395099637,0.6447784246570842,-0.048253870452761964
commons-bcel,BSZZ,21,0.99,0.1,0.18474208362457967,0.6453764027592971,-0.048253870452761964
commons-bcel,BSZZ,21,0.99,0.25,0.18188712546793764,0.6485927498015753,-0.048253870452761964
commons-bcel,BSZZ,21,0.995,0.0,0.19838932831475012,0.6314645548387492,0.0014671299756415159
commons-bcel,BSZZ,21,0.995,0.05,0.20993740814976566,0.6644875736504695,0.0014671299756415159
commons-bcel,BSZZ,21,0.995,0.1,0.2085332659831383,0.6670194900574807,0.0014671299756415159
commons-bcel,BSZZ,21,0.995,0.25,0.21135404325890653,0.6761440216363583,0.0014671299756415159
commons-bcel,BSZZ,21,0.999,0.0,0.2173599794515343,0.6441034161038357,0.11401411161833258
commons-bcel,BSZZ,21,0.999,0.05,0.22990325579863927,0.6777873957725311,0.11401411161833258
commons-bcel,BSZZ,21,0.999,0.1,0.23006600809422406,0.6818418384577619,0.11401411161833258
commons-bcel,BSZZ,21,0.999,0.25,0.23811415986480716,0.695649089528102,0.11401411161833258
commons-bcel,BSZZ,42,0.9,0.0,0.16013989793910097,0.5840199904670421,0.15070948302644438
commons-bcel,BSZZ,42,0.9,0.05,0.16923379345207795,0.6145618522134054,0.15070948302644438
commons-bcel,BSZZ,42,0.9,0.1,0.1624576896434789,0.6144305580982721,0.15070948302644438
commons-bcel,BSZZ,42,0.9,0.25,0.14879361927890433,0.6085064933904634,0.15070948302644438
commons-bcel,BSZZ,42,0.95,0.0,0.16511966367912753,0.6016526046784867,0.08574210891394628
commons-bcel,BSZZ,42,0.95,0.05,0.17478097160993752,0.6331165801782546,0.08574210891394628
commons-bcel,BSZZ,42,0.95,0.1,0.1672167874007778,0.630464103090458,0.08574210891394628
commons-bcel,BSZZ,42,0.95,0.25,0.15892079782229943,0.6289388400568592,0.08574210891394628
commons-bcel,BSZZ,42,0.99,0.0,0.1946686456856143,0.6322427688484238,-0.031055662325835003
commons-bcel,BSZZ,42,0.99,0.05,0.20601580031592542,0.6653064850764664,-0.031055662325835003
commons-bcel,BSZZ,42,0.99,0.1,0.20208424644364492,0.6665514567130183,-0.031055662325835003
commons-bcel,BSZZ,42,0.99,0.25,0.2025030001999926,0.673996104729113,-0.031055662325835003
commons-bcel,BSZZ,42,0.995,0.0,0.21179863130429816,0.6454555088705225,0.026524035177599426
commons-bcel,BSZZ,42,0.995,0.05,0.2240479629538181,0.6792101974721697,0.026524035177599426
commons-bcel,BSZZ,42,0.995,0.1,0.22173972983977028,0.682123837399649,0.026524035177599426
commons-bcel,BSZZ,42,0.995,0.25,0.22639534258741226,0.6940187620056757,0.026524035177599426
commons-bcel,BSZZ,42,0.999,0.0,0.22621849155150303,0.6530158223827295,0.1333202923496461
commons-bcel,BSZZ,42,0.999,0.05,0.23922503192424416,0.6871658845226426,0.1333202923496461
commons-bcel,BSZZ,42,0.999,0.1,0.23832230748499386,0.6913506821537028,0.1333202923496461
commons-bcel,BSZZ,42,0.999,0.25,0.2467079975051807,0.7066256594977354,0.1333202923496461
commons-bcel,BSZZ,77,0.9,0.0,0.16237671242567644,0.5501159827522197,0.15024204844912026
commons-bcel,BSZZ,77,0.9,0.05,0.17157357074574908,0.5788848032788025,0.15024204844912026
commons-bcel,BSZZ,77,0.9,0.1,0.1618737182729395,0.5761388652928706,0.15024204844912026
commons-bcel,BSZZ,77,0.9,0.25,0.1516194494604529,0.564303989973444,0.15024204844912026
commons-bcel,BSZZ,77,0.95,0.0,0.16740604992057895,0.5886925890884094,0.08614134798841726
commons-bcel,BSZZ,77,0.95,0.05,0.1771703153542056,0.6194788086708389,0.08614134798841726
commons-bcel,BSZZ,77,0.95,0.1,0.16713181148699302,0.6155014236832167,0.08614134798841726
commons-bcel,BSZZ,77,0.95,0.25,0.16169963218104688,0.6124733445374224,0.08614134798841726
commons-bcel,BSZZ,77,0.99,0.0,0.19836787697357247,0.6348229676729475,-0.017527603477402384
commons-bcel,BSZZ,77,0.99,0.05,0.20989373552886065,0.668021617768089,-0.017527603477402384
commons-bcel,BSZZ,77,0.99,0.1,0.20411671654223987,0.6690145271862046,-0.017527603477402384
commons-bcel,BSZZ,77,0.99,0.25,0.2061592122679264,0.6775345955390505,-0.017527603477402384
commons-bcel,BSZZ,77,0.995,0.0,0.21491971161497617,0.6477711212455614,0.03904220789627879
commons-bcel,BSZZ,77,0.995,0.05,0.22731796417433223,0.681646906922944,0.03904220789627879
commons-bcel,BSZZ,77,0.995,0.1,0.22321594057102226,0.6843237656101608,0.03904220789627879
commons-bcel,BSZZ,77,0.995,0.25,0.22889557761300386,0.6970123925468257,0.03904220789627879
commons-bcel,BSZZ,77,0.999,0.0,0.22865564339657296,0.65447838454076,0.14209265486926678
commons-bcel,BSZZ,77,0.999,0.05,0.24177572405159561,0.6887049327118965,0.14209265486926678
commons-bcel,BSZZ,77,0.999,0.1,0.23911064261871473,0.6926288109423632,0.14209265486926678
commons-bcel,BSZZ,77,0.999,0.25,0.24793955834540363,0.7083237985688027,0.14209265486926678
commons-bcel,BSZZ,101,0.9,0.0,0.14336898545359278,0.5648711619399871,0.1701354234165396
commons-bcel,BSZZ,101,0.9,0.05,0.15157181723558447,0.5944116181128691,0.1701354234165396
commons-bcel,BSZZ,101,0.9,0.1,0.14076823408455585,0.5925224761002839,0.1701354234165396
commons-bcel,BSZZ,101,0.9,0.25,0.12190647942664529,0.5822409348107935,0.1701354234165396
commons-bcel,BSZZ,101,0.95,0.0,0.1525092256414306,0.5876380154462899,0.14206656885830785
commons-bcel,BSZZ,101,0.95,0.05,0.1614944479686222,0.6183690851316189,0.14206656885830785
commons-bcel,BSZZ,101,0.95,0.1,0.1505909231555026,0.6143304637172026,0.14206656885830785
commons-bcel,BSZZ,101,0.95,0.25,0.13785216275250867,0.60922191340846,0.14206656885830785
commons-bcel,BSZZ,101,0.99,0.0,0.17164113902476935,0.6093552831329633,0.03073379727560771
commons-bcel,BSZZ,101,0.99,0.05,0.18176929827406146,0.6412220772763964,0.03073379727560771
commons-bcel,BSZZ,101,0.99,0.1,0.17444032514552044,0.6407361426027767,0.03073379727560771
commons-bcel,BSZZ,101,0.99,0.25,0.1671438171317545,0.6421757615897935,0.03073379727560771
commons-bcel,BSZZ,101,0.995,0.0,0.1873717674828555,0.6214887280408584,0.050908803928366365
commons-bcel,BSZZ,101,0.995,0.05,0.19832937500468995,0.6539900518287094,0.050908803928366365
commons-bcel,BSZZ,101,0.995,0.1,0.1926277118913459,0.6551407583505647,0.050908803928366365
commons-bcel,BSZZ,101,0.995,0.25,0.18904816834057064,0.6607527897706055,0.050908803928366365
commons-bcel,BSZZ,101,0.999,0.0,0.2060693001409332,0.6326253042083271,0.11906827497717704
commons-bcel,BSZZ,101,0.999,0.05,0.21800820723284203,0.6657090254743236,0.11906827497717704
commons-bcel,BSZZ,101,0.999,0.1,0.21403159391628832,0.6683639505463239,0.11906827497717704
commons-bcel,BSZZ,101,0.999,0.25,0.21496742370309335,0.678138047607455,0.11906827497717704
commons-bcel,BSZZ,123,0.9,0.0,0.14740218454555412,0.541012390219086,0.15518841562797547
commons-bcel,BSZZ,123,0.9,0.05,0.15582994963871555,0.5693051300137066,0.15518841562797547
commons-bcel,BSZZ,123,0.9,0.1,0.15179925718041604,0.5675633273521866,0.15518841562797547
commons-bcel,BSZZ,123,0.9,0.25,0.13850958129593577,0.5530413434466552,0.15518841562797547
commons-bcel,BSZZ,123,0.95,0.0,0.1517151997746004,0.5770605206614854,0.12164272283327646
commons-bcel,BSZZ,123,0.95,0.05,0.1606755089553012,0.6072384305430171,0.12164272283327646
commons-bcel,BSZZ,123,0.95,0.1,0.15493738611046204,0.6039675020180378,0.12164272283327646
commons-bcel,BSZZ,123,0.95,0.25,0.14675681555609382,0.5982416699561631,0.12164272283327646
commons-bcel,BSZZ,123,0.99,0.0,0.18164664478442977,0.621868699596861,0.003504739602946771
commons-bcel,BSZZ,123,0.99,0.05,0.19231280191863304,0.6543898943461866,0.003504739602946771
commons-bcel,BSZZ,123,0.99,0.1,0.1893462668113899,0.6554990630847529,0.003504739602946771
commons-bcel,BSZZ,123,0.99,0.25,0.19112715506965197,0.6623615822616358,0.003504739602946771
commons-bcel,BSZZ,123,0.995,0.0,0.19747243860599878,0.6351947272430206,0.04162221882755537
commons-bcel,BSZZ,123,0.995,0.05,0.20897256885165355,0.6684128188462908,0.04162221882755537
commons-bcel,BSZZ,123,0.995,0.1,0.20743054699559957,0.6711432439063969,0.04162221882755537
commons-bcel,BSZZ,123,0.995,0.25,0.21335514265852237,0.682486632753417,0.04162221882755537
commons-bcel,BSZZ,123,0.999,0.0,0.21036992007081015,0.6425350703751432,0.1297311909797485
commons-bcel,BSZZ,123,0.999,0.05,0.22254764484315787,0.6761370319636393,0.1297311909797485
commons-bcel,BSZZ,123,0.999,0.1,0.2222233228065797,0.6800833326464713,0.1297311909797485
commons-bcel,BSZZ,123,0.999,0.25,0.23166651358939647,0.694728757966012,0.1297311909797485
commons-bcel,BSZZ,202,0.9,0.0,0.15051165713426964,0.5685954832506601,0.144425454897091
commons-bcel,BSZZ,202,0.9,0.05,0.15908802149139878,0.598330706226779,0.144425454897091
commons-bcel,BSZZ,202,0.9,0.1,0.14869919523739356,0.5966578261424176,0.144425454897091
commons-bcel,BSZZ,202,0.9,0.25,0.13225928047282476,0.587166718779734,0.144425454897091
commons-bcel,BSZZ,202,0.95,0.0,0.15381341490302028,0.5869892528709316,0.07743263526107379
commons-bcel,BSZZ,202,0.95,0.05,0.16286684100537152,0.6176863949215798,0.07743263526107379
commons-bcel,BSZZ,202,0.95,0.1,0.1520390471673619,0.6136101015036484,0.07743263526107379
commons-bcel,BSZZ,202,0.95,0.25,0.14050890267800786,0.6086301319709823,0.07743263526107379
commons-bcel,BSZZ,202,0.99,0.0,0.1839195992371062,0.6206438053763225,-0.04790827811443622
commons-bcel,BSZZ,202,0.99,0.05,0.19468987183933942,0.6531009431574821,-0.04790827811443622
commons-bcel,BSZZ,202,0.99,0.1,0.18807387787119725,0.6532705044476911,-0.04790827811443622
commons-bcel,BSZZ,202,0.99,0.25,0.1845117704456882,0.6576095296769728,-0.04790827811443622
commons-bcel,BSZZ,202,0.995,0.0,0.20401116110060993,0.6369746924961459,0.006650119738611157
commons-bcel,BSZZ,202,0.995,0.05,0.21583894099276066,0.6702858690169903,0.006650119738611157
commons-bcel,BSZZ,202,0.995,0.1,0.21110348542384583,0.6723358063661935,0.006650119738611157
commons-bcel,BSZZ,202,0.995,0.25,0.2121841060711353,0.6817478208584172,0.006650119738611157
commons-bcel,BSZZ,202,0.999,0.0,0.22271930491441233,0.6486210542527547,0.11754107023915299
commons-bcel,BSZZ,202,0.999,0.05,0.235528939296771,0.6825412879572993,0.11754107023915299
commons-bcel,BSZZ,202,0.999,0.1,0.23251914968764803,0.6861250458177276,0.11754107023915299
commons-bcel,BSZZ,202,0.999,0.25,0.2380597552507513,0.6997744333075122,0.11754107023915299
commons-bcel,BSZZ,314,0.9,0.0,0.12058834130752595,0.5030430981381719,0.1496508174739749
commons-bcel,BSZZ,314,0.9,0.05,0.12774833923505194,0.529350198933663,0.1496508174739749
commons-bcel,BSZZ,314,0.9,0.1,0.11671014370343015,0.524071220110899,0.1496508174739749
commons-bcel,BSZZ,314,0.9,0.25,0.0960706367236073,0.5010947848819131,0.1496508174739749
commons-bcel,BSZZ,314,0.95,0.0,0.12453099832564664,0.5425483397853319,0.08408587355262612
commons-bcel,BSZZ,314,0.95,0.05,0.13225225855257117,0.5709214034730853,0.08408587355262612
commons-bcel,BSZZ,314,0.95,0.1,0.1213091004275605,0.5645887135990675,0.08408587355262612
commons-bcel,BSZZ,314,0.95,0.25,0.10536362715531093,0.5506451313911658,0.08408587355262612
commons-bcel,BSZZ,314,0.99,0.0,0.16151010113745046,0.5986869529524393,-0.06001865569214028
commons-bcel,BSZZ,314,0.99,0.05,0.17132537517179333,0.6299958369716359,-0.06001865569214028
commons-bcel,BSZZ,314,0.99,0.1,0.16528462534249322,0.6292500194269964,-0.06001865569214028
commons-bcel,BSZZ,314,0.99,0.25,0.15936525013364938,0.629672778277258,-0.06001865569214028
commons-bcel,BSZZ,314,0.995,0.0,0.18387594552752332,0.6188731119834697,-0.013975603136617559
commons-bcel,BSZZ,314,0.995,0.05,0.19486780118803504,0.6512376497275032,-0.013975603136617559
commons-bcel,BSZZ,314,0.995,0.1,0.19085376210092747,0.6525876959484993,-0.013975603136617559
commons-bcel,BSZZ,314,0.995,0.25,0.19028039003629885,0.658958968552466,-0.013975603136617559
commons-bcel,BSZZ,314,0.999,0.0,0.20524431647199456,0.6341993509460436,0.09603662561641073
commons-bcel,BSZZ,314,0.999,0.05,0.2173569136357611,0.6673653884317422,0.09603662561641073
commons-bcel,BSZZ,314,0.999,0.1,0.21522869660280522,0.6704537559022105,0.09603662561641073
commons-bcel,BSZZ,314,0.999,0.25,0.21989506630349112,0.68189237055732,0.09603662561641073
commons-bcel,BSZZ,999,0.9,0.0,0.14948764495349165,0.5329370530300164,0.15537971399430842
commons-bcel,BSZZ,999,0.9,0.05,0.15801045765320762,0.5608074856502085,0.15537971399430842
commons-bcel,BSZZ,999,0.9,0.1,0.1475621695992484,0.5570640106215142,0.15537971399430842
commons-bcel,BSZZ,999,0.9,0.25,0.133807093430344,0.541425312013574,0.15537971399430842
commons-bcel,BSZZ,999,0.95,0.0,0.15291400025778076,0.5725314159228764,0.08235280694873662
commons-bcel,BSZZ,999,0.95,0.05,0.16192039064526617,0.6024724721127208,0.08235280694873662
commons-bcel,BSZZ,999,0.95,0.1,0.1510403700713692,0.5975566486340044,0.08235280694873662
commons-bcel,BSZZ,999,0.95,0.25,0.14162675340549138,0.5906445190140147,0.08235280694873662
commons-bcel,BSZZ,999,0.99,0.0,0.1884930743502481,0.6243392719443642,-0.04657797266611098
commons-bcel,BSZZ,999,0.99,0.05,0.19950252103365326,0.6569896675434955,-0.04657797266611098
commons-bcel,BSZZ,999,0.99,0.1,0.19315209720947726,0.6573738152399311,-0.04657797266611098
commons-bcel,BSZZ,999,0.99,0.25,0.1920720279240736,0.6631688734221614,-0.04657797266611098
commons-bcel,BSZZ,999,0.995,0.0,0.20832132692843963,0.6407926997510188,0.010577143440165592
commons-bcel,BSZZ,999,0.995,0.05,0.22037451090087226,0.67430354246759,0.010577143440165592
commons-bcel,BSZZ,999,0.995,0.1,0.21588933577103223,0.6765751818510792,0.010577143440165592
commons-bcel,BSZZ,999,0.995,0.25,0.21920773188442816,0.6873527734258044,0.010577143440165592
commons-bcel,BSZZ,999,0.999,0.0,0.22566943873272496,0.651618982852943,0.12186612620990762
commons-bcel,BSZZ,999,0.999,0.05,0.23863335307241884,0.685695995986834,0.12186612620990762
commons-bcel,BSZZ,999,0.999,0.1,0.23579487027998716,0.6894538359861735,0.12186612620990762
commons-bcel,BSZZ,999,0.999,0.25,0.24311410039300807,0.7041929462177026,0.12186612620990762
commons-bcel,AGSZZ,7,0.9,0.0,0.015732406857829825,0.22698449611998292,0.0667975583372692
commons-bcel,AGSZZ,7,0.9,0.05,0.01713180066003954,0.23885485879972693,0.0667975583372692
commons-bcel,AGSZZ,7,0.9,0.1,0.011858333204813512,0.22889211879780838,0.0667975583372692
commons-bcel,AGSZZ,7,0.9,0.25,-0.008402692854397736,0.18405634343011448,0.0667975583372692
commons-bcel,AGSZZ,7,0.95,0.0,0.006862088456017797,0.2688473276536174,0.05148036121039591
commons-bcel,AGSZZ,7,0.95,0.05,0.008056073023338974,0.28290694555387036,0.05148036121039591
commons-bcel,AGSZZ,7,0.95,0.1,0.0013219400488008472,0.27318646097327515,0.05148036121039591
commons-bcel,AGSZZ,7,0.95,0.25,-0.015410198552942957,0.23107240984353883,0.05148036121039591
commons-bcel,AGSZZ,7,0.99,0.0,0.013130655105456442,0.3644829268172488,0.017760388875228683
commons-bcel,AGSZZ,7,0.99,0.05,0.01478189911740562,0.38354389620437535,0.017760388875228683
commons-bcel,AGSZZ,7,0.99,0.1,0.008992039237267406,0.38096813158284215,0.017760388875228683
commons-bcel,AGSZZ,7,0.99,0.25,-0.005722830208151293,0.35878978053541405,0.017760388875228683
commons-bcel,AGSZZ,7,0.995,0.0,0.02060884913787372,0.38904213387879316,0.007009958469198421
commons-bcel,AGSZZ,7,0.995,0.05,0.022658446877924454,0.409387449553577,0.007009958469198421
commons-bcel,AGSZZ,7,0.995,0.1,0.017587452327209825,0.40887519284992746,0.007009958469198421
commons-bcel,AGSZZ,7,0.995,0.25,0.004532448637137482,0.39385824168769495,0.007009958469198421
commons-bcel,AGSZZ,7,0.999,0.0,0.03021686443786741,0.4061984763926279,0.0028303512930265354
commons-bcel,AGSZZ,7,0.999,0.05,0.03277313275502491,0.42744099875499736,0.0028303512930265354
commons-bcel,AGSZZ,7,0.999,0.1,0.02852523116924511,0.4285117569157528,0.0028303512930265354
commons-bcel,AGSZZ,7,0.999,0.25,0.017736000084696685,0.4192495044867849,0.0028303512930265354
commons-bcel,AGSZZ,13,0.9,0.0,0.027928708625815608,0.24021367421835488,0.1239397958327412
commons-bcel,AGSZZ,13,0.9,0.05,0.029965919229667452,0.2527758689159984,0.1239397958327412
commons-bcel,AGSZZ,13,0.9,0.1,0.025400660201567584,0.24358131385993065,0.1239397958327412
commons-bcel,AGSZZ,13,0.9,0.25,-0.00522453434826398,0.1900359876218459,0.1239397958327412
commons-bcel,AGSZZ,13,0.95,0.0,0.021094348783048614,0.2855282187712301,0.09107267906785477
commons-bcel,AGSZZ,13,0.95,0.05,0.023032622474615027,0.30046017919166434,0.09107267906785477
commons-bcel,AGSZZ,13,0.95,0.1,0.017124920896446107,0.29170831181046286,0.09107267906785477
commons-bcel,AGSZZ,13,0.95,0.25,-0.009075441852979744,0.24094430536520794,0.09107267906785477
commons-bcel,AGSZZ,13,0.99,0.0,0.031776845019002846,0.38964705824453216,0.035605953266957605
commons-bcel,AGSZZ,13,0.99,0.05,0.03440320865653291,0.41002400899456504,0.035605953266957605
commons-bcel,AGSZZ,13,0.99,0.1,0.02969608591112446,0.40890946190250393,0.035605953266957605
commons-bcel,AGSZZ,13,0.99,0.25,0.006348706350238427,0.37814508430377997,0.035605953266957605
commons-bcel,AGSZZ,13,0.995,0.0,0.04040172188571114,0.4165182215437107,0.024403212208301002
commons-bcel,AGSZZ,13,0.995,0.05,0.043486406083238054,0.4383004244560731,0.024403212208301002
commons-bcel,AGSZZ,13,0.995,0.1,0.03956473364210333,0.4393836347389678,0.024403212208301002
commons-bcel,AGSZZ,13,0.995,0.25,0.01846234126985367,0.41643810455402935,0.024403212208301002
commons-bcel,AGSZZ,13,0.999,0.0,0.05230769104276345,0.4364895430381695,0.01950715668750272
commons-bcel,AGSZZ,13,0.999,0.05,0.056019219424717805,0.4593161645490942,0.01950715668750272
commons-bcel,AGSZZ,13,0.999,0.1,0.053054076322729946,0.46214584841315776,0.01950715668750272
commons-bcel,AGSZZ,13,0.999,0.25,0.0351752856317734,0.4459030358448822,0.01950715668750272
commons-bcel,AGSZZ,21,0.9,0.0,0.016145128061192865,0.23154340325663636,0.12959998727889602
commons-bcel,AGSZZ,21,0.9,0.05,0.01756610549776213,0.2436521781718431,0.12959998727889602
commons-bcel,AGSZZ,21,0.9,0.1,0.012519779143093523,0.2339924022118198,0.12959998727889602
commons-bcel,AGSZZ,21,0.9,0.25,-0.01850688823924462,0.17877808589281352,0.12959998727889602
commons-bcel,AGSZZ,21,0.95,0.0,0.009176597975977563,0.2754175325621016,0.09899297346967259
commons-bcel,AGSZZ,21,0.95,0.05,0.010491621944214994,0.28982074536190533,0.09899297346967259
commons-bcel,AGSZZ,21,0.95,0.1,0.0040016402723720085,0.2805202288383883,0.09899297346967259
commons-bcel,AGSZZ,21,0.95,0.25,-0.022795275911595622,0.2280449757748399,0.09899297346967259
commons-bcel,AGSZZ,21,0.99,0.0,0.020907440750634936,0.3779247347309228,0.02637631877234509
commons-bcel,AGSZZ,21,0.99,0.05,0.022965378909844725,0.39768865580741236,0.02637631877234509
commons-bcel,AGSZZ,21,0.99,0.1,0.0176818975841687,0.39591053758567507,0.02637631877234509
commons-bcel,AGSZZ,21,0.99,0.25,-0.006236859744844136,0.3631494230583304,0.02637631877234509
commons-bcel,AGSZZ,21,0.995,0.0,0.03134504772615418,0.4071010112574759,0.01127107534426514
commons-bcel,AGSZZ,21,0.995,0.05,0.03395610483115325,0.42839073250946125,0.01127107534426514
commons-bcel,AGSZZ,21,0.995,0.1,0.029557614517366635,0.42894135621046714,0.01127107534426514
commons-bcel,AGSZZ,21,0.995,0.25,0.0082515380280704,0.40447842447916255,0.01127107534426514
commons-bcel,AGSZZ,21,0.999,0.0,0.045674783564066825,0.4309756540413465,0.008452849892982965
commons-bcel,AGSZZ,21,0.999,0.05,0.0490394379579771,0.4535139216634067,0.008452849892982965
commons-bcel,AGSZZ,21,0.999,0.1,0.04573380447376545,0.4560355473571539,0.008452849892982965
commons-bcel,AGSZZ,21,0.999,0.25,0.028148911261515707,0.4391039219770546,0.008452849892982965
commons-bcel,AGSZZ,42,0.9,0.0,0.0181655554048271,0.22989684569779897,0.08076588865658489
commons-bcel,AGSZZ,42,0.9,0.05,0.01969219294482622,0.24191951237332157,0.08076588865658489
commons-bcel,AGSZZ,42,0.9,0.1,0.01456001227785894,0.23212588515271854,0.08076588865658489
commons-bcel,AGSZZ,42,0.9,0.25,-0.008369782335074433,0.1862220752686702,0.08076588865658489
commons-bcel,AGSZZ,42,0.95,0.0,0.009506329841145869,0.271646306933184,0.06680804604094527
commons-bcel,AGSZZ,42,0.95,0.05,0.010838597440087262,0.285852300025353,0.06680804604094527
commons-bcel,AGSZZ,42,0.95,0.1,0.004258008881547366,0.27629434509930795,0.06680804604094527
commons-bcel,AGSZZ,42,0.95,0.25,-0.014778216683652227,0.23328983025916097,0.06680804604094527
commons-bcel,AGSZZ,42,0.99,0.0,0.01625574055642986,0.3662994331267778,0.025330253315199072
commons-bcel,AGSZZ,42,0.99,0.05,0.01807041378201413,0.3854553983795812,0.025330253315199072
commons-bcel,AGSZZ,42,0.99,0.1,0.012462019717823354,0.3829851136896542,0.025330253315199072
commons-bcel,AGSZZ,42,0.99,0.25,-0.0033249892280923423,0.3604281656816805,0.025330253315199072
commons-bcel,AGSZZ,42,0.995,0.0,0.023927966997228066,0.3905486264782452,0.01259249434032431
commons-bcel,AGSZZ,42,0.995,0.05,0.026151141053903187,0.41097272556703107,0.01259249434032431
commons-bcel,AGSZZ,42,0.995,0.1,0.021272879290826687,0.4105479470821588,0.01259249434032431
commons-bcel,AGSZZ,42,0.995,0.25,0.007483842506405889,0.3952682612085395,0.01259249434032431
commons-bcel,AGSZZ,42,0.999,0.0,0.033943039668088454,0.4076289196573263,0.006939041911075893
commons-bcel,AGSZZ,42,0.999,0.05,0.03669417174090802,0.4289462483638957,0.006939041911075893
commons-bcel,AGSZZ,42,0.999,0.1,0.03266263973577588,0.43010006875071416,0.006939041911075893
commons-bcel,AGSZZ,42,0.999,0.25,0.021476122060401913,0.42069997833986117,0.006939041911075893
commons-bcel,AGSZZ,77,0.9,0.0,0.029696410579661537,0.2442173855020697,0.07002155621186788
commons-bcel,AGSZZ,77,0.9,0.05,0.0318260647805895,0.25698895795817284,0.07002155621186788
commons-bcel,AGSZZ,77,0.9,0.1,0.02756662716158162,0.24806512812364018,0.07002155621186788
commons-bcel,AGSZZ,77,0.9,0.25,-0.0017364404186264906,0.19462031409652641,0.07002155621186788
commons-bcel,AGSZZ,77,0.95,0.0,0.021678824859900348,0.28536040272577856,0.05468074773503432
commons-bcel,AGSZZ,77,0.95,0.05,0.023647664264669455,0.30028358705199903,0.05468074773503432
commons-bcel,AGSZZ,77,0.95,0.1,0.01788365531845047,0.29156042787611836,0.05468074773503432
commons-bcel,AGSZZ,77,0.95,0.25,-0.007466051126229191,0.24039211811414862,0.05468074773503432
commons-bcel,AGSZZ,77,0.99,0.0,0.031175591438446046,0.38355358675799534,0.02897838989640224
commons-bcel,AGSZZ,77,0.99,0.05,0.033770511967809225,0.40361187382059455,0.02897838989640224
commons-bcel,AGSZZ,77,0.99,0.1,0.029083276207915894,0.4021606088135819,0.02897838989640224
commons-bcel,AGSZZ,77,0.99,0.25,0.006614899556012266,0.3702285380853061,0.02897838989640224
commons-bcel,AGSZZ,77,0.995,0.0,0.04072884719227595,0.4113114465115029,0.020092878177115987
commons-bcel,AGSZZ,77,0.995,0.05,0.043830638708130885,0.43282135634182384,0.020092878177115987
commons-bcel,AGSZZ,77,0.995,0.1,0.039977041919184206,0.43361646937947435,0.020092878177115987
commons-bcel,AGSZZ,77,0.995,0.25,0.020063859538655623,0.40977103179100055,0.020092878177115987
commons-bcel,AGSZZ,77,0.999,0.0,0.053802396079190656,0.4341496865995484,0.01907616194562938
commons-bcel,AGSZZ,77,0.999,0.05,0.057592091433713286,0.4568539431691676,0.01907616194562938
commons-bcel,AGSZZ,77,0.999,0.1,0.05475840787211965,0.4595598769137036,0.01907616194562938
commons-bcel,AGSZZ,77,0.999,0.25,0.03840357206240785,0.44309350688732707,0.01907616194562938
commons-bcel,AGSZZ,101,0.9,0.0,0.027384517746018716,0.2416991187675556,0.12393979666962203
commons-bcel,AGSZZ,101,0.9,0.05,0.029393269388044433,0.25433899615208333,0.12393979666962203
commons-bcel,AGSZZ,101,0.9,0.1,0.02499958599367404,0.245268936931212,0.12393979666962203
commons-bcel,AGSZZ,101,0.9,0.25,-0.002783247584497455,0.19147189596833455,0.12393979666962203
commons-bcel,AGSZZ,101,0.95,0.0,0.02080292392485634,0.28670656192497923,0.09107647666612442
commons-bcel,AGSZZ,101,0.95,0.05,0.022725957285828515,0.3017001448827907,0.09107647666612442
commons-bcel,AGSZZ,101,0.95,0.1,0.016911086985460826,0.2930551537702511,0.09107647666612442
commons-bcel,AGSZZ,101,0.95,0.25,-0.007362943096404154,0.2424107057824612,0.09107647666612442
commons-bcel,AGSZZ,101,0.99,0.0,0.031331045632760006,0.39004259373722205,0.03645846171149338
commons-bcel,AGSZZ,101,0.99,0.05,0.03393409578197888,0.4104402293790921,0.03645846171149338
commons-bcel,AGSZZ,101,0.99,0.1,0.029255886854361406,0.409365764611512,0.03645846171149338
commons-bcel,AGSZZ,101,0.99,0.25,0.007980662424618486,0.37920992517409874,0.03645846171149338
commons-bcel,AGSZZ,101,0.995,0.0,0.03974088447304611,0.41661532829508174,0.02541276366082146
commons-bcel,AGSZZ,101,0.995,0.05,0.04279100957118622,0.4384026094941868,0.02541276366082146
commons-bcel,AGSZZ,101,0.995,0.1,0.03888004428343103,0.4395057055456284,0.02541276366082146
commons-bcel,AGSZZ,101,0.995,0.25,0.01994482210011613,0.41719177798301665,0.02541276366082146
commons-bcel,AGSZZ,101,0.999,0.0,0.05126786772751369,0.4363285730949662,0.020417954726493392
commons-bcel,AGSZZ,101,0.999,0.05,0.05492501759425729,0.4591467765348815,0.020417954726493392
commons-bcel,AGSZZ,101,0.999,0.1,0.05194416037530469,0.46197923271278807,0.020417954726493392
commons-bcel,AGSZZ,101,0.999,0.25,0.03624445797745458,0.44635196085719814,0.020417954726493392
commons-bcel,AGSZZ,123,0.9,0.0,0.011942719225492856,0.23005148981764934,0.07739714644435837
commons-bcel,AGSZZ,123,0.9,0.05,0.013143927832644139,0.24208224374943962,0.07739714644435837
commons-bcel,AGSZZ,123,0.9,0.1,0.007650402792057126,0.23229759632213515,0.07739714644435837
commons-bcel,AGSZZ,123,0.9,0.25,-0.013453568939499515,0.1881440167751464,0.07739714644435837
commons-bcel,AGSZZ,123,0.95,0.0,0.004842602605341226,0.2713123343238815,0.06389739133661328
commons-bcel,AGSZZ,123,0.95,0.05,0.0059309763054714035,0.2855008620117376,0.06389739133661328
commons-bcel,AGSZZ,123,0.95,0.1,-0.0009204231097565804,0.2759235141401229,0.06389739133661328
commons-bcel,AGSZZ,123,0.95,0.25,-0.018101758854733214,0.2343577579904983,0.06389739133661328
commons-bcel,AGSZZ,123,0.99,0.0,0.011841798314045228,0.3650863973641789,0.025877002837109496
commons-bcel,AGSZZ,123,0.99,0.05,0.013425640376443558,0.3841789257977648,0.025877002837109496
commons-bcel,AGSZZ,123,0.99,0.1,0.007560939838997883,0.38163820318609554,0.025877002837109496
commons-bcel,AGSZZ,123,0.99,0.25,-0.007440611876833446,0.359594082960644,0.025877002837109496
commons-bcel,AGSZZ,123,0.995,0.0,0.018970834216296067,0.3889011878346241,0.012753657113394117
commons-bcel,AGSZZ,123,0.995,0.05,0.02093477046172347,0.4092391326065879,0.012753657113394117
commons-bcel,AGSZZ,123,0.995,0.1,0.01576866052330462,0.4087186915222834,0.012753657113394117
commons-bcel,AGSZZ,123,0.995,0.25,0.002349310817587292,0.3936703895286651,0.012753657113394117
commons-bcel,AGSZZ,123,0.999,0.0,0.02834918072654318,0.4056211564082739,0.0046901491595922554
commons-bcel,AGSZZ,123,0.999,0.05,0.030807776808797243,0.4268334872918698,0.0046901491595922554
commons-bcel,AGSZZ,123,0.999,0.1,0.026451423548999507,0.42787072193985504,0.0046901491595922554
commons-bcel,AGSZZ,123,0.999,0.25,0.015246760889474574,0.4184800553961677,0.0046901491595922554
commons-bcel,AGSZZ,202,0.9,0.0,0.014094380229382385,0.22841798872668126,0.07001913969359387
commons-bcel,AGSZZ,202,0.9,0.05,0.015408111924747277,0.24036331721876536,0.07001913969359387
commons-bcel,AGSZZ,202,0.9,0.1,0.010039528402028673,0.23048381651049504,0.07001913969359387
commons-bcel,AGSZZ,202,0.9,0.25,-0.010083443718290674,0.18635856739074386,0.07001913969359387
commons-bcel,AGSZZ,202,0.95,0.0,0.006689398850728659,0.270388185235793,0.05441081198709272
commons-bcel,AGSZZ,202,0.95,0.05,0.00787435245654874,0.28452838369837913,0.05441081198709272
commons-bcel,AGSZZ,202,0.95,0.1,0.0011301918329683555,0.2748973728242777,0.05441081198709272
commons-bcel,AGSZZ,202,0.95,0.25,-0.015214520972409988,0.23343794714458949,0.05441081198709272
commons-bcel,AGSZZ,202,0.99,0.0,0.013337785862890476,0.3652914022713834,0.02227845349668967
commons-bcel,AGSZZ,202,0.99,0.05,0.014999861968021786,0.38439465162486136,0.02227845349668967
commons-bcel,AGSZZ,202,0.99,0.1,0.009222029647608014,0.3818658331301651,0.02227845349668967
commons-bcel,AGSZZ,202,0.99,0.25,-0.005271100162204789,0.3599626421733442,0.02227845349668967
commons-bcel,AGSZZ,202,0.995,0.0,0.020169989533000792,0.38917793440816284,0.011691985200834028
commons-bcel,AGSZZ,202,0.995,0.05,0.022196636706980365,0.4095303518963448,0.011691985200834028
commons-bcel,AGSZZ,202,0.995,0.1,0.017100158687882543,0.409025980786307,0.011691985200834028
commons-bcel,AGSZZ,202,0.995,0.25,0.004082259780630497,0.39410439421831606,0.011691985200834028
commons-bcel,AGSZZ,202,0.999,0.0,0.028896860013609527,0.40575315423121944,0.005331385032119216
commons-bcel,AGSZZ,202,0.999,0.05,0.0313840974871515,0.42697238806218885,0.005331385032119216
commons-bcel,AGSZZ,202,0.999,0.1,0.027059546579725927,0.42801728749023193,0.005331385032119216
commons-bcel,AGSZZ,202,0.999,0.25,0.016080899303495867,0.4187009940476981,0.005331385032119216
commons-bcel,AGSZZ,314,0.9,0.0,0.016856963591709493,0.23311288451275727,0.12393979666962203
commons-bcel,AGSZZ,314,0.9,0.05,0.0184718130023825,0.2453037368916132,0.12393979666962203
commons-bcel,AGSZZ,314,0.9,0.1,0.013914845745925922,0.23580618415388277,0.12393979666962203
commons-bcel,AGSZZ,314,0.9,0.25,-0.01029401846547603,0.1898201409235676,0.12393979666962203
commons-bcel,AGSZZ,314,0.95,0.0,0.010663516054169967,0.27780839586928235,0.09107647666533615
commons-bcel,AGSZZ,314,0.95,0.05,0.01227257767942751,0.2923366410614259,0.09107647666533615
commons-bcel,AGSZZ,314,0.95,0.1,0.006828044239204334,0.28333309001831775,0.09107647666533615
commons-bcel,AGSZZ,314,0.95,0.25,-0.012641917087466802,0.24112656028998586,0.09107647666533615
commons-bcel,AGSZZ,314,0.99,0.0,0.018425491189885863,0.3753061898681353,0.03633621768581512
commons-bcel,AGSZZ,314,0.99,0.05,0.020593631094134354,0.3949331717362393,0.03633621768581512
commons-bcel,AGSZZ,314,0.99,0.1,0.016476401409181083,0.39321594580600266,0.03633621768581512
commons-bcel,AGSZZ,314,0.99,0.25,0.0017546474665463673,0.37270121763739483,0.03633621768581512
commons-bcel,AGSZZ,314,0.995,0.0,0.023993762638685884,0.39725989234580233,0.024084448784958273
commons-bcel,AGSZZ,314,0.995,0.05,0.026460986176195217,0.41803496324653944,0.024084448784958273
commons-bcel,AGSZZ,314,0.995,0.1,0.022973110219860395,0.41822528492133976,0.024084448784958273
commons-bcel,AGSZZ,314,0.995,0.25,0.010163117392498306,0.4046158571510043,0.024084448784958273
commons-bcel,AGSZZ,314,0.999,0.0,0.031151494005989152,0.41034839170032567,0.013327097881635601
commons-bcel,AGSZZ,314,0.999,0.05,0.03399733745486898,0.4318079376948579,0.013327097881635601
commons-bcel,AGSZZ,314,0.999,0.1,0.031203358942181465,0.43333958488999785,0.013327097881635601
commons-bcel,AGSZZ,314,0.999,0.25,0.020706712644684284,0.42483079225645076,0.013327097881635601
commons-bcel,AGSZZ,999,0.9,0.0,0.01600418016293006,0.23189318441207787,0.12393979666962203
commons-bcel,AGSZZ,999,0.9,0.05,0.017417786599717728,0.24402025145403602,0.12393979666962203
commons-bcel,AGSZZ,999,0.9,0.1,0.012160100333626023,0.23434254657839837,0.12393979666962203
commons-bcel,AGSZZ,999,0.9,0.25,-0.007538072239814371,0.19099029023477004,0.12393979666962203
commons-bcel,AGSZZ,999,0.95,0.0,0.00984830162760609,0.27658500822265675,0.09107647666533734
commons-bcel,AGSZZ,999,0.95,0.05,0.011198452955176139,0.2910492752343008,0.09107647666533734
commons-bcel,AGSZZ,999,0.95,0.1,0.004637721834211807,0.2817780982134601,0.09107647666533734
commons-bcel,AGSZZ,999,0.95,0.25,-0.01100435168174136,0.24169704078620916,0.09107647666533734
commons-bcel,AGSZZ,999,0.99,0.0,0.01759032838515984,0.37435021854578837,0.03632836450175966
commons-bcel,AGSZZ,999,0.99,0.05,0.019474795106889417,0.39392720701565737,0.03632836450175966
commons-bcel,AGSZZ,999,0.99,0.1,0.013943897185794045,0.391924411092997,0.03632836450175966
commons-bcel,AGSZZ,999,0.99,0.25,0.00039666652741108074,0.372036185673157,0.03632836450175966
commons-bcel,AGSZZ,999,0.995,0.0,0.02295440862219145,0.39631381121691184,0.023905293866581502
commons-bcel,AGSZZ,999,0.995,0.05,0.02512666954955982,0.4170394059361636,0.023905293866581502
commons-bcel,AGSZZ,999,0.995,0.1,0.020191875711546462,0.416949397162105,0.023905293866581502
commons-bcel,AGSZZ,999,0.995,0.25,0.007793319148291714,0.40361505393918523,0.023905293866581502
commons-bcel,AGSZZ,999,0.999,0.0,0.029795651139507794,0.4093425075651496,0.012187847346134116
commons-bcel,AGSZZ,999,0.999,0.05,0.032329891720399045,0.4307494499250618,0.012187847346134116
commons-bcel,AGSZZ,999,0.999,0.1,0.028057531342668158,0.43200277403194454,0.012187847346134116
commons-bcel,AGSZZ,999,0.999,0.25,0.01727880346967692,0.4234848656155373,0.012187847346134116
commons-bcel,MASZZ,7,0.9,0.0,0.08501913310525694,0.4249092975285022,-0.09546281251183798
commons-bcel,MASZZ,7,0.9,0.05,0.09004193988724282,0.4471303194655794,-0.09546281251183798
commons-bcel,MASZZ,7,0.9,0.1,0.08879177755760945,0.44866057258250336,-0.09546281251183798
commons-bcel,MASZZ,7,0.9,0.25,0.07157291354976698,0.4318217547263889,-0.09546281251183798
commons-bcel,MASZZ,7,0.95,0.0,0.08867214846675407,0.46408046490922683,-0.1322719775191385
commons-bcel,MASZZ,7,0.95,0.05,0.09414446525402446,0.48834997901800015,-0.1322719775191385
commons-bcel,MASZZ,7,0.95,0.1,0.09216083575385794,0.4899661894199478,-0.1322719775191385
commons-bcel,MASZZ,7,0.95,0.25,0.0780302205631458,0.47555532034440967,-0.1322719775191385
commons-bcel,MASZZ,7,0.99,0.0,0.10073494325055367,0.5148004533815339,-0.1082942575839838
commons-bcel,MASZZ,7,0.99,0.05,0.10696753396396838,0.5417224158670477,-0.1082942575839838
commons-bcel,MASZZ,7,0.99,0.1,0.10626463374561897,0.54787521020402,-0.1082942575839838
commons-bcel,MASZZ,7,0.99,0.25,0.09592360234491057,0.5435528135500227,-0.1082942575839838
commons-bcel,MASZZ,7,0.995,0.0,0.11252555289645667,0.5365873245238874,-0.05542241419572653
commons-bcel,MASZZ,7,0.995,0.05,0.11938201907286188,0.5646486514441417,-0.05542241419572653
commons-bcel,MASZZ,7,0.995,0.1,0.11964839526237932,0.5727039711570643,-0.05542241419572653
commons-bcel,MASZZ,7,0.995,0.25,0.11290908822966024,0.5755073195547474,-0.05542241419572653
commons-bcel,MASZZ,7,0.999,0.0,0.12579433355604233,0.5541558213525063,0.030047629780753742
commons-bcel,MASZZ,7,0.999,0.05,0.13334891339596153,0.583135908948747,0.030047629780753742
commons-bcel,MASZZ,7,0.999,0.1,0.13465095394514592,0.5927981762857389,0.030047629780753742
commons-bcel,MASZZ,7,0.999,0.25,0.13199886192154564,0.6020985931013089,0.030047629780753742
commons-bcel,MASZZ,13,0.9,0.0,0.08272365564878928,0.39355552014685236,-0.09546281403548337
commons-bcel,MASZZ,13,0.9,0.05,0.08762641832909762,0.4141368675014709,-0.09546281403548337
commons-bcel,MASZZ,13,0.9,0.1,0.08624296342357737,0.4138464859878047,-0.09546281403548337
commons-bcel,MASZZ,13,0.9,0.25,0.07115673841410229,0.39201342466043876,-0.09546281403548337
commons-bcel,MASZZ,13,0.95,0.0,0.08760614854879398,0.4293510828006046,-0.13226625762616515
commons-bcel,MASZZ,13,0.95,0.05,0.09302271789137512,0.451804391977677,-0.13226625762616515
commons-bcel,MASZZ,13,0.95,0.1,0.09097718846944734,0.4514039549117199,-0.13226625762616515
commons-bcel,MASZZ,13,0.95,0.25,0.07941814324808685,0.4308222473938684,-0.13226625762616515
commons-bcel,MASZZ,13,0.99,0.0,0.09529541693845724,0.4965429218413908,-0.10639946638190022
commons-bcel,MASZZ,13,0.99,0.05,0.10124354262789752,0.5225100899478922,-0.10639946638190022
commons-bcel,MASZZ,13,0.99,0.1,0.1002247828607205,0.5276027155598504,-0.10639946638190022
commons-bcel,MASZZ,13,0.99,0.25,0.09073672682735849,0.5200479813850746,-0.10639946638190022
commons-bcel,MASZZ,13,0.995,0.0,0.1052451040107246,0.5247521505693967,-0.05580418185384966
commons-bcel,MASZZ,13,0.995,0.05,0.1117208324265239,0.5521945461986637,-0.05580418185384966
commons-bcel,MASZZ,13,0.995,0.1,0.11156445134484369,0.559562627264124,-0.05580418185384966
commons-bcel,MASZZ,13,0.995,0.25,0.10500422687570146,0.5604062202751627,-0.05580418185384966
commons-bcel,MASZZ,13,0.999,0.0,0.11766965198265009,0.5474009181496021,0.025149624969183722
commons-bcel,MASZZ,13,0.999,0.05,0.12479934413824648,0.5760277518793645,0.025149624969183722
commons-bcel,MASZZ,13,0.999,0.1,0.12562960495719355,0.585297779055058,0.025149624969183722
commons-bcel,MASZZ,13,0.999,0.25,0.12273334018874071,0.593640686829789,0.025149624969183722
commons-bcel,MASZZ,21,0.9,0.0,0.07982523229119763,0.42440410838781806,-0.09546281492148279
commons-bcel,MASZZ,21,0.9,0.05,0.08457641926020336,0.4465987109948341,-0.09546281492148279
commons-bcel,MASZZ,21,0.9,0.1,0.08322783565689423,0.4481378688783406,-0.09546281492148279
commons-bcel,MASZZ,21,0.9,0.25,0.07022732813516462,0.4343140163238486,-0.09546281492148279
commons-bcel,MASZZ,21,0.95,0.0,0.08353221560624943,0.4586467456487194,-0.13228190095726813
commons-bcel,MASZZ,21,0.95,0.05,0.08873573488423324,0.48263209841861415,-0.13228190095726813
commons-bcel,MASZZ,21,0.95,0.1,0.08656339605295651,0.4839712393316046,-0.13228190095726813
commons-bcel,MASZZ,21,0.95,0.25,0.07705374367176396,0.47120281207392123,-0.13228190095726813
commons-bcel,MASZZ,21,0.99,0.0,0.09771917053729513,0.5093311459246654,-0.11150833609323774
commons-bcel,MASZZ,21,0.99,0.05,0.10379404864708282,0.5359670859538891,-0.11150833609323774
commons-bcel,MASZZ,21,0.99,0.1,0.10297083038900673,0.5418194060040299,-0.11150833609323774
commons-bcel,MASZZ,21,0.99,0.25,0.09683719545361023,0.5381783469342207,-0.11150833609323774
commons-bcel,MASZZ,21,0.995,0.0,0.10878703860324176,0.5330859445563051,-0.05723000892057685
commons-bcel,MASZZ,21,0.995,0.05,0.11544799574135384,0.5609641635956018,-0.05723000892057685
commons-bcel,MASZZ,21,0.995,0.1,0.11554636616420011,0.568830414045641,-0.05723000892057685
commons-bcel,MASZZ,21,0.995,0.25,0.11247797859744976,0.5724939842872309,-0.05723000892057685
commons-bcel,MASZZ,21,0.999,0.0,0.11984292318645907,0.5517784191459061,0.029815707136715934
commons-bcel,MASZZ,21,0.999,0.05,0.12708626855551997,0.5806341783104242,0.029815707136715934
commons-bcel,MASZZ,21,0.999,0.1,0.12808739153765994,0.5901705153400094,0.029815707136715934
commons-bcel,MASZZ,21,0.999,0.25,0.12825487098412003,0.6003534799731008,0.029815707136715934
commons-bcel,MASZZ,42,0.9,0.0,0.09639836109290084,0.4208733493868367,-0.09546281399982735
commons-bcel,MASZZ,42,0.9,0.05,0.10201625505281198,0.4428833077093626,-0.09546281399982735
commons-bcel,MASZZ,42,0.9,0.1,0.10142685574039034,0.44417920351537815,-0.09546281399982735
commons-bcel,MASZZ,42,0.9,0.25,0.08362368222573319,0.4265832631073748,-0.09546281399982735
commons-bcel,MASZZ,42,0.95,0.0,0.10132463169071954,0.45553323936215334,-0.13226477210029988
commons-bcel,MASZZ,42,0.95,0.05,0.10745862170781467,0.4793557684614496,-0.13226477210029988
commons-bcel,MASZZ,42,0.95,0.1,0.10620968993928397,0.4804756630722552,-0.13226477210029988
commons-bcel,MASZZ,42,0.95,0.25,0.09407429240522869,0.46421764860226783,-0.13226477210029988
commons-bcel,MASZZ,42,0.99,0.0,0.10933231228710351,0.5103275147446881,-0.1014623793213569
commons-bcel,MASZZ,42,0.99,0.05,0.1160145103098276,0.5370155607963872,-0.1014623793213569
commons-bcel,MASZZ,42,0.99,0.1,0.115810837588356,0.5429086228885451,-0.1014623793213569
commons-bcel,MASZZ,42,0.99,0.25,0.10696518469183254,0.5375008304887414,-0.1014623793213569
commons-bcel,MASZZ,42,0.995,0.0,0.11776170905906659,0.5356481839338536,-0.044613176071836
commons-bcel,MASZZ,42,0.995,0.05,0.12489200483071031,0.5636603976344761,-0.044613176071836
commons-bcel,MASZZ,42,0.995,0.1,0.12546243137833246,0.5716611838262732,-0.044613176071836
commons-bcel,MASZZ,42,0.995,0.25,0.11944790186791956,0.5741486563268566,-0.044613176071836
commons-bcel,MASZZ,42,0.999,0.0,0.12778033837835948,0.5555818406884285,0.03835869863337459
commons-bcel,MASZZ,42,0.999,0.05,0.13543877816434374,0.5846365032754509,0.03835869863337459
commons-bcel,MASZZ,42,0.999,0.1,0.1368561409954981,0.5943815759521398,0.03835869863337459
commons-bcel,MASZZ,42,0.999,0.25,0.13418981888360243,0.6038843611712694,0.03835869863337459
commons-bcel,MASZZ,77,0.9,0.0,0.10211948563991999,0.4315828624243423,-0.09546281403501915
commons-bcel,MASZZ,77,0.9,0.05,0.10803657106211148,0.45415288456643166,-0.09546281403501915
commons-bcel,MASZZ,77,0.9,0.1,0.1079825584196075,0.45610889455819587,-0.09546281403501915
commons-bcel,MASZZ,77,0.9,0.25,0.1012008414779185,0.44391413828781284,-0.09546281403501915
commons-bcel,MASZZ,77,0.95,0.0,0.10405264213047764,0.45616978748543013,-0.1322661317590267
commons-bcel,MASZZ,77,0.95,0.05,0.11032929595883564,0.48002560545341816,-0.1322661317590267
commons-bcel,MASZZ,77,0.95,0.1,0.10934852644661505,0.48122091566442604,-0.1322661317590267
commons-bcel,MASZZ,77,0.95,0.25,0.10496427163138199,0.4679144652938317,-0.1322661317590267
commons-bcel,MASZZ,77,0.99,0.0,0.11215359138107757,0.5139346579798639,-0.1019278292492318
commons-bcel,MASZZ,77,0.99,0.05,0.11898333078499164,0.5408113428997292,-0.1019278292492318
commons-bcel,MASZZ,77,0.99,0.1,0.11899828287369114,0.5469309772631669,-0.1019278292492318
commons-bcel,MASZZ,77,0.99,0.25,0.11662631282617485,0.5444716649980333,-0.1019278292492318
commons-bcel,MASZZ,77,0.995,0.0,0.11972626565596987,0.5394554595498517,-0.04169953278068745
commons-bcel,MASZZ,77,0.995,0.05,0.1269592997190333,0.5676667782252904,-0.04169953278068745
commons-bcel,MASZZ,77,0.995,0.1,0.12769288341655635,0.5759028903170758,-0.04169953278068745
commons-bcel,MASZZ,77,0.995,0.25,0.12766244220301573,0.5811644631508378,-0.04169953278068745
commons-bcel,MASZZ,77,0.999,0.0,0.1268182899082221,0.558223170299229,0.044604146729138955
commons-bcel,MASZZ,77,0.999,0.05,0.13442641848594664,0.5874159636439591,0.044604146729138955
commons-bcel,MASZZ,77,0.999,0.1,0.1358325833888773,0.5973265310889883,0.044604146729138955
commons-bcel,MASZZ,77,0.999,0.25,0.13819427171771495,0.6091357036789812,0.044604146729138955
commons-bcel,MASZZ,101,0.9,0.0,0.08157594203038336,0.41269680994748936,-0.09594332836262325
commons-bcel,MASZZ,101,0.9,0.05,0.08641868397299445,0.4342791686309677,-0.09594332836262325
commons-bcel,MASZZ,101,0.9,0.1,0.08517175966070072,0.4351385132750147,-0.09594332836262325
commons-bcel,MASZZ,101,0.9,0.25,0.06768717534656449,0.41815862070930315,-0.09594332836262325
commons-bcel,MASZZ,101,0.95,0.0,0.08106227632472807,0.452440227241015,-0.1352931289864673
commons-bcel,MASZZ,101,0.95,0.05,0.08613662785967312,0.476101004430915,-0.1352931289864673
commons-bcel,MASZZ,101,0.95,0.1,0.08382086589514343,0.4770797485020539,-0.1352931289864673
commons-bcel,MASZZ,101,0.95,0.25,0.07104624334673179,0.4621607528957618,-0.1352931289864673
commons-bcel,MASZZ,101,0.99,0.0,0.10074318778656154,0.5114468055539818,-0.1133000497813701
commons-bcel,MASZZ,101,0.99,0.05,0.1069762096555583,0.5381933859464733,-0.1133000497813701
commons-bcel,MASZZ,101,0.99,0.1,0.10632858843832678,0.5441685570056262,-0.1133000497813701
commons-bcel,MASZZ,101,0.99,0.25,0.09891343734909196,0.5402932490846828,-0.1133000497813701
commons-bcel,MASZZ,101,0.995,0.0,0.11133534668876625,0.5343165342936893,-0.054625273417097754
commons-bcel,MASZZ,101,0.995,0.05,0.11812956993849377,0.5622591081534357,-0.054625273417097754
commons-bcel,MASZZ,101,0.995,0.1,0.11837591417302608,0.5701968158401792,-0.054625273417097754
commons-bcel,MASZZ,101,0.995,0.25,0.11401990143783179,0.5734898683323295,-0.054625273417097754
commons-bcel,MASZZ,101,0.999,0.0,0.12087294163287848,0.5511600799887071,0.03314296135293782
commons-bcel,MASZZ,101,0.999,0.05,0.1281701527625302,0.5799835025391369,0.03314296135293782
commons-bcel,MASZZ,101,0.999,0.1,0.12923108631329386,0.5894839341762285,0.03314296135293782
commons-bcel,MASZZ,101,0.999,0.25,0.12787792520630695,0.598949484549579,0.03314296135293782
commons-bcel,MASZZ,123,0.9,0.0,0.11012554615436945,0.42535917621235253,-0.09546281403548335
commons-bcel,MASZZ,123,0.9,0.05,0.11646131586366865,0.4476037249683557,-0.09546281403548335
commons-bcel,MASZZ,123,0.9,0.1,0.1166690195031247,0.449160101403737,-0.09546281403548335
commons-bcel,MASZZ,123,0.9,0.25,0.10038637047780465,0.4316857648269748,-0.09546281403548335
commons-bcel,MASZZ,123,0.95,0.0,0.1080730954121214,0.4503878191631945,-0.1322662549547369
commons-bcel,MASZZ,123,0.95,0.05,0.11456000253709596,0.47394126378780027,-0.1322662549547369
commons-bcel,MASZZ,123,0.95,0.1,0.1137029370054435,0.47476237684864675,-0.1322662549547369
commons-bcel,MASZZ,123,0.95,0.25,0.10144552899315136,0.45660043588323346,-0.1322662549547369
commons-bcel,MASZZ,123,0.99,0.0,0.1176280931636041,0.5135450806877991,-0.10305335498779156
commons-bcel,MASZZ,123,0.99,0.05,0.12474412666583903,0.5404013923054009,-0.10305335498779156
commons-bcel,MASZZ,123,0.99,0.1,0.12502216897881763,0.546481290322013,-0.10305335498779156
commons-bcel,MASZZ,123,0.99,0.25,0.11677572851037123,0.5413363054830657,-0.10305335498779156
commons-bcel,MASZZ,123,0.995,0.0,0.1269559621922099,0.5411281914555303,-0.04361633811547226
commons-bcel,MASZZ,123,0.995,0.05,0.13456707987515318,0.5694269871821588,-0.04361633811547226
commons-bcel,MASZZ,123,0.995,0.1,0.1356713934709882,0.5777459835643394,-0.04361633811547226
commons-bcel,MASZZ,123,0.995,0.25,0.13059589908568783,0.5810748399745715,-0.04361633811547226
commons-bcel,MASZZ,123,0.999,0.0,0.1367872161430388,0.5624680422246215,0.04471268085158618
commons-bcel,MASZZ,123,0.999,0.05,0.14491667887334936,0.5918828250450419,0.04471268085158618
commons-bcel,MASZZ,123,0.999,0.1,0.14685704833851346,0.6020277620454901,0.04471268085158618
commons-bcel,MASZZ,123,0.999,0.25,0.1452158400961732,0.6127487056091135,0.04471268085158618
commons-bcel,MASZZ,202,0.9,0.0,0.0790688794562739,0.42189280547958924,-0.0954628125118382
commons-bcel,MASZZ,202,0.9,0.05,0.08378051225916756,0.44395607719472086,-0.0954628125118382
commons-bcel,MASZZ,202,0.9,0.1,0.08218483373471441,0.44531117024017075,-0.0954628125118382
commons-bcel,MASZZ,202,0.9,0.25,0.0636424462470028,0.4278013897177408,-0.0954628125118382
commons-bcel,MASZZ,202,0.95,0.0,0.08276305631948873,0.4604377592784711,-0.13227198088663614
commons-bcel,MASZZ,202,0.95,0.05,0.08792635170620061,0.4845167747509421,-0.13227198088663614
commons-bcel,MASZZ,202,0.95,0.1,0.08559959615561584,0.48592146244097945,-0.13227198088663614
commons-bcel,MASZZ,202,0.95,0.25,0.07015461309708138,0.4707003411111729,-0.13227198088663614
commons-bcel,MASZZ,202,0.99,0.0,0.09619254069433301,0.5108330203912773,-0.10904054890300026
commons-bcel,MASZZ,202,0.99,0.05,0.10218758229447598,0.5375475023250047,-0.10904054890300026
commons-bcel,MASZZ,202,0.99,0.1,0.10122091623702943,0.5434699178527929,-0.10904054890300026
commons-bcel,MASZZ,202,0.99,0.25,0.0898695117005131,0.538265039370763,-0.10904054890300026
commons-bcel,MASZZ,202,0.995,0.0,0.10855939888539906,0.5331305350912401,-0.05764677911402953
commons-bcel,MASZZ,202,0.995,0.05,0.1152084513954097,0.5610110860335115,-0.05764677911402953
commons-bcel,MASZZ,202,0.995,0.1,0.11524452304283354,0.5688656787183912,-0.05764677911402953
commons-bcel,MASZZ,202,0.995,0.25,0.10762301866726526,0.570900128469232,-0.05764677911402953
commons-bcel,MASZZ,202,0.999,0.0,0.12259532836695275,0.5517291056641592,0.026769644624910587
commons-bcel,MASZZ,202,0.999,0.05,0.1299826132926466,0.5805822859348614,0.026769644624910587
commons-bcel,MASZZ,202,0.999,0.1,0.13109889569346506,0.5901036400234424,0.026769644624910587
commons-bcel,MASZZ,202,0.999,0.25,0.12773524434319522,0.598864278977098,0.026769644624910587
commons-bcel,MASZZ,314,0.9,0.0,0.08060197940849233,0.4295329446413186,-0.09546281254209836
commons-bcel,MASZZ,314,0.9,0.05,0.08555043296264506,0.45199576445036715,-0.09546281254209836
commons-bcel,MASZZ,314,0.9,0.1,0.08469497770937928,0.4539038283073997,-0.09546281254209836
commons-bcel,MASZZ,314,0.9,0.25,0.06817176165068968,0.4389963409442676,-0.09546281254209836
commons-bcel,MASZZ,314,0.95,0.0,0.08466741577438122,0.4638922521153133,-0.13227335043320698
commons-bcel,MASZZ,314,0.95,0.05,0.09014657929827223,0.4881519234631805,-0.13227335043320698
commons-bcel,MASZZ,314,0.95,0.1,0.08899926532826795,0.4899537917719861,-0.13227335043320698
commons-bcel,MASZZ,314,0.95,0.25,0.07592216137215875,0.476345585977209,-0.13227335043320698
commons-bcel,MASZZ,314,0.99,0.0,0.09823641214215015,0.5117082401715239,-0.10915417032350598
commons-bcel,MASZZ,314,0.99,0.05,0.10457833745334105,0.5384684925274328,-0.10915417032350598
commons-bcel,MASZZ,314,0.99,0.1,0.10509552628888238,0.5446717890096308,-0.10915417032350598
commons-bcel,MASZZ,314,0.99,0.25,0.09673952059703303,0.5405158030659187,-0.10915417032350598
commons-bcel,MASZZ,314,0.995,0.0,0.1092199850980138,0.5344510191018317,-0.05473166029276837
commons-bcel,MASZZ,314,0.995,0.05,0.11614419220801349,0.5624006259681263,-0.05473166029276837
commons-bcel,MASZZ,314,0.995,0.1,0.11760518764778168,0.5705572897311972,-0.05473166029276837
commons-bcel,MASZZ,314,0.995,0.25,0.11283074032121487,0.5737429310626189,-0.05473166029276837
commons-bcel,MASZZ,314,0.999,0.0,0.12047892046899426,0.552717846470962,0.031315579607520294
commons-bcel,MASZZ,314,0.999,0.05,0.1279962237201486,0.5816227338501834,0.031315579607520294
commons-bcel,MASZZ,314,0.999,0.1,0.1303892631574967,0.5914214155572589,0.031315579607520294
commons-bcel,MASZZ,314,0.999,0.25,0.12940238237983062,0.6012575716045079,0.031315579607520294
commons-bcel,MASZZ,999,0.9,0.0,0.10529801224059483,0.46463683452873517,-0.09546277718706829
commons-bcel,MASZZ,999,0.9,0.05,0.11138132163042361,0.4889354444977124,-0.09546277718706829
commons-bcel,MASZZ,999,0.9,0.1,0.11130870257329414,0.49277257530819957,-0.09546277718706829
commons-bcel,MASZZ,999,0.9,0.25,0.09804310424392339,0.4869282327744226,-0.09546277718706829
commons-bcel,MASZZ,999,0.95,0.0,0.11057528900851421,0.507736227725596,-0.1321996524395411
commons-bcel,MASZZ,999,0.95,0.05,0.11719305064554501,0.5342887600428785,-0.1321996524395411
commons-bcel,MASZZ,999,0.95,0.1,0.11648128117371274,0.5384399502860374,-0.1321996524395411
commons-bcel,MASZZ,999,0.95,0.25,0.1091072504381859,0.5353634291830497,-0.1321996524395411
commons-bcel,MASZZ,999,0.99,0.0,0.124496984226937,0.5489551926284914,-0.08696550334332044
commons-bcel,MASZZ,999,0.99,0.05,0.1319722326954942,0.5776633085695222,-0.08696550334332044
commons-bcel,MASZZ,999,0.99,0.1,0.13264913415681176,0.5857993823153792,-0.08696550334332044
commons-bcel,MASZZ,999,0.99,0.25,0.1292205132520058,0.5898133665674063,-0.08696550334332044
commons-bcel,MASZZ,999,0.995,0.0,0.13170257841775687,0.5605559846187184,-0.023342543227802635
commons-bcel,MASZZ,999,0.995,0.05,0.1395619247553525,0.5898707746306666,-0.023342543227802635
commons-bcel,MASZZ,999,0.995,0.1,0.14094186236207334,0.5993178938733976,-0.023342543227802635
commons-bcel,MASZZ,999,0.995,0.25,0.13981870558104365,0.6080187811504276,-0.023342543227802635
commons-bcel,MASZZ,999,0.999,0.0,0.13823604607685508,0.566195027802926,0.05948237759412842
commons-bcel,MASZZ,999,0.999,0.05,0.14644127669911272,0.5958047167569055,0.05948237759412842
commons-bcel,MASZZ,999,0.999,0.1,0.14846577605775768,0.6061660703928671,0.05948237759412842
commons-bcel,MASZZ,999,0.999,0.25,0.14968680881801325,0.6185746098253099,0.05948237759412842
commons-bcel,LSZZ,7,0.9,0.0,0.13902144237537617,0.5188325886719509,-0.07219730952176096
commons-bcel,LSZZ,7,0.9,0.05,0.14686834951460045,0.5459654153754586,-0.07219730952176096
commons-bcel,LSZZ,7,0.9,0.1,0.14423697655193177,0.5478254180265514,-0.07219730952176096
commons-bcel,LSZZ,7,0.9,0.25,0.15651442669142007,0.5721968745813604,-0.07219730952176096
commons-bcel,LSZZ,7,0.95,0.0,0.14294447322869877,0.5574357724226298,-0.08752539280408037
commons-bcel,LSZZ,7,0.95,0.05,0.15125501108132597,0.5865873880722827,-0.08752539280408037
commons-bcel,LSZZ,7,0.95,0.1,0.1491454786473217,0.5900700826423259,-0.08752539280408037
commons-bcel,LSZZ,7,0.95,0.25,0.16161226736016762,0.6124640489940041,-0.08752539280408037
commons-bcel,LSZZ,7,0.99,0.0,0.15415021248352634,0.5866143092192685,-0.020747534236341316
commons-bcel,LSZZ,7,0.99,0.05,0.16317620375631847,0.6172918432473169,-0.020747534236341316
commons-bcel,LSZZ,7,0.99,0.1,0.16383340682173977,0.6258563784871889,-0.020747534236341316
commons-bcel,LSZZ,7,0.99,0.25,0.17647885624361626,0.6509271630002504,-0.020747534236341316
commons-bcel,LSZZ,7,0.995,0.0,0.15653714900785065,0.5856708817530183,0.0415129005728466
commons-bcel,LSZZ,7,0.995,0.05,0.16569524202171396,0.6162990783753063,0.0415129005728466
commons-bcel,LSZZ,7,0.995,0.1,0.1669706990642946,0.6256606666296138,0.0415129005728466
commons-bcel,LSZZ,7,0.995,0.25,0.18004306205468742,0.6518864700300401,0.0415129005728466
commons-bcel,LSZZ,7,0.999,0.0,0.152687275937235,0.5743460328349121,0.11389519697015825
commons-bcel,LSZZ,7,0.999,0.05,0.16164824689657878,0.6043819860826565,0.11389519697015825
commons-bcel,LSZZ,7,0.999,0.1,0.16311612906122921,0.6138362751707394,0.11389519697015825
commons-bcel,LSZZ,7,0.999,0.25,0.17541338062258996,0.6391941330409752,0.11389519697015825
commons-bcel,LSZZ,13,0.9,0.0,0.13586832476789804,0.5169057000864896,-0.07219730483247247
commons-bcel,LSZZ,13,0.9,0.05,0.14355033672611894,0.5439377583818291,-0.07219730483247247
commons-bcel,LSZZ,13,0.9,0.1,0.14073587019100378,0.5456858714814564,-0.07219730483247247
commons-bcel,LSZZ,13,0.9,0.25,0.1510251116317183,0.5689533718985874,-0.07219730483247247
commons-bcel,LSZZ,13,0.95,0.0,0.14009243472522842,0.5544160985206011,-0.08749230421224619
commons-bcel,LSZZ,13,0.95,0.05,0.1482538226050976,0.5834097975503776,-0.08749230421224619
commons-bcel,LSZZ,13,0.95,0.1,0.14597867950147644,0.5867171472867758,-0.08749230421224619
commons-bcel,LSZZ,13,0.95,0.25,0.1563434246968507,0.6077903842760479,-0.08749230421224619
commons-bcel,LSZZ,13,0.99,0.0,0.15185631457224957,0.5829828544281452,-0.01545708089449778
commons-bcel,LSZZ,13,0.99,0.05,0.16076234434713052,0.6134704781928825,-0.01545708089449778
commons-bcel,LSZZ,13,0.99,0.1,0.1612863465568631,0.6218241440286739,-0.01545708089449778
commons-bcel,LSZZ,13,0.99,0.25,0.172203044932881,0.6456731745973227,-0.01545708089449778
commons-bcel,LSZZ,13,0.995,0.0,0.15389334272407423,0.5827316217262353,0.0446983203413565
commons-bcel,LSZZ,13,0.995,0.05,0.1629131754603421,0.6132061070461021,0.0446983203413565
commons-bcel,LSZZ,13,0.995,0.1,0.1640351133521606,0.6223970198973177,0.0446983203413565
commons-bcel,LSZZ,13,0.995,0.25,0.17541708650148605,0.6476179226970974,0.0446983203413565
commons-bcel,LSZZ,13,0.999,0.0,0.15066862502102363,0.573038987307183,0.11124284543119899
commons-bcel,LSZZ,13,0.999,0.05,0.1595240287768411,0.6030065874087066,0.11124284543119899
commons-bcel,LSZZ,13,0.999,0.1,0.16087469298333643,0.612384979665522,0.11124284543119899
commons-bcel,LSZZ,13,0.999,0.25,0.17173000840908986,0.6371554715483312,0.11124284543119899
commons-bcel,LSZZ,21,0.9,0.0,0.1297389309266923,0.5282428861703282,-0.07811636598426468
commons-bcel,LSZZ,21,0.9,0.05,0.13710040060495227,0.5558678330236234,-0.07811636598426468
commons-bcel,LSZZ,21,0.9,0.1,0.1339300156566906,0.5582742678733363,-0.07811636598426468
commons-bcel,LSZZ,21,0.9,0.25,0.1105144166939718,0.5428223626861123,-0.07811636598426468
commons-bcel,LSZZ,21,0.95,0.0,0.1393470157481209,0.5597951188891288,-0.09625120311515635
commons-bcel,LSZZ,21,0.95,0.05,0.14746942125801377,0.5890701187289938,-0.09625120311515635
commons-bcel,LSZZ,21,0.95,0.1,0.145150993557851,0.5926898145869578,-0.09625120311515635
commons-bcel,LSZZ,21,0.95,0.25,0.1258873639258209,0.584771887184661,-0.09625120311515635
commons-bcel,LSZZ,21,0.99,0.0,0.1579696012478258,0.585097110832732,-0.02808761163379411
commons-bcel,LSZZ,21,0.99,0.05,0.16719533096364889,0.6156953015778109,-0.02808761163379411
commons-bcel,LSZZ,21,0.99,0.1,0.16807431628411798,0.6241717369409,-0.02808761163379411
commons-bcel,LSZZ,21,0.99,0.25,0.16597131793845749,0.6364194781793797,-0.02808761163379411
commons-bcel,LSZZ,21,0.995,0.0,0.16470917384636963,0.5902104309578076,0.03131710520028091
commons-bcel,LSZZ,21,0.995,0.05,0.17429463040408408,0.6210760274747338,0.03131710520028091
commons-bcel,LSZZ,21,0.995,0.1,0.1760446162806851,0.6307012158812304,0.03131710520028091
commons-bcel,LSZZ,21,0.995,0.25,0.17842814220847453,0.6482303358891889,0.03131710520028091
commons-bcel,LSZZ,21,0.999,0.0,0.16962846814612392,0.5902111156916102,0.10505066559978186
commons-bcel,LSZZ,21,0.999,0.05,0.17947539431026932,0.6210767480173195,0.10505066559978186
commons-bcel,LSZZ,21,0.999,0.1,0.18192700870097805,0.6314522823803974,0.10505066559978186
commons-bcel,LSZZ,21,0.999,0.25,0.1878722764307721,0.652704531284989,0.10505066559978186
commons-bcel,LSZZ,42,0.9,0.0,0.11886219732417748,0.48386299426015905,-0.07219741229392802
commons-bcel,LSZZ,42,0.9,0.05,0.12565485822985692,0.5091670539089684,-0.07219741229392802
commons-bcel,LSZZ,42,0.9,0.1,0.12185288884366939,0.5089964605706586,-0.07219741229392802
commons-bcel,LSZZ,42,0.9,0.25,0.12835943289008753,0.5249142243917655,-0.07219741229392802
commons-bcel,LSZZ,42,0.95,0.0,0.12185886881867067,0.5258253997036733,-0.08766824898400406
commons-bcel,LSZZ,42,0.95,0.05,0.12906671562434485,0.5533239218820544,-0.08766824898400406
commons-bcel,LSZZ,42,0.95,0.1,0.12573279541949778,0.5549710819786123,-0.08766824898400406
commons-bcel,LSZZ,42,0.95,0.25,0.1320418223173513,0.5696848486961361,-0.08766824898400406
commons-bcel,LSZZ,42,0.99,0.0,0.13763647443666369,0.5654802243861967,-0.050390542567192526
commons-bcel,LSZZ,42,0.99,0.05,0.14579886461261735,0.5950525320390464,-0.050390542567192526
commons-bcel,LSZZ,42,0.99,0.1,0.14549715663511567,0.6023898643724055,-0.050390542567192526
commons-bcel,LSZZ,42,0.99,0.25,0.15325091551146203,0.6223457597595078,-0.050390542567192526
commons-bcel,LSZZ,42,0.995,0.0,0.14466174004766444,0.5718224390532366,0.005901425172192308
commons-bcel,LSZZ,42,0.995,0.05,0.153198797643967,0.6017264186465818,0.005901425172192308
commons-bcel,LSZZ,42,0.995,0.1,0.1537846796939667,0.610283862824338,0.005901425172192308
commons-bcel,LSZZ,42,0.995,0.25,0.16311325417832276,0.6330782204269457,0.005901425172192308
commons-bcel,LSZZ,42,0.999,0.0,0.1464759891877845,0.5684767710467085,0.08534751166348845
commons-bcel,LSZZ,42,0.999,0.05,0.1551121352023229,0.5982057858591001,0.08534751166348845
commons-bcel,LSZZ,42,0.999,0.1,0.15621934363956486,0.6073192617450758,0.08534751166348845
commons-bcel,LSZZ,42,0.999,0.25,0.16614208504491818,0.6310749733013337,0.08534751166348845
commons-bcel,LSZZ,77,0.9,0.0,0.11607802358214547,0.5131304295637303,-0.06411469907438197
commons-bcel,LSZZ,77,0.9,0.05,0.12272508356509107,0.5399650566199967,-0.06411469907438197
commons-bcel,LSZZ,77,0.9,0.1,0.11926434339835583,0.5418805714599576,-0.06411469907438197
commons-bcel,LSZZ,77,0.9,0.25,0.10997697553094567,0.5381293708060978,-0.06411469907438197
commons-bcel,LSZZ,77,0.95,0.0,0.12462871320274763,0.5446138995347183,-0.0720864386379552
commons-bcel,LSZZ,77,0.95,0.05,0.13198141156422172,0.5730949835665085,-0.0720864386379552
commons-bcel,LSZZ,77,0.95,0.1,0.1291756515936273,0.5760386854933937,-0.0720864386379552
commons-bcel,LSZZ,77,0.95,0.25,0.12382220906348297,0.5781891876347198,-0.0720864386379552
commons-bcel,LSZZ,77,0.99,0.0,0.1434714807464493,0.5725436800750646,-0.017229067240639027
commons-bcel,LSZZ,77,0.99,0.05,0.15193901793605244,0.6024853776300106,-0.017229067240639027
commons-bcel,LSZZ,77,0.99,0.1,0.15218379940102014,0.6102986702253842,-0.017229067240639027
commons-bcel,LSZZ,77,0.99,0.25,0.1574451637396195,0.6267997552422137,-0.017229067240639027
commons-bcel,LSZZ,77,0.995,0.0,0.14754244113153595,0.5757453634059455,0.037144964182996884
commons-bcel,LSZZ,77,0.995,0.05,0.15623014763656137,0.6058544959310013,0.037144964182996884
commons-bcel,LSZZ,77,0.995,0.1,0.1571696031043627,0.6146932072290697,0.037144964182996884
commons-bcel,LSZZ,77,0.995,0.25,0.16472650126815644,0.6347257449565284,0.037144964182996884
commons-bcel,LSZZ,77,0.999,0.0,0.1469598032707356,0.571036583524787,0.10165925711729042
commons-bcel,LSZZ,77,0.999,0.05,0.155621250787061,0.600899466081568,0.10165925711729042
commons-bcel,LSZZ,77,0.999,0.1,0.156926045347794,0.6102063379848753,0.10165925711729042
commons-bcel,LSZZ,77,0.999,0.25,0.1655309536739206,0.631866301416192,0.10165925711729042
commons-bcel,LSZZ,101,0.9,0.0,0.12689791983705556,0.5220441271060736,-0.06832323165173243
commons-bcel,LSZZ,101,0.9,0.05,0.1341108162312911,0.5493449041613657,-0.06832323165173243
commons-bcel,LSZZ,101,0.9,0.1,0.13077546094747075,0.5513913927346956,-0.06832323165173243
commons-bcel,LSZZ,101,0.9,0.25,0.10860661351902653,0.5362429545512474,-0.06832323165173243
commons-bcel,LSZZ,101,0.95,0.0,0.13566402482449527,0.5540808570666446,-0.07927167257166715
commons-bcel,LSZZ,101,0.95,0.05,0.1435938249416986,0.5830570243367116,-0.07927167257166715
commons-bcel,LSZZ,101,0.95,0.1,0.1410615352644578,0.5863449074489371,-0.07927167257166715
commons-bcel,LSZZ,101,0.95,0.25,0.1236268454067145,0.5785175713588063,-0.07927167257166715
commons-bcel,LSZZ,101,0.99,0.0,0.1524337414901495,0.5800773582121488,-0.021570225415983628
commons-bcel,LSZZ,101,0.99,0.05,0.16136996833599207,0.6104130363839575,-0.021570225415983628
commons-bcel,LSZZ,101,0.99,0.1,0.16192750026785566,0.6185979873958379,-0.021570225415983628
commons-bcel,LSZZ,101,0.99,0.25,0.1615412979694524,0.6306468151423565,-0.021570225415983628
commons-bcel,LSZZ,101,0.995,0.0,0.15890700991463724,0.5859443766537814,0.03191474770981972
commons-bcel,LSZZ,101,0.995,0.05,0.16818903698102383,0.6165868759430736,0.03191474770981972
commons-bcel,LSZZ,101,0.995,0.1,0.1696021058585058,0.6259643453552257,0.03191474770981972
commons-bcel,LSZZ,101,0.995,0.25,0.1733542736630114,0.6433219720566203,0.03191474770981972
commons-bcel,LSZZ,101,0.999,0.0,0.16362234356434094,0.5868920903357766,0.10200836828830763
commons-bcel,LSZZ,101,0.999,0.05,0.17315517392765328,0.6175841511824179,0.10200836828830763
commons-bcel,LSZZ,101,0.999,0.1,0.1752580278396443,0.6277669581293035,0.10200836828830763
commons-bcel,LSZZ,101,0.999,0.25,0.1822337532071032,0.6489333953332366,0.10200836828830763
commons-bcel,LSZZ,123,0.9,0.0,0.1347670640961911,0.49061336105854975,-0.07215691978669189
commons-bcel,LSZZ,123,0.9,0.05,0.1423914846162233,0.5162704373383974,-0.07215691978669189
commons-bcel,LSZZ,123,0.9,0.1,0.13951307065647053,0.5164918207438379,-0.07215691978669189
commons-bcel,LSZZ,123,0.9,0.25,0.1508442133144771,0.5345864339011407,-0.07215691978669189
commons-bcel,LSZZ,123,0.95,0.0,0.1426372108536429,0.5459434373673725,-0.08436460318519937
commons-bcel,LSZZ,123,0.95,0.05,0.15093168013818678,0.5744940508011254,-0.08436460318519937
commons-bcel,LSZZ,123,0.95,0.1,0.14880430575442657,0.5773094145123294,-0.08436460318519937
commons-bcel,LSZZ,123,0.95,0.25,0.16120274965512546,0.5971471242434591,-0.08436460318519937
commons-bcel,LSZZ,123,0.99,0.0,0.15549289446357045,0.586111973769881,0.01997276111533228
commons-bcel,LSZZ,123,0.99,0.05,0.16458910252358427,0.6167632377042753,0.01997276111533228
commons-bcel,LSZZ,123,0.99,0.1,0.16532427173901618,0.6252986035938582,0.01997276111533228
commons-bcel,LSZZ,123,0.99,0.25,0.1782683758454521,0.6502576529101946,0.01997276111533228
commons-bcel,LSZZ,123,0.995,0.0,0.1533116418447818,0.5820353160248772,0.07618309300282375
commons-bcel,LSZZ,123,0.995,0.05,0.16230105399935194,0.6124733873986271,0.07618309300282375
commons-bcel,LSZZ,123,0.995,0.1,0.16338921399090048,0.6216238675371288,0.07618309300282375
commons-bcel,LSZZ,123,0.995,0.25,0.17574412278242274,0.6470410068220976,0.07618309300282375
commons-bcel,LSZZ,123,0.999,0.0,0.1447739599482429,0.5667831926101323,0.12599209997873465
commons-bcel,LSZZ,123,0.999,0.05,0.15332109678061137,0.5964236401828561,0.12599209997873465
commons-bcel,LSZZ,123,0.999,0.1,0.15432947268045066,0.6054387742482045,0.12599209997873465
commons-bcel,LSZZ,123,0.999,0.25,0.16486655398136463,0.6291144186864622,0.12599209997873465
commons-bcel,LSZZ,202,0.9,0.0,0.1385252115589589,0.5179280558510295,-0.06411463246760217
commons-bcel,LSZZ,202,0.9,0.05,0.14634616785191643,0.5450135791799737,-0.06411463246760217
commons-bcel,LSZZ,202,0.9,0.1,0.1436859800195707,0.5468210578956493,-0.06411463246760217
commons-bcel,LSZZ,202,0.9,0.25,0.15456619661172674,0.5703159623763667,-0.06411463246760217
commons-bcel,LSZZ,202,0.95,0.0,0.14262665430612273,0.556076570934084,-0.07200569325928009
commons-bcel,LSZZ,202,0.95,0.05,0.1509205715263193,0.5851571058936471,-0.07200569325928009
commons-bcel,LSZZ,202,0.95,0.1,0.1487925841505179,0.5885608750675609,-0.07200569325928009
commons-bcel,LSZZ,202,0.95,0.25,0.15972101945329303,0.6100034533247125,-0.07200569325928009
commons-bcel,LSZZ,202,0.99,0.0,0.15299825387016144,0.5845355416730099,-0.004968179677673273
commons-bcel,LSZZ,202,0.99,0.05,0.1619640024093465,0.6151043646431545,-0.004968179677673273
commons-bcel,LSZZ,202,0.99,0.1,0.1625543141487572,0.623548191104062,-0.004968179677673273
commons-bcel,LSZZ,202,0.99,0.25,0.17372501572573615,0.6477425881304621,-0.004968179677673273
commons-bcel,LSZZ,202,0.995,0.0,0.15450312560548776,0.5836767338449995,0.05197836218821697
commons-bcel,LSZZ,202,0.995,0.05,0.16355484749754381,0.6142006446710773,0.05197836218821697
commons-bcel,LSZZ,202,0.995,0.1,0.16471219394054035,0.6234464377950034,0.05197836218821697
commons-bcel,LSZZ,202,0.995,0.25,0.17622980197348306,0.648877563243108,0.05197836218821697
commons-bcel,LSZZ,202,0.999,0.0,0.1506454853226653,0.5732295000913347,0.11525766834828297
commons-bcel,LSZZ,202,0.999,0.05,0.15949967896670636,0.6032070632338662,0.11525766834828297
commons-bcel,LSZZ,202,0.999,0.1,0.16084899950938536,0.6125965180866862,0.11525766834828297
commons-bcel,LSZZ,202,0.999,0.25,0.17169916793874151,0.6374093860021681,0.11525766834828297
commons-bcel,LSZZ,314,0.9,0.0,0.12393476563187043,0.5236468185971442,-0.06408475661784116
commons-bcel,LSZZ,314,0.9,0.05,0.13114934703699066,0.5510314098758214,-0.06408475661784116
commons-bcel,LSZZ,314,0.9,0.1,0.12829667470026948,0.5532822360564116,-0.06408475661784116
commons-bcel,LSZZ,314,0.9,0.25,0.11897064822960549,0.5517549144756442,-0.06408475661784116
commons-bcel,LSZZ,314,0.95,0.0,0.1317132178044114,0.5561938631092677,-0.07133830831758785
commons-bcel,LSZZ,314,0.95,0.05,0.13965268475079126,0.5852805319708493,-0.07133830831758785
commons-bcel,LSZZ,314,0.95,0.1,0.13798747688135923,0.5888965094068228,-0.07133830831758785
commons-bcel,LSZZ,314,0.95,0.25,0.1330602111467466,0.593463376378733,-0.07133830831758785
commons-bcel,LSZZ,314,0.99,0.0,0.14605118708150885,0.5794128974651707,-0.010112040274518853
commons-bcel,LSZZ,314,0.99,0.05,0.1548936299596815,0.609713827051997,-0.010112040274518853
commons-bcel,LSZZ,314,0.99,0.1,0.15651275111472332,0.6181010605490147,-0.010112040274518853
commons-bcel,LSZZ,314,0.99,0.25,0.16267853511463146,0.6362069203824211,-0.010112040274518853
commons-bcel,LSZZ,314,0.995,0.0,0.14915987032217745,0.5808190187240125,0.04388670970150638
commons-bcel,LSZZ,314,0.995,0.05,0.1581727704094612,0.6111934827134062,0.04388670970150638
commons-bcel,LSZZ,314,0.995,0.1,0.1604759741036182,0.6205088284549453,0.04388670970150638
commons-bcel,LSZZ,314,0.995,0.25,0.1690095453229435,0.6418196391056767,0.04388670970150638
commons-bcel,LSZZ,314,0.999,0.0,0.14821877937401012,0.5749987708764012,0.10652644217134179
commons-bcel,LSZZ,314,0.999,0.05,0.1571867640219829,0.6050688596594783,0.10652644217134179
commons-bcel,LSZZ,314,0.999,0.1,0.1598654811414749,0.6147903742747297,0.10652644217134179
commons-bcel,LSZZ,314,0.999,0.25,0.16962191833592996,0.6375426490295356,0.10652644217134179
commons-bcel,LSZZ,999,0.9,0.0,0.13390156366551736,0.5160686333874799,-0.06976058512970391
commons-bcel,LSZZ,999,0.9,0.05,0.1414807220456801,0.5430569165110598,-0.06976058512970391
commons-bcel,LSZZ,999,0.9,0.1,0.1385520506627884,0.544756423262502,-0.06976058512970391
commons-bcel,LSZZ,999,0.9,0.25,0.14840382260188945,0.5678377337294709,-0.06976058512970391
commons-bcel,LSZZ,999,0.95,0.0,0.13795135031790154,0.5538686901617275,-0.08485314903875171
commons-bcel,LSZZ,999,0.95,0.05,0.14600076822238758,0.5828337619686546,-0.08485314903875171
commons-bcel,LSZZ,999,0.95,0.1,0.1436012977571364,0.5861093250847963,-0.08485314903875171
commons-bcel,LSZZ,999,0.95,0.25,0.15348979846737626,0.6070608012452388,-0.08485314903875171
commons-bcel,LSZZ,999,0.99,0.0,0.15053121148084492,0.5828434037330641,-0.0247456245948489
commons-bcel,LSZZ,999,0.99,0.05,0.15936794377262944,0.6133237347956351,-0.0247456245948489
commons-bcel,LSZZ,999,0.99,0.1,0.15981500059399792,0.6216693030819148,-0.0247456245948489
commons-bcel,LSZZ,999,0.99,0.25,0.1704369543829475,0.6454873154318268,-0.0247456245948489
commons-bcel,LSZZ,999,0.995,0.0,0.1540044515005326,0.5829818440521474,0.03577773256972844
commons-bcel,LSZZ,999,0.995,0.05,0.16303009477230399,0.6134694149783438,0.03577773256972844
commons-bcel,LSZZ,999,0.995,0.1,0.1641584844700316,0.6226748576077854,0.03577773256972844
commons-bcel,LSZZ,999,0.995,0.25,0.17556517170435865,0.6479514177195168,0.03577773256972844
commons-bcel,LSZZ,999,0.999,0.0,0.15172857927182112,0.5732439308455912,0.10852134431652063
commons-bcel,LSZZ,999,0.999,0.05,0.16063941430861142,0.6032222486576694,0.10852134431652063
commons-bcel,LSZZ,999,0.999,0.1,0.16205162738025153,0.6126125414679268,0.10852134431652063
commons-bcel,LSZZ,999,0.999,0.25,0.17314270995498313,0.6374286192368398,0.10852134431652063
commons-bcel,RSZZ,7,0.9,0.0,0.09488888382882743,0.4880118482738832,-0.11301517062796937
commons-bcel,RSZZ,7,0.9,0.05,0.10042783828895921,0.5135328760535123,-0.11301517062796937
commons-bcel,RSZZ,7,0.9,0.1,0.09523379916175312,0.5136031961848206,-0.11301517062796937
commons-bcel,RSZZ,7,0.9,0.25,0.06404910857394144,0.49027060655504606,-0.11301517062796937
commons-bcel,RSZZ,7,0.95,0.0,0.10270768312709702,0.5219668003722028,-0.1609173289350101
commons-bcel,RSZZ,7,0.95,0.05,0.10891400108920676,0.5492635335549327,-0.1609173289350101
commons-bcel,RSZZ,7,0.95,0.1,0.10446801992077875,0.5506866345378812,-0.1609173289350101
commons-bcel,RSZZ,7,0.95,0.25,0.07853230367241426,0.5353324409154847,-0.1609173289350101
commons-bcel,RSZZ,7,0.99,0.0,0.12738695213850892,0.5581366286279337,-0.11469221206177899
commons-bcel,RSZZ,7,0.99,0.05,0.13501333413305394,0.5873248961964863,-0.11469221206177899
commons-bcel,RSZZ,7,0.99,0.1,0.13411646229328836,0.5942358044793139,-0.11469221206177899
commons-bcel,RSZZ,7,0.99,0.25,0.12773264714214114,0.601271472220654,-0.11469221206177899
commons-bcel,RSZZ,7,0.995,0.0,0.1361258152658147,0.5645970986554455,-0.03232004940432069
commons-bcel,RSZZ,7,0.995,0.05,0.1442164788365358,0.5941232224371716,-0.03232004940432069
commons-bcel,RSZZ,7,0.995,0.1,0.14430670130227616,0.6022611093543815,-0.03232004940432069
commons-bcel,RSZZ,7,0.995,0.25,0.1426390842872748,0.6147665383961632,-0.03232004940432069
commons-bcel,RSZZ,7,0.999,0.0,0.14175076372119794,0.5643006855741384,0.06414673700505848
commons-bcel,RSZZ,7,0.999,0.05,0.1501397997304684,0.5938113081615616,0.06414673700505848
commons-bcel,RSZZ,7,0.999,0.1,0.15097262626414906,0.6026822893159098,0.06414673700505848
commons-bcel,RSZZ,7,0.999,0.25,0.15278392381949465,0.6187403910977365,0.06414673700505848
commons-bcel,RSZZ,13,0.9,0.0,0.08350881968852086,0.41001138816436933,-0.10992220987638159
commons-bcel,RSZZ,13,0.9,0.05,0.088452643243356,0.4314533102494958,-0.10992220987638159
commons-bcel,RSZZ,13,0.9,0.1,0.08659058221748107,0.4318390895036719,-0.10992220987638159
commons-bcel,RSZZ,13,0.9,0.25,0.0721598154301877,0.4141531228749549,-0.10992220987638159
commons-bcel,RSZZ,13,0.95,0.0,0.0852350492530315,0.4541520414360187,-0.15186366617288416
commons-bcel,RSZZ,13,0.95,0.05,0.09052761978040061,0.4779023395213208,-0.15186366617288416
commons-bcel,RSZZ,13,0.95,0.1,0.08778619691747909,0.4787177663087813,-0.15186366617288416
commons-bcel,RSZZ,13,0.95,0.25,0.0761442863350719,0.4640886840973714,-0.15186366617288416
commons-bcel,RSZZ,13,0.99,0.0,0.10589069286052377,0.5177998248250915,-0.13246829018064854
commons-bcel,RSZZ,13,0.99,0.05,0.11239290823466397,0.5448786421947709,-0.13246829018064854
commons-bcel,RSZZ,13,0.99,0.1,0.11158065808119862,0.5510998603950163,-0.13246829018064854
commons-bcel,RSZZ,13,0.99,0.25,0.10402445593109728,0.5482282463949034,-0.13246829018064854
commons-bcel,RSZZ,13,0.995,0.0,0.1177983815644647,0.54048150463334,-0.06576286525973508
commons-bcel,RSZZ,13,0.995,0.05,0.12493059515845706,0.568746481278706,-0.06576286525973508
commons-bcel,RSZZ,13,0.995,0.1,0.12512446615558342,0.5769375733563841,-0.06576286525973508
commons-bcel,RSZZ,13,0.995,0.25,0.12071014031038176,0.5811462898010983,-0.06576286525973508
commons-bcel,RSZZ,13,0.999,0.0,0.12851774042343764,0.5575256625164668,0.03406244841374355
commons-bcel,RSZZ,13,0.999,0.05,0.1362147433265752,0.586681979051129,0.03406244841374355
commons-bcel,RSZZ,13,0.999,0.1,0.13732129851865038,0.5964612000340306,0.03406244841374355
commons-bcel,RSZZ,13,0.999,0.25,0.13600856954428484,0.6068599187636289,0.03406244841374355
commons-bcel,RSZZ,21,0.9,0.0,0.1069197969820772,0.4828948895816193,-0.11301481013501855
commons-bcel,RSZZ,21,0.9,0.05,0.11308791909435596,0.5081483213071887,-0.11301481013501855
commons-bcel,RSZZ,21,0.9,0.1,0.11258527436712303,0.5127662613330544,-0.11301481013501855
commons-bcel,RSZZ,21,0.9,0.25,0.12926218450370963,0.5483691741020746,-0.11301481013501855
commons-bcel,RSZZ,21,0.95,0.0,0.10900028922621494,0.5194807609617164,-0.16075774431834222
commons-bcel,RSZZ,21,0.95,0.05,0.11553568480320203,0.5466474844303776,-0.16075774431834222
commons-bcel,RSZZ,21,0.95,0.1,0.11417424937760877,0.5512563848938427,-0.16075774431834222
commons-bcel,RSZZ,21,0.95,0.25,0.1326275426581533,0.5839673928905196,-0.16075774431834222
commons-bcel,RSZZ,21,0.99,0.0,0.12028342497785399,0.5498610768448638,-0.10625938552920691
commons-bcel,RSZZ,21,0.99,0.05,0.12753832149588518,0.5786165668329243,-0.10625938552920691
commons-bcel,RSZZ,21,0.99,0.1,0.1275618209301857,0.586699500928411,-0.10625938552920691
commons-bcel,RSZZ,21,0.99,0.25,0.14829410153570527,0.6225501236927076,-0.10625938552920691
commons-bcel,RSZZ,21,0.995,0.0,0.1228506687902288,0.5507627043127648,-0.0230200534328463
commons-bcel,RSZZ,21,0.995,0.05,0.1302470963845481,0.5795653457372845,-0.0230200534328463
commons-bcel,RSZZ,21,0.995,0.1,0.13073434093520037,0.588353441102717,-0.0230200534328463
commons-bcel,RSZZ,21,0.995,0.25,0.15185621276345185,0.6257080610777734,-0.0230200534328463
commons-bcel,RSZZ,21,0.999,0.0,0.11819866366534208,0.5402946182782298,0.06974671573419207
commons-bcel,RSZZ,21,0.999,0.05,0.1253560209727119,0.5685498215300249,0.06974671573419207
commons-bcel,RSZZ,21,0.999,0.1,0.12586337345077847,0.5773284793118965,0.06974671573419207
commons-bcel,RSZZ,21,0.999,0.25,0.14576523942199252,0.613772088136522,0.06974671573419207
commons-bcel,RSZZ,42,0.9,0.0,0.05982217586127282,0.3803106797953492,-0.11007399573488208
commons-bcel,RSZZ,42,0.9,0.05,0.06352728462412179,0.400199376060157,-0.11007399573488208
commons-bcel,RSZZ,42,0.9,0.1,0.060289800040523304,0.3988605102244772,-0.11007399573488208
commons-bcel,RSZZ,42,0.9,0.25,0.06189552200666675,0.40887609887195325,-0.11007399573488208
commons-bcel,RSZZ,42,0.95,0.0,0.060828559696682064,0.4293114875041214,-0.15354909953418525
commons-bcel,RSZZ,42,0.95,0.05,0.0648447704385788,0.45176272600880124,-0.15354909953418525
commons-bcel,RSZZ,42,0.95,0.1,0.06068612439528761,0.45113572459435974,-0.15354909953418525
commons-bcel,RSZZ,42,0.95,0.25,0.06411429445179351,0.4616697698936987,-0.15354909953418525
commons-bcel,RSZZ,42,0.99,0.0,0.07451850719756127,0.48638316461721076,-0.13482470784802797
commons-bcel,RSZZ,42,0.99,0.05,0.07938008531126593,0.5118190188892844,-0.13482470784802797
commons-bcel,RSZZ,42,0.99,0.1,0.07674613160482704,0.5162159510121073,-0.13482470784802797
commons-bcel,RSZZ,42,0.99,0.25,0.08451349755806215,0.5369470574597435,-0.13482470784802797
commons-bcel,RSZZ,42,0.995,0.0,0.0818868527180268,0.5016666062391902,-0.07239433608276934
commons-bcel,RSZZ,42,0.995,0.05,0.0871410399310192,0.5279017221266988,-0.07239433608276934
commons-bcel,RSZZ,42,0.995,0.1,0.0852496191861201,0.5338389311286941,-0.07239433608276934
commons-bcel,RSZZ,42,0.995,0.25,0.09485586200179534,0.559473117907386,-0.07239433608276934
commons-bcel,RSZZ,42,0.999,0.0,0.0863697889628797,0.5079339925937877,0.013522412855318904
commons-bcel,RSZZ,42,0.999,0.05,0.09186262603708505,0.5344968672064729,0.013522412855318904
commons-bcel,RSZZ,42,0.999,0.1,0.09052175618357597,0.5413964252208269,0.013522412855318904
commons-bcel,RSZZ,42,0.999,0.25,0.1012644247366166,0.5699990505306369,0.013522412855318904
commons-bcel,RSZZ,77,0.9,0.0,0.08843733551676762,0.4791148438645525,-0.11301511577130492
commons-bcel,RSZZ,77,0.9,0.05,0.09363890033302892,0.5041705946278774,-0.11301511577130492
commons-bcel,RSZZ,77,0.9,0.1,0.08857313525039254,0.5041109103538719,-0.11301511577130492
commons-bcel,RSZZ,77,0.9,0.25,0.06282694883874305,0.4814579730248495,-0.11301511577130492
commons-bcel,RSZZ,77,0.95,0.0,0.09622313951499904,0.5136421561456629,-0.1607993438168413
commons-bcel,RSZZ,77,0.95,0.05,0.10209034231372101,0.5405035444134846,-0.1607993438168413
commons-bcel,RSZZ,77,0.95,0.1,0.09763514245177995,0.5416487954584398,-0.1607993438168413
commons-bcel,RSZZ,77,0.95,0.25,0.07689230992807881,0.5269427428076173,-0.1607993438168413
commons-bcel,RSZZ,77,0.99,0.0,0.11885070991814328,0.5507059164357955,-0.10466200532597571
commons-bcel,RSZZ,77,0.99,0.05,0.12603068128636818,0.5795055880861368,-0.10466200532597571
commons-bcel,RSZZ,77,0.99,0.1,0.12484579679893068,0.5860508169247151,-0.10466200532597571
commons-bcel,RSZZ,77,0.99,0.25,0.12153791215322908,0.5930853046779764,-0.10466200532597571
commons-bcel,RSZZ,77,0.995,0.0,0.12503227862228303,0.5570200837961123,-0.024344524156828022
commons-bcel,RSZZ,77,0.995,0.05,0.13254279550628884,0.5861499606272866,-0.024344524156828022
commons-bcel,RSZZ,77,0.995,0.1,0.13217514271387326,0.5939013422517989,-0.024344524156828022
commons-bcel,RSZZ,77,0.995,0.25,0.13257657816609558,0.606141315501624,-0.024344524156828022
commons-bcel,RSZZ,77,0.999,0.0,0.12785019863006175,0.5568573625640405,0.06242755306332932
commons-bcel,RSZZ,77,0.999,0.05,0.13551229182206614,0.5859787297389457,0.06242755306332932
commons-bcel,RSZZ,77,0.999,0.1,0.13570743992578058,0.5944622501078689,0.06242755306332932
commons-bcel,RSZZ,77,0.999,0.25,0.13857677098124854,0.6100870697776544,0.06242755306332932
commons-bcel,RSZZ,101,0.9,0.0,0.04417556157372239,0.3548838854853405,-0.1100743985180032
commons-bcel,RSZZ,101,0.9,0.05,0.047062416273064255,0.37344286419056866,-0.1100743985180032
commons-bcel,RSZZ,101,0.9,0.1,0.03892358266045885,0.3657827798987536,-0.1100743985180032
commons-bcel,RSZZ,101,0.9,0.25,0.030061936222450313,0.35181253449575856,-0.1100743985180032
commons-bcel,RSZZ,101,0.95,0.0,0.05074081558720162,0.3996639351571956,-0.15371213081380078
commons-bcel,RSZZ,101,0.95,0.05,0.05422947848663826,0.42056472768454894,-0.15371213081380078
commons-bcel,RSZZ,101,0.95,0.1,0.04676591262547091,0.41488601030856637,-0.15371213081380078
commons-bcel,RSZZ,101,0.95,0.25,0.0375029892552427,0.40075115955536145,-0.15371213081380078
commons-bcel,RSZZ,101,0.99,0.0,0.0709855533555125,0.47268280947307156,-0.13701478475573664
commons-bcel,RSZZ,101,0.99,0.05,0.07566237240349777,0.49740219109092343,-0.13701478475573664
commons-bcel,RSZZ,101,0.99,0.1,0.07149041384648884,0.4993510120126095,-0.13701478475573664
commons-bcel,RSZZ,101,0.99,0.25,0.06489678995594352,0.4987300978652639,-0.13701478475573664
commons-bcel,RSZZ,101,0.995,0.0,0.07934910967749857,0.4963303331389225,-0.07282641508984816
commons-bcel,RSZZ,101,0.995,0.05,0.08447058328760622,0.5222863837239936,-0.07282641508984816
commons-bcel,RSZZ,101,0.995,0.1,0.08126392591821052,0.5264601920581077,-0.07282641508984816
commons-bcel,RSZZ,101,0.995,0.25,0.07660258741961973,0.5325823681730677,-0.07282641508984816
commons-bcel,RSZZ,101,0.999,0.0,0.08584681921481853,0.5117537476109092,0.009887670108723325
commons-bcel,RSZZ,101,0.999,0.05,0.09131230710577068,0.5385163798201532,0.009887670108723325
commons-bcel,RSZZ,101,0.999,0.1,0.08889893283512752,0.54433609305795,0.009887670108723325
commons-bcel,RSZZ,101,0.999,0.25,0.08589280213679283,0.5556139445145422,0.009887670108723325
commons-bcel,RSZZ,123,0.9,0.0,0.0968351326139842,0.46510741945677403,-0.11007386539843485
commons-bcel,RSZZ,123,0.9,0.05,0.10247586794170709,0.48943063909673296,-0.11007386539843485
commons-bcel,RSZZ,123,0.9,0.1,0.09739484256384508,0.48817095691952456,-0.11007386539843485
commons-bcel,RSZZ,123,0.9,0.25,0.100866324328226,0.50082118712593,-0.11007386539843485
commons-bcel,RSZZ,123,0.95,0.0,0.10476938679734366,0.5156742489209497,-0.15341948443742615
commons-bcel,RSZZ,123,0.95,0.05,0.1110835234462903,0.5426419073466626,-0.15341948443742615
commons-bcel,RSZZ,123,0.95,0.1,0.1067572602006623,0.5436996157663014,-0.15341948443742615
commons-bcel,RSZZ,123,0.95,0.25,0.11085694844270479,0.5568534631357236,-0.15341948443742615
commons-bcel,RSZZ,123,0.99,0.0,0.127281986713787,0.5596509485573882,-0.10051339855686896
commons-bcel,RSZZ,123,0.99,0.05,0.13490287944504936,0.5889184088773537,-0.10051339855686896
commons-bcel,RSZZ,123,0.99,0.1,0.13399991252828755,0.5959172498922344,-0.10051339855686896
commons-bcel,RSZZ,123,0.99,0.25,0.14042280246484592,0.6149197944848457,-0.10051339855686896
commons-bcel,RSZZ,123,0.995,0.0,0.13291589892391634,0.5631191436296177,-0.02032163000452746
commons-bcel,RSZZ,123,0.995,0.05,0.14083869697165552,0.5925679763959625,-0.02032163000452746
commons-bcel,RSZZ,123,0.995,0.1,0.1407425277059557,0.6006200421991891,-0.02032163000452746
commons-bcel,RSZZ,123,0.995,0.25,0.14828960840936534,0.6217530127376973,-0.02032163000452746
commons-bcel,RSZZ,123,0.999,0.0,0.13359052988017528,0.5573106447708371,0.07145415003757881
commons-bcel,RSZZ,123,0.999,0.05,0.14155281896663716,0.5864557167550264,0.07145415003757881
commons-bcel,RSZZ,123,0.999,0.1,0.14191180133972958,0.5949208039017462,0.07145415003757881
commons-bcel,RSZZ,123,0.999,0.25,0.14968003264833327,0.6164125362602582,0.07145415003757881
commons-bcel,RSZZ,202,0.9,0.0,0.08748076599339655,0.43908043002283675,-0.11007386001625366
commons-bcel,RSZZ,202,0.9,0.05,0.09263230612795095,0.4620425443480106,-0.11007386001625366
commons-bcel,RSZZ,202,0.9,0.1,0.09100088598803617,0.46411628941381416,-0.11007386001625366
commons-bcel,RSZZ,202,0.9,0.25,0.10018985985902358,0.4880751477174985,-0.11007386001625366
commons-bcel,RSZZ,202,0.95,0.0,0.09404637986391107,0.49091317241374877,-0.1533641732280683
commons-bcel,RSZZ,202,0.95,0.05,0.09979974701761439,0.5165859276037537,-0.1533641732280683
commons-bcel,RSZZ,202,0.95,0.1,0.0975699758595728,0.519535980382304,-0.1533641732280683
commons-bcel,RSZZ,202,0.95,0.25,0.10987205512603401,0.5444663967028006,-0.1533641732280683
commons-bcel,RSZZ,202,0.99,0.0,0.11105498761863608,0.5356169260479474,-0.09805502468777032
commons-bcel,RSZZ,202,0.99,0.05,0.11782727452987143,0.5636275050887202,-0.09805502468777032
commons-bcel,RSZZ,202,0.99,0.1,0.11731490192432463,0.5708833173382951,-0.09805502468777032
commons-bcel,RSZZ,202,0.99,0.25,0.1342400396635716,0.6029164342638557,-0.09805502468777032
commons-bcel,RSZZ,202,0.995,0.0,0.11301033625936893,0.5381264472292281,-0.020835346932186163
commons-bcel,RSZZ,202,0.995,0.05,0.11989215462694684,0.5662682639848383,-0.020835346932186163
commons-bcel,RSZZ,202,0.995,0.1,0.11980799593121737,0.5743226038296111,-0.020835346932186163
commons-bcel,RSZZ,202,0.995,0.25,0.13723859002538186,0.6083525082708082,-0.020835346932186163
commons-bcel,RSZZ,202,0.999,0.0,0.10853539469223165,0.529327066908382,0.06162421767146637
commons-bcel,RSZZ,202,0.999,0.05,0.11518740247422199,0.5570087119890501,0.06162421767146637
commons-bcel,RSZZ,202,0.999,0.1,0.11513363333931668,0.5651505117747171,0.06162421767146637
commons-bcel,RSZZ,202,0.999,0.25,0.13159571321796518,0.598745326571066,0.06162421767146637
commons-bcel,RSZZ,314,0.9,0.0,0.057814628244936356,0.3733090063126106,-0.1099222098763244
commons-bcel,RSZZ,314,0.9,0.05,0.0615713963428317,0.3928315436325303,-0.1099222098763244
commons-bcel,RSZZ,314,0.9,0.1,0.059229971466315874,0.391323693024435,-0.1099222098763244
commons-bcel,RSZZ,314,0.9,0.25,0.06255010310147668,0.4007440004181141,-0.1099222098763244
commons-bcel,RSZZ,314,0.95,0.0,0.058858865207059706,0.42378691874461905,-0.1518636246782261
commons-bcel,RSZZ,314,0.95,0.05,0.06298834687730254,0.44594924485243703,-0.1518636246782261
commons-bcel,RSZZ,314,0.95,0.1,0.06005243786187439,0.4453045802731694,-0.1518636246782261
commons-bcel,RSZZ,314,0.95,0.25,0.0656683942366716,0.45555342878011884,-0.1518636246782261
commons-bcel,RSZZ,314,0.99,0.0,0.07324939120667343,0.4856930809160511,-0.133622533532723
commons-bcel,RSZZ,314,0.99,0.05,0.07828459731077943,0.5110928466272222,-0.133622533532723
commons-bcel,RSZZ,314,0.99,0.1,0.07712898372114042,0.5157268110774826,-0.133622533532723
commons-bcel,RSZZ,314,0.99,0.25,0.08807769569807915,0.5373275251008094,-0.133622533532723
commons-bcel,RSZZ,314,0.995,0.0,0.08058250391740553,0.5026957084533522,-0.07176595184002499
commons-bcel,RSZZ,314,0.995,0.05,0.0860090876493377,0.5289846421862444,-0.07176595184002499
commons-bcel,RSZZ,314,0.995,0.1,0.08560238389443599,0.5352464866130101,-0.07176595184002499
commons-bcel,RSZZ,314,0.995,0.25,0.09855102641435434,0.5621307881618948,-0.07176595184002499
commons-bcel,RSZZ,314,0.999,0.0,0.08365519504930712,0.5101201771391314,0.016035922229249978
commons-bcel,RSZZ,314,0.999,0.05,0.08924676776193188,0.5367973802803359,0.016035922229249978
commons-bcel,RSZZ,314,0.999,0.1,0.0893109531874947,0.5440776563420747,0.016035922229249978
commons-bcel,RSZZ,314,0.999,0.25,0.10322074884827634,0.5741751728187475,0.016035922229249978
commons-bcel,RSZZ,999,0.9,0.0,0.08949483504298718,0.45947185203949414,-0.1130148134954993
commons-bcel,RSZZ,999,0.9,0.05,0.09475170276814518,0.48350035450584516,-0.1130148134954993
commons-bcel,RSZZ,999,0.9,0.1,0.08924444485715258,0.48191342916817065,-0.1130148134954993
commons-bcel,RSZZ,999,0.9,0.25,0.09077486461072037,0.4933592974756444,-0.1130148134954993
commons-bcel,RSZZ,999,0.95,0.0,0.09811412070723756,0.5097172170848405,-0.16076776374826351
commons-bcel,RSZZ,999,0.95,0.05,0.10408021410402306,0.5363733470599406,-0.16076776374826351
commons-bcel,RSZZ,999,0.95,0.1,0.09936749637248259,0.5370851456925596,-0.16076776374826351
commons-bcel,RSZZ,999,0.95,0.25,0.10191262020361522,0.5489443800027445,-0.16076776374826351
commons-bcel,RSZZ,999,0.99,0.0,0.12153059141960143,0.5542955250726596,-0.10915622455104959
commons-bcel,RSZZ,999,0.99,0.05,0.12885070965206075,0.5832829186032451,-0.10915622455104959
commons-bcel,RSZZ,999,0.99,0.1,0.12761377374268448,0.58997078370798,-0.10915622455104959
commons-bcel,RSZZ,999,0.99,0.25,0.13281277032093858,0.6078045140205477,-0.10915622455104959
commons-bcel,RSZZ,999,0.995,0.0,0.12779054531018902,0.5587906384139416,-0.028468752795914376
commons-bcel,RSZZ,999,0.995,0.05,0.13544530828374093,0.5880131080248748,-0.028468752795914376
commons-bcel,RSZZ,999,0.995,0.1,0.13505152268398388,0.5958138284671127,-0.028468752795914376
commons-bcel,RSZZ,999,0.995,0.25,0.14151996476450973,0.6160054167423406,-0.028468752795914376
commons-bcel,RSZZ,999,0.999,0.0,0.12939887056314878,0.5544609712048738,0.06439137713774595
commons-bcel,RSZZ,999,0.999,0.05,0.1371419529761437,0.5834570168928839,0.06439137713774595
commons-bcel,RSZZ,999,0.999,0.1,0.13725753628381185,0.5917566306959323,0.06439137713774595
commons-bcel,RSZZ,999,0.999,0.25,0.14415660266542496,0.6126344540093533,0.06439137713774595
commons-bcel,RASZZ,7,0.9,0.0,0.018594874815856866,0.24958613070257327,-0.09509577000652936
commons-bcel,RASZZ,7,0.9,0.05,0.020143964008728713,0.262638466619417,-0.09509577000652936
commons-bcel,RASZZ,7,0.9,0.1,0.015036712835193474,0.25398814642989054,-0.09509577000652936
commons-bcel,RASZZ,7,0.9,0.25,0.009720071460862074,0.23226858551335217,-0.09509577000652936
commons-bcel,RASZZ,7,0.95,0.0,0.020088412582613093,0.31527822641476466,-0.09639913855470295
commons-bcel,RASZZ,7,0.95,0.05,0.021974079916758767,0.3317659908063531,-0.09639913855470295
commons-bcel,RASZZ,7,0.95,0.1,0.016007966165141524,0.32474163119931354,-0.09639913855470295
commons-bcel,RASZZ,7,0.95,0.25,0.015573180478839111,0.3150730586514181,-0.09639913855470295
commons-bcel,RASZZ,7,0.99,0.0,0.03386767619194733,0.4081569528668298,-0.016940850737770553
commons-bcel,RASZZ,7,0.99,0.05,0.036603381765817594,0.4295018955550186,-0.016940850737770553
commons-bcel,RASZZ,7,0.99,0.1,0.032017668303694034,0.4294621712745033,-0.016940850737770553
commons-bcel,RASZZ,7,0.99,0.25,0.038345616551130245,0.4420597317695635,-0.016940850737770553
commons-bcel,RASZZ,7,0.995,0.0,0.035025085570656825,0.41806035203866226,0.0030836892875361426
commons-bcel,RASZZ,7,0.995,0.05,0.03782859363436075,0.43992320208150043,0.0030836892875361426
commons-bcel,RASZZ,7,0.995,0.1,0.03359471350762175,0.4410959599857175,0.0030836892875361426
commons-bcel,RASZZ,7,0.995,0.25,0.040071095393691684,0.45705769191885676,0.0030836892875361426
commons-bcel,RASZZ,7,0.999,0.0,0.03256002161092601,0.4161230173676973,0.02134348170897415
commons-bcel,RASZZ,7,0.999,0.05,0.03523882748432764,0.4378845527147325,0.02134348170897415
commons-bcel,RASZZ,7,0.999,0.1,0.03112698711510425,0.4395316038934544,0.02134348170897415
commons-bcel,RASZZ,7,0.999,0.25,0.03675035220202564,0.4561090343025504,0.02134348170897415
commons-bcel,RASZZ,13,0.9,0.0,-0.011592722075461127,0.19008711242481316,-0.1278143258114869
commons-bcel,RASZZ,13,0.9,0.05,-0.01162232098532402,0.20002789253886588,-0.1278143258114869
commons-bcel,RASZZ,13,0.9,0.1,-0.018482489634977915,0.18792261469482718,-0.1278143258114869
commons-bcel,RASZZ,13,0.9,0.25,-0.029179962386093817,0.15622693469880208,-0.1278143258114869
commons-bcel,RASZZ,13,0.95,0.0,-0.013917429706041692,0.23791686220722816,-0.13083358012451007
commons-bcel,RASZZ,13,0.95,0.05,-0.013810129124236386,0.2503589430114327,-0.13083358012451007
commons-bcel,RASZZ,13,0.95,0.1,-0.021750876214589567,0.23884240445474067,-0.13083358012451007
commons-bcel,RASZZ,13,0.95,0.25,-0.02905513064965509,0.21217010038209302,-0.13083358012451007
commons-bcel,RASZZ,13,0.99,0.0,-0.004995735905985122,0.33501975145863666,-0.0356440631844446
commons-bcel,RASZZ,13,0.99,0.05,-0.004292428158664904,0.35253991703236637,-0.0356440631844446
commons-bcel,RASZZ,13,0.99,0.1,-0.011134841764669728,0.3482533002627141,-0.0356440631844446
commons-bcel,RASZZ,13,0.99,0.25,-0.01368117754288435,0.343514228757214,-0.0356440631844446
commons-bcel,RASZZ,13,0.995,0.0,1.7400128776626406e-05,0.356220994042274,-0.022269092825869863
commons-bcel,RASZZ,13,0.995,0.05,0.0009901491323822279,0.3748498980674439,-0.022269092825869863
commons-bcel,RASZZ,13,0.995,0.1,-0.005276538833631499,0.3724318007030522,-0.022269092825869863
commons-bcel,RASZZ,13,0.995,0.25,-0.00684647711670541,0.3736440086696939,-0.022269092825869863
commons-bcel,RASZZ,13,0.999,0.0,0.004599567490300309,0.36792975524422006,-0.014641689930649768
commons-bcel,RASZZ,13,0.999,0.05,0.0058161557374957545,0.3871709796893896,-0.014641689930649768
commons-bcel,RASZZ,13,0.999,0.1,8.072244549967763e-05,0.38601956990709,-0.014641689930649768
commons-bcel,RASZZ,13,0.999,0.25,-0.0007728106974842823,0.39098646152495764,-0.014641689930649768
commons-bcel,RASZZ,21,0.9,0.0,0.027944647406738375,0.28049993425612735,0.07543252086378044
commons-bcel,RASZZ,21,0.9,0.05,0.02998269154377622,0.29516893592003196,0.07543252086378044
commons-bcel,RASZZ,21,0.9,0.1,0.02541835804041184,0.2883137021925852,0.07543252086378044
commons-bcel,RASZZ,21,0.9,0.25,0.005212885317463475,0.25742666967844635,0.07543252086378044
commons-bcel,RASZZ,21,0.95,0.0,0.030975464840980477,0.3436951139099985,0.03553580685555221
commons-bcel,RASZZ,21,0.95,0.05,0.03343048057129077,0.36166896553029176,0.03553580685555221
commons-bcel,RASZZ,21,0.95,0.1,0.028096550435872468,0.3562947027788127,0.03553580685555221
commons-bcel,RASZZ,21,0.95,0.25,0.014353076306344583,0.3390542964064912,0.03553580685555221
commons-bcel,RASZZ,21,0.99,0.0,0.036755991835408196,0.4373132385242692,-0.04435587148107389
commons-bcel,RASZZ,21,0.99,0.05,0.03964274452838801,0.4601829359470945,-0.04435587148107389
commons-bcel,RASZZ,21,0.99,0.1,0.03522474825773874,0.4618362435051728,-0.04435587148107389
commons-bcel,RASZZ,21,0.99,0.25,0.03421058784199071,0.4735835278293159,-0.04435587148107389
commons-bcel,RASZZ,21,0.995,0.0,0.0423797750594664,0.4563302291713213,-0.03643667429473226
commons-bcel,RASZZ,21,0.995,0.05,0.04556790336429431,0.48019443758461744,-0.03643667429473226
commons-bcel,RASZZ,21,0.995,0.1,0.04176109147298905,0.4835894305569741,-0.03643667429473226
commons-bcel,RASZZ,21,0.995,0.25,0.04339302912778579,0.5020963673241022,-0.03643667429473226
commons-bcel,RASZZ,21,0.999,0.0,0.05191521345207094,0.4648725950163199,-0.008018015437471583
commons-bcel,RASZZ,21,0.999,0.05,0.05560621685798143,0.4891835342965101,-0.008018015437471583
commons-bcel,RASZZ,21,0.999,0.1,0.05261828357397986,0.4936613502731496,-0.008018015437471583
commons-bcel,RASZZ,21,0.999,0.25,0.05721664600932479,0.5162157708890491,-0.008018015437471583
commons-bcel,RASZZ,42,0.9,0.0,0.05029375447029334,0.29489336073424227,-0.1661485446619334
commons-bcel,RASZZ,42,0.9,0.05,0.05350056568590996,0.3103150798542728,-0.1661485446619334
commons-bcel,RASZZ,42,0.9,0.1,0.050233988359971525,0.30429563603436827,-0.1661485446619334
commons-bcel,RASZZ,42,0.9,0.25,0.035312177426985725,0.2764686069107032,-0.1661485446619334
commons-bcel,RASZZ,42,0.95,0.0,0.05650406758399175,0.3584943639221191,-0.15850795478463556
commons-bcel,RASZZ,42,0.95,0.05,0.06029412503938299,0.3772421559129442,-0.15850795478463556
commons-bcel,RASZZ,42,0.95,0.1,0.0564425763618271,0.37272724821622794,-0.15850795478463556
commons-bcel,RASZZ,42,0.95,0.25,0.048692663687721675,0.35875089970007684,-0.15850795478463556
commons-bcel,RASZZ,42,0.99,0.0,0.07739519579034258,0.4566775106046217,-0.03635618308103307
commons-bcel,RASZZ,42,0.99,0.05,0.0824072129758636,0.4805598804194041,-0.03635618308103307
commons-bcel,RASZZ,42,0.99,0.1,0.08034903259531728,0.483337622329252,-0.03635618308103307
commons-bcel,RASZZ,42,0.99,0.25,0.08819850852247675,0.4993320334765808,-0.03635618308103307
commons-bcel,RASZZ,42,0.995,0.0,0.08444891177523532,0.4743999048672144,0.00032846962202490827
commons-bcel,RASZZ,42,0.995,0.05,0.08983708421953582,0.4992090835656274,0.00032846962202490827
commons-bcel,RASZZ,42,0.995,0.1,0.08847312080072708,0.5036533369487801,0.00032846962202490827
commons-bcel,RASZZ,42,0.995,0.25,0.09926689299364926,0.5261193692256753,0.00032846962202490827
commons-bcel,RASZZ,42,0.999,0.0,0.08854327915506605,0.48011982429241346,0.0496869806729377
commons-bcel,RASZZ,42,0.999,0.05,0.0941497808949342,0.5052281314301544,0.0496869806729377
commons-bcel,RASZZ,42,0.999,0.1,0.0932887468377362,0.5105913154855013,0.0496869806729377
commons-bcel,RASZZ,42,0.999,0.25,0.10583745515452751,0.5364811492659469,0.0496869806729377
commons-bcel,RASZZ,77,0.9,0.0,0.02139266812823887,0.27475370122929743,0.10187815272214375
commons-bcel,RASZZ,77,0.9,0.05,0.023088070491783755,0.2891221983599112,0.10187815272214375
commons-bcel,RASZZ,77,0.9,0.1,0.018143280106680888,0.28193329539967177,0.10187815272214375
commons-bcel,RASZZ,77,0.9,0.25,-0.0024889806734065345,0.2449175671391249,0.10187815272214375
commons-bcel,RASZZ,77,0.95,0.0,0.025138222113549887,0.3381911596535691,0.06225835639432085
commons-bcel,RASZZ,77,0.95,0.05,0.027287973874696086,0.35587717693137055,0.06225835639432085
commons-bcel,RASZZ,77,0.95,0.1,0.021615089803126514,0.3501833134631273,0.06225835639432085
commons-bcel,RASZZ,77,0.95,0.25,0.0054036744920005755,0.3248470446339917,0.06225835639432085
commons-bcel,RASZZ,77,0.99,0.0,0.030731143120851987,0.43057267302626423,-0.03356770012416866
commons-bcel,RASZZ,77,0.99,0.05,0.033302820817279755,0.45308986638605614,-0.03356770012416866
commons-bcel,RASZZ,77,0.99,0.1,0.028534976804833124,0.4543517663371324,-0.03356770012416866
commons-bcel,RASZZ,77,0.99,0.25,0.021034547110323095,0.4569154229150089,-0.03356770012416866
commons-bcel,RASZZ,77,0.995,0.0,0.03652356100239874,0.44998702465327606,-0.0337356134468877
commons-bcel,RASZZ,77,0.995,0.05,0.03940543321495652,0.4735195093609091,-0.0337356134468877
commons-bcel,RASZZ,77,0.995,0.1,0.03525856577032306,0.47654616847435327,-0.0337356134468877
commons-bcel,RASZZ,77,0.995,0.25,0.030321354336035104,0.4862136310563639,-0.0337356134468877
commons-bcel,RASZZ,77,0.999,0.0,0.04753041232019674,0.45986527843076874,-0.01294126738280204
commons-bcel,RASZZ,77,0.999,0.05,0.05099210852405769,0.48391435549156153,-0.01294126738280204
commons-bcel,RASZZ,77,0.999,0.1,0.04774956091745736,0.4881014092461247,-0.01294126738280204
commons-bcel,RASZZ,77,0.999,0.25,0.04621667402198229,0.5024885164802543,-0.01294126738280204
commons-bcel,RASZZ,101,0.9,0.0,0.059220872182941815,0.30621958933153387,-0.0950957705266918
commons-bcel,RASZZ,101,0.9,0.05,0.06289453521771479,0.3222336239776982,-0.0950957705266918
commons-bcel,RASZZ,101,0.9,0.1,0.06014633306109535,0.31687186563432185,-0.0950957705266918
commons-bcel,RASZZ,101,0.9,0.25,0.048991029864493885,0.2930661916707149,-0.0950957705266918
commons-bcel,RASZZ,101,0.95,0.0,0.06640696605415897,0.37119238499516727,-0.09640239898188388
commons-bcel,RASZZ,101,0.95,0.05,0.0707149046795462,0.39060423165945535,-0.09640239898188388
commons-bcel,RASZZ,101,0.95,0.1,0.06743839229438155,0.38682666596221,-0.09640239898188388
commons-bcel,RASZZ,101,0.95,0.25,0.06350604993407413,0.3765794378365743,-0.09640239898188388
commons-bcel,RASZZ,101,0.99,0.0,0.08634257564015345,0.4697338029325749,-0.015444408368210745
commons-bcel,RASZZ,101,0.99,0.05,0.09182250427190183,0.49429896354512026,-0.015444408368210745
commons-bcel,RASZZ,101,0.99,0.1,0.09028387563178292,0.49783485136096317,-0.015444408368210745
commons-bcel,RASZZ,101,0.99,0.25,0.10177094366190285,0.5172364334096287,-0.015444408368210745
commons-bcel,RASZZ,101,0.995,0.0,0.09148163900240258,0.4853126863650082,0.016131591835988612
commons-bcel,RASZZ,101,0.995,0.05,0.09723759437567486,0.5106925589937905,0.016131591835988612
commons-bcel,RASZZ,101,0.995,0.1,0.09628200365727216,0.5157704900250653,0.016131591835988612
commons-bcel,RASZZ,101,0.995,0.25,0.11022125876333953,0.5411112388776784,0.016131591835988612
commons-bcel,RASZZ,101,0.999,0.0,0.09231929519920486,0.4877756274873276,0.06287000043732302
commons-bcel,RASZZ,101,0.999,0.05,0.09812326716587108,0.5132843018839863,0.06287000043732302
commons-bcel,RASZZ,101,0.999,0.1,0.09748149681945154,0.5190920390868528,0.06287000043732302
commons-bcel,RASZZ,101,0.999,0.25,0.11237843270587743,0.54708388830145,0.06287000043732302
commons-bcel,RASZZ,123,0.9,0.0,0.022884477321446235,0.2709200843776918,0.08739427775730198
commons-bcel,RASZZ,123,0.9,0.05,0.024657895216778757,0.2850880989943823,0.08739427775730198
commons-bcel,RASZZ,123,0.9,0.1,0.01979973042215341,0.27767658759001546,0.08739427775730198
commons-bcel,RASZZ,123,0.9,0.25,-0.0015312832130147253,0.24465869528473178,0.08739427775730198
commons-bcel,RASZZ,123,0.95,0.0,0.026094950828664865,0.33391681840542126,0.04864235068199736
commons-bcel,RASZZ,123,0.95,0.05,0.0282947355965964,0.35137930508223536,0.04864235068199736
commons-bcel,RASZZ,123,0.95,0.1,0.02267740634413574,0.3454372414177411,0.04864235068199736
commons-bcel,RASZZ,123,0.95,0.25,0.007848352461174334,0.32602183470814516,0.04864235068199736
commons-bcel,RASZZ,123,0.99,0.0,0.030281437775341893,0.4280181385213641,-0.038965949224382415
commons-bcel,RASZZ,123,0.99,0.05,0.032829597717731515,0.45040174015322115,-0.038965949224382415
commons-bcel,RASZZ,123,0.99,0.1,0.02803564045214695,0.4515153047401706,-0.038965949224382415
commons-bcel,RASZZ,123,0.99,0.25,0.025581335661773105,0.4611950665976573,-0.038965949224382415
commons-bcel,RASZZ,123,0.995,0.0,0.035393163345007514,0.447048639824117,-0.0358581417922779
commons-bcel,RASZZ,123,0.995,0.05,0.03821592037395172,0.47042745899859256,-0.0358581417922779
commons-bcel,RASZZ,123,0.995,0.1,0.03400341359354277,0.47328349352945936,-0.0358581417922779
commons-bcel,RASZZ,123,0.995,0.25,0.03408130915294153,0.48972591302451646,-0.0358581417922779
commons-bcel,RASZZ,123,0.999,0.0,0.045089086566412376,0.45565486432702024,-0.012972876137378542
commons-bcel,RASZZ,123,0.999,0.05,0.048423111397945306,0.47948375391555065,-0.012972876137378542
commons-bcel,RASZZ,123,0.999,0.1,0.04503880217334954,0.48342631956161247,-0.012972876137378542
commons-bcel,RASZZ,123,0.999,0.25,0.048118819384658694,0.5039304270785933,-0.012972876137378542
commons-bcel,RASZZ,202,0.9,0.0,-0.01769613402584666,0.17562321152368301,-0.19070864132070126
commons-bcel,RASZZ,202,0.9,0.05,-0.018044916468829202,0.18480758865693686,-0.19070864132070126
commons-bcel,RASZZ,202,0.9,0.1,-0.02525949482887841,0.17186242863368,-0.19070864132070126
commons-bcel,RASZZ,202,0.9,0.25,-0.02280944441022172,0.15889113715298026,-0.19070864132070126
commons-bcel,RASZZ,202,0.95,0.0,-0.01984156103653903,0.22627420212072186,-0.17117112436624457
commons-bcel,RASZZ,202,0.95,0.05,-0.020044068343190856,0.2381074193234637,-0.17117112436624457
commons-bcel,RASZZ,202,0.95,0.1,-0.028328814771332905,0.22591482091319603,-0.17117112436624457
commons-bcel,RASZZ,202,0.95,0.25,-0.02440035062086983,0.21395128930229754,-0.17117112436624457
commons-bcel,RASZZ,202,0.99,0.0,-0.012859337535666931,0.3201523330977647,-0.037706964701661155
commons-bcel,RASZZ,202,0.99,0.05,-0.012567264057245888,0.3368949933745611,-0.037706964701661155
commons-bcel,RASZZ,202,0.99,0.1,-0.01986629714083055,0.33174506318637587,-0.037706964701661155
commons-bcel,RASZZ,202,0.99,0.25,-0.01803062394087015,0.3316820330016053,-0.037706964701661155
commons-bcel,RASZZ,202,0.995,0.0,-0.011541091591385586,0.3368511812141982,-0.01990864434945281
commons-bcel,RASZZ,202,0.995,0.05,-0.011172804527227242,0.3544671230889203,-0.01990864434945281
commons-bcel,RASZZ,202,0.995,0.1,-0.01811066490245226,0.35092426963553863,-0.01990864434945281
commons-bcel,RASZZ,202,0.995,0.25,-0.017363214580093222,0.3541611432449084,-0.01990864434945281
commons-bcel,RASZZ,202,0.999,0.0,-0.012017416997459309,0.34342498585137926,-0.018332861982740648
commons-bcel,RASZZ,202,0.999,0.05,-0.011669829214547213,0.3613847108767703,-0.018332861982740648
commons-bcel,RASZZ,202,0.999,0.1,-0.018370168809415107,0.35881037105232066,-0.018332861982740648
commons-bcel,RASZZ,202,0.999,0.25,-0.018989663712562384,0.3633740593924934,-0.018332861982740648
commons-bcel,RASZZ,314,0.9,0.0,0.02981758004820504,0.3644900717136582,0.11502004617804185
commons-bcel,RASZZ,314,0.9,0.05,0.03211021679907743,0.3835514147497041,0.11502004617804185
commons-bcel,RASZZ,314,0.9,0.1,0.02830583979250577,0.38168260332042825,0.11502004617804185
commons-bcel,RASZZ,314,0.9,0.25,0.015453702857571666,0.37300166814992064,0.11502004617804185
commons-bcel,RASZZ,314,0.95,0.0,0.031295886359965844,0.4032395164503728,0.07460373843624782
commons-bcel,RASZZ,314,0.95,0.05,0.03398393673846015,0.42432729728514995,0.07460373843624782
commons-bcel,RASZZ,314,0.95,0.1,0.029737472909839052,0.4226072144858812,0.07460373843624782
commons-bcel,RASZZ,314,0.95,0.25,0.022620183806555016,0.4216306461063462,0.07460373843624782
commons-bcel,RASZZ,314,0.99,0.0,0.036640664655024587,0.4527188392423076,-0.03429481970376523
commons-bcel,RASZZ,314,0.99,0.05,0.03976138378385304,0.4763941867026834,-0.03429481970376523
commons-bcel,RASZZ,314,0.99,0.1,0.03670186319752489,0.4791721177221429,-0.03429481970376523
commons-bcel,RASZZ,314,0.99,0.25,0.04005203166585874,0.49584226574382123,-0.03429481970376523
commons-bcel,RASZZ,314,0.995,0.0,0.039574208597160446,0.45445870896665785,-0.026120506248575922
commons-bcel,RASZZ,314,0.995,0.05,0.042856225864641016,0.47822504451210807,-0.026120506248575922
commons-bcel,RASZZ,314,0.995,0.1,0.04027306703781667,0.481736756943151,-0.026120506248575922
commons-bcel,RASZZ,314,0.995,0.25,0.04530541079753262,0.5010713735498872,-0.026120506248575922
commons-bcel,RASZZ,314,0.999,0.0,0.04268131566924353,0.4483564333255261,0.0015084626459579524
commons-bcel,RASZZ,314,0.999,0.05,0.046130121730614974,0.4718036447621927,0.0015084626459579524
commons-bcel,RASZZ,314,0.999,0.1,0.0440056508293751,0.47554232289913695,0.0015084626459579524
commons-bcel,RASZZ,314,0.999,0.25,0.05032342097835856,0.49548992607720993,0.0015084626459579524
commons-bcel,RASZZ,999,0.9,0.0,0.06129281556827442,0.31152341644898157,-0.09458331342495978
commons-bcel,RASZZ,999,0.9,0.05,0.06507483278518852,0.32781481960511455,-0.09458331342495978
commons-bcel,RASZZ,999,0.9,0.1,0.06244694314575133,0.32276104110120535,-0.09458331342495978
commons-bcel,RASZZ,999,0.9,0.25,0.0371790814833116,0.2798842135828084,-0.09458331342495978
commons-bcel,RASZZ,999,0.95,0.0,0.06879800063424589,0.37512150206447364,-0.09365603049282764
commons-bcel,RASZZ,999,0.95,0.05,0.07323098060884685,0.394738825514274,-0.09365603049282764
commons-bcel,RASZZ,999,0.95,0.1,0.07009330956029235,0.39118941371749644,-0.09365603049282764
commons-bcel,RASZZ,999,0.95,0.25,0.05132049161625991,0.36206542880295456,-0.09365603049282764
commons-bcel,RASZZ,999,0.99,0.0,0.09054540280377477,0.4721373152429196,-0.010421163731741815
commons-bcel,RASZZ,999,0.99,0.05,0.09624512214178396,0.4968281697390416,-0.010421163731741815
commons-bcel,RASZZ,999,0.99,0.1,0.09495054105572313,0.5005036234417631,-0.010421163731741815
commons-bcel,RASZZ,999,0.99,0.25,0.09618693520891296,0.5066811662638254,-0.010421163731741815
commons-bcel,RASZZ,999,0.995,0.0,0.0993615281734579,0.4920622999931278,0.01777352809794938
commons-bcel,RASZZ,999,0.995,0.05,0.10552956958756343,0.5177951498652174,0.01777352809794938
commons-bcel,RASZZ,999,0.995,0.1,0.1050315441231142,0.523265013905548,0.01777352809794938
commons-bcel,RASZZ,999,0.995,0.25,0.11092071386676561,0.5378488099761873,0.01777352809794938
commons-bcel,RASZZ,999,0.999,0.0,0.10641135732677989,0.5017555212221053,0.06519557996861827
commons-bcel,RASZZ,999,0.999,0.05,0.11295228662409737,0.5279952870003021,0.06519557996861827
commons-bcel,RASZZ,999,0.999,0.1,0.1131288067188451,0.5346148013091834,0.06519557996861827
commons-bcel,RASZZ,999,0.999,0.25,0.12258136598725276,0.5547949059822901,0.06519557996861827
commons-beanutils,oracle,7,0.9,0.0,0.09675403226184796,0.5697688377038468,0.0025995276074950815
commons-beanutils,oracle,7,0.9,0.05,0.10174993754214992,0.5991889153821865,0.0025995276074950815
commons-beanutils,oracle,7,0.9,0.1,0.09173779435565861,0.6101540550182182,0.0025995276074950815
commons-beanutils,oracle,7,0.9,0.25,0.08410163495198915,0.6015882703851666,0.0025995276074950815
commons-beanutils,oracle,7,0.95,0.0,0.10168552202829552,0.5742216636798991,0.025457864284338598
commons-beanutils,oracle,7,0.95,0.05,0.10693606533440374,0.6038716635256771,0.025457864284338598
commons-beanutils,oracle,7,0.95,0.1,0.0980935670076573,0.6149842939390582,0.025457864284338598
commons-beanutils,oracle,7,0.95,0.25,0.07919191968982207,0.5988239364125507,0.025457864284338598
commons-beanutils,oracle,7,0.99,0.0,0.10285098692321637,0.5415200620756639,0.06850296488655294
commons-beanutils,oracle,7,0.99,0.05,0.10816170913956145,0.5694815110640804,0.06850296488655294
commons-beanutils,oracle,7,0.99,0.1,0.10165695514933798,0.578589659634242,0.06850296488655294
commons-beanutils,oracle,7,0.99,0.25,0.06602343363823844,0.533596276842899,0.06850296488655294
commons-beanutils,oracle,7,0.995,0.0,0.112135746540768,0.5446792242452955,0.06490068793615814
commons-beanutils,oracle,7,0.995,0.05,0.11792588835870783,0.5728037969257754,0.06490068793615814
commons-beanutils,oracle,7,0.995,0.1,0.11235183209209519,0.58209014734779,0.06490068793615814
commons-beanutils,oracle,7,0.995,0.25,0.07619708909939148,0.5339339038258188,0.06490068793615814
commons-beanutils,oracle,7,0.999,0.0,0.12753598538746505,0.5557562177104844,0.07284605441325123
commons-beanutils,oracle,7,0.999,0.05,0.13412132026117235,0.5844527521877899,0.07284605441325123
commons-beanutils,oracle,7,0.999,0.1,0.12977575797942206,0.594387991317659,0.07284605441325123
commons-beanutils,oracle,7,0.999,0.25,0.09503316849273775,0.5455087940880077,0.07284605441325123
commons-beanutils,oracle,13,0.9,0.0,0.11375322285041785,0.5764901140709826,0.0025995325660818926
commons-beanutils,oracle,13,0.9,0.05,0.11962688323856337,0.6062572456064895,0.0025995325660818926
commons-beanutils,oracle,13,0.9,0.1,0.11062234971859718,0.617620782036982,0.0025995325660818926
commons-beanutils,oracle,13,0.9,0.25,0.08252281183206517,0.6042870956216904,0.0025995325660818926
commons-beanutils,oracle,13,0.95,0.0,0.11642366975927432,0.5796855661880171,0.02547053595533936
commons-beanutils,oracle,13,0.95,0.05,0.12243521897231774,0.6096176952510818,0.02547053595533936
commons-beanutils,oracle,13,0.95,0.1,0.11446630930516283,0.6210541929071676,0.02547053595533936
commons-beanutils,oracle,13,0.95,0.25,0.07857031799623308,0.6004931201018829,0.02547053595533936
commons-beanutils,oracle,13,0.99,0.0,0.1152768571158658,0.5461370583629283,0.07189167600459141
commons-beanutils,oracle,13,0.99,0.05,0.12122919052976593,0.574336906471169,0.07189167600459141
commons-beanutils,oracle,13,0.99,0.1,0.11546096730880853,0.5837187227824575,0.07189167600459141
commons-beanutils,oracle,13,0.99,0.25,0.06856306443272288,0.5358788651510861,0.07189167600459141
commons-beanutils,oracle,13,0.995,0.0,0.12498814274699956,0.5491633830741837,0.07018804176363656
commons-beanutils,oracle,13,0.995,0.05,0.13144191948092382,0.5775194957974633,0.07018804176363656
commons-beanutils,oracle,13,0.995,0.1,0.12662967587756332,0.5870716401558821,0.07018804176363656
commons-beanutils,oracle,13,0.995,0.25,0.08041240480031767,0.5364120642753001,0.07018804176363656
commons-beanutils,oracle,13,0.999,0.0,0.14129757775941407,0.560362958391579,0.07919267968748384
commons-beanutils,oracle,13,0.999,0.05,0.1485934939948399,0.589297362439337,0.07919267968748384
commons-beanutils,oracle,13,0.999,0.1,0.1450636360508054,0.5995056614197476,0.07919267968748384
commons-beanutils,oracle,13,0.999,0.25,0.10139546796911357,0.5484704700329945,0.07919267968748384
commons-beanutils,oracle,21,0.9,0.0,0.08599870914028773,0.5587069296267199,0.0025903346166343405
commons-beanutils,oracle,21,0.9,0.05,0.09043926210794459,0.5875558244439343,0.0025903346166343405
commons-beanutils,oracle,21,0.9,0.1,0.07978960812425263,0.5978652807725372,0.0025903346166343405
commons-beanutils,oracle,21,0.9,0.25,0.06500038868313679,0.5843173520561508,0.0025903346166343405
commons-beanutils,oracle,21,0.95,0.0,0.09142112017508727,0.5637086317012735,0.025005920459420707
commons-beanutils,oracle,21,0.95,0.05,0.09614165994316405,0.5928157899646783,0.025005920459420707
commons-beanutils,oracle,21,0.95,0.1,0.08669074967618413,0.603305271140985,0.025005920459420707
commons-beanutils,oracle,21,0.95,0.25,0.06059577962409372,0.5825270895437403,0.025005920459420707
commons-beanutils,oracle,21,0.99,0.0,0.08995996182831495,0.527726200408941,0.05850565474799786
commons-beanutils,oracle,21,0.99,0.05,0.09460505452168749,0.5549754018069931,0.05850565474799786
commons-beanutils,oracle,21,0.99,0.1,0.08733619818027476,0.5632659333099371,0.05850565474799786
commons-beanutils,oracle,21,0.99,0.25,0.044014954573080856,0.5135632269408186,0.05850565474799786
commons-beanutils,oracle,21,0.995,0.0,0.09908735975451971,0.5305613053502901,0.049742291679636036
commons-beanutils,oracle,21,0.995,0.05,0.10420374666094931,0.5579568977091691,0.049742291679636036
commons-beanutils,oracle,21,0.995,0.1,0.09785626058955392,0.5664064229026113,0.049742291679636036
commons-beanutils,oracle,21,0.995,0.25,0.054135228320816645,0.5136030917303317,0.049742291679636036
commons-beanutils,oracle,21,0.999,0.0,0.11555598404112795,0.5426283378885637,0.05452077003420285
commons-beanutils,oracle,21,0.999,0.05,0.12152273020504162,0.5706470128225687,0.05452077003420285
commons-beanutils,oracle,21,0.999,0.1,0.11646706557467305,0.5798041102791252,0.05452077003420285
commons-beanutils,oracle,21,0.999,0.25,0.07455730667696506,0.5266131608193332,0.05452077003420285
commons-beanutils,oracle,42,0.9,0.0,0.08895311576767453,0.5602956013827706,0.002596544963184456
commons-beanutils,oracle,42,0.9,0.05,0.09354621985206393,0.5892265274438431,0.002596544963184456
commons-beanutils,oracle,42,0.9,0.1,0.07750781018769015,0.5989868445026238,0.002596544963184456
commons-beanutils,oracle,42,0.9,0.25,0.06972847334431959,0.5914964232345693,0.002596544963184456
commons-beanutils,oracle,42,0.95,0.0,0.09285053607751319,0.5653953152560438,0.02527348872737968
commons-beanutils,oracle,42,0.95,0.05,0.09764488389562921,0.5945895656134987,0.02527348872737968
commons-beanutils,oracle,42,0.95,0.1,0.08460910970300702,0.6047674138113844,0.02527348872737968
commons-beanutils,oracle,42,0.95,0.25,0.06553046043289448,0.5883503989943637,0.02527348872737968
commons-beanutils,oracle,42,0.99,0.0,0.08945637024984225,0.5272949214589557,0.061474651686307905
commons-beanutils,oracle,42,0.99,0.05,0.0940754599357205,0.5545218537201755,0.061474651686307905
commons-beanutils,oracle,42,0.99,0.1,0.08496625192853065,0.5625761139131978,0.061474651686307905
commons-beanutils,oracle,42,0.99,0.25,0.04469206930639757,0.5145696224224506,0.061474651686307905
commons-beanutils,oracle,42,0.995,0.0,0.09711215453947719,0.5292740692815302,0.05275281679157178
commons-beanutils,oracle,42,0.995,0.05,0.10212655150364985,0.556603195061988,0.05275281679157178
commons-beanutils,oracle,42,0.995,0.1,0.09405358333892505,0.5647875789392653,0.05275281679157178
commons-beanutils,oracle,42,0.995,0.25,0.052266248272483405,0.5130849215293306,0.05275281679157178
commons-beanutils,oracle,42,0.999,0.0,0.11164991963244748,0.5403544602124638,0.055502692561219466
commons-beanutils,oracle,42,0.999,0.05,0.11741497572362376,0.5682557232182709,0.055502692561219466
commons-beanutils,oracle,42,0.999,0.1,0.11067176618629346,0.5771057923998073,0.055502692561219466
commons-beanutils,oracle,42,0.999,0.25,0.06961171761749006,0.5244722004885045,0.055502692561219466
commons-beanutils,oracle,77,0.9,0.0,0.10240336552204153,0.574643728475328,0.0025995301278944486
commons-beanutils,oracle,77,0.9,0.05,0.10769097475725882,0.6043155216840368,0.0025995301278944486
commons-beanutils,oracle,77,0.9,0.1,0.09801369003198274,0.6155696154934456,0.0025995301278944486
commons-beanutils,oracle,77,0.9,0.25,0.0895228461531765,0.606771239256677,0.0025995301278944486
commons-beanutils,oracle,77,0.95,0.0,0.10655988447870157,0.5811466544456529,0.025493729086355256
commons-beanutils,oracle,77,0.95,0.05,0.11206211603526103,0.6111542269643613,0.025493729086355256
commons-beanutils,oracle,77,0.95,0.1,0.1035085405661993,0.6226773291351956,0.025493729086355256
commons-beanutils,oracle,77,0.95,0.25,0.08339364529422987,0.6068662178752272,0.025493729086355256
commons-beanutils,oracle,77,0.99,0.0,0.10823925176694878,0.5512497795876267,0.07948097604427294
commons-beanutils,oracle,77,0.99,0.05,0.11382819764131794,0.5797136236282958,0.07948097604427294
commons-beanutils,oracle,77,0.99,0.1,0.10764282754846619,0.5893984912702586,0.07948097604427294
commons-beanutils,oracle,77,0.99,0.25,0.07080533903784295,0.5456793790226213,0.07948097604427294
commons-beanutils,oracle,77,0.995,0.0,0.11600293602582303,0.552290450459788,0.07613806169586797
commons-beanutils,oracle,77,0.995,0.05,0.12199276060546965,0.5808080296573674,0.07613806169586797
commons-beanutils,oracle,77,0.995,0.1,0.11664792804731088,0.5905455277424352,0.07613806169586797
commons-beanutils,oracle,77,0.995,0.25,0.079009453571734,0.5432622677726971,0.07613806169586797
commons-beanutils,oracle,77,0.999,0.0,0.12966965895647042,0.5611201975574394,0.0807269308198734
commons-beanutils,oracle,77,0.999,0.05,0.1363651663036204,0.5900937017342435,0.0807269308198734
commons-beanutils,oracle,77,0.999,0.1,0.13214607534426262,0.6003468852930943,0.0807269308198734
commons-beanutils,oracle,77,0.999,0.25,0.09560184900850385,0.5519035196585436,0.0807269308198734
commons-beanutils,oracle,101,0.9,0.0,0.09637384528980669,0.5697833966472782,0.002599527354479817
commons-beanutils,oracle,101,0.9,0.05,0.10135011957327346,0.5992042260782908,0.002599527354479817
commons-beanutils,oracle,101,0.9,0.1,0.09131544119217277,0.6101702286808302,0.002599527354479817
commons-beanutils,oracle,101,0.9,0.25,0.08149662205318635,0.6003013857775082,0.002599527354479817
commons-beanutils,oracle,101,0.95,0.0,0.10036843673286151,0.5736551816745227,0.025455899493960803
commons-beanutils,oracle,101,0.95,0.05,0.10555097219238967,0.6032759311585772,0.025455899493960803
commons-beanutils,oracle,101,0.95,0.1,0.09663040497945698,0.6143549839294492,0.025455899493960803
commons-beanutils,oracle,101,0.95,0.25,0.07515187062602009,0.5968939088051606,0.025455899493960803
commons-beanutils,oracle,101,0.99,0.0,0.10078121140030563,0.5405004436872747,0.06827251477236547
commons-beanutils,oracle,101,0.99,0.05,0.10598506052596686,0.5684092445661357,0.06827251477236547
commons-beanutils,oracle,101,0.99,0.1,0.09935762270479534,0.5774569562973224,0.06827251477236547
commons-beanutils,oracle,101,0.99,0.25,0.060877533669609914,0.5313703501879482,0.06827251477236547
commons-beanutils,oracle,101,0.995,0.0,0.10961716192734731,0.5433828314267697,0.06446891368087886
commons-beanutils,oracle,101,0.995,0.05,0.11527725634700381,0.5714404647190298,0.06446891368087886
commons-beanutils,oracle,101,0.995,0.1,0.1095539135488224,0.5806499727803004,0.06446891368087886
commons-beanutils,oracle,101,0.995,0.25,0.07050900046897003,0.5314048489727535,0.06446891368087886
commons-beanutils,oracle,101,0.999,0.0,0.12456629507304492,0.5542053525600167,0.07118167058219817
commons-beanutils,oracle,101,0.999,0.05,0.13099828965512986,0.582821807941773,0.07118167058219817
commons-beanutils,oracle,101,0.999,0.1,0.12647670201194808,0.5926651211232301,0.07118167058219817
commons-beanutils,oracle,101,0.999,0.25,0.08880848227043633,0.5426987913504275,0.07118167058219817
commons-beanutils,oracle,123,0.9,0.0,0.13535181049830333,0.5975350278698598,0.0010941819167526701
commons-beanutils,oracle,123,0.9,0.05,0.14234071637601264,0.628388815883794,0.0010941819167526701
commons-beanutils,oracle,123,0.9,0.1,0.1286207334132551,0.6403253669268134,0.0010941819167526701
commons-beanutils,oracle,123,0.9,0.25,0.1272649858884245,0.6372372176216666,0.0010941819167526701
commons-beanutils,oracle,123,0.95,0.0,0.14474412224237845,0.6118522975576004,0.015197319812130265
commons-beanutils,oracle,123,0.95,0.05,0.15221800118776804,0.6434453593936211,0.015197319812130265
commons-beanutils,oracle,123,0.95,0.1,0.14072951070997256,0.6562700506076036,0.015197319812130265
commons-beanutils,oracle,123,0.95,0.25,0.128310122069842,0.647464224710228,0.015197319812130265
commons-beanutils,oracle,123,0.99,0.0,0.15506431535695991,0.591264045750685,0.08430618996568945
commons-beanutils,oracle,123,0.99,0.05,0.16307107862840362,0.6217940309013228,0.08430618996568945
commons-beanutils,oracle,123,0.99,0.1,0.15503884617591765,0.6334376202836108,0.08430618996568945
commons-beanutils,oracle,123,0.99,0.25,0.12478715566779645,0.5978009050928389,0.08430618996568945
commons-beanutils,oracle,123,0.995,0.0,0.1632977816677716,0.5907638710075387,0.0984941393856671
commons-beanutils,oracle,123,0.995,0.05,0.17172968089330196,0.6212680295793566,0.0984941393856671
commons-beanutils,oracle,123,0.995,0.1,0.1646323074196109,0.6328839437135689,0.0984941393856671
commons-beanutils,oracle,123,0.995,0.25,0.13285782059658374,0.5931489783370933,0.0984941393856671
commons-beanutils,oracle,123,0.999,0.0,0.1766979223126631,0.5980918003867614,0.11765147989087743
commons-beanutils,oracle,123,0.999,0.05,0.18582173929954765,0.6289743374118953,0.11765147989087743
commons-beanutils,oracle,123,0.999,0.1,0.17988734270044499,0.6410254481945421,0.11765147989087743
commons-beanutils,oracle,123,0.999,0.25,0.14837730333341265,0.5996351285879101,0.11765147989087743
commons-beanutils,oracle,202,0.9,0.0,0.10532372435736141,0.5680265084591093,0.0025995336156691092
commons-beanutils,oracle,202,0.9,0.05,0.11076212664775874,0.5973566207719719,0.0025995336156691092
commons-beanutils,oracle,202,0.9,0.1,0.09569406809368777,0.6075751794547019,0.0025995336156691092
commons-beanutils,oracle,202,0.9,0.25,0.07073800711716638,0.592979076670632,0.0025995336156691092
commons-beanutils,oracle,202,0.95,0.0,0.11060230498906078,0.5726555994559982,0.025474905707101335
commons-beanutils,oracle,202,0.95,0.05,0.11631326738092278,0.6022247354003699,0.025474905707101335
commons-beanutils,oracle,202,0.95,0.1,0.10432971116656257,0.6128329295316974,0.025474905707101335
commons-beanutils,oracle,202,0.95,0.25,0.06920283454778674,0.590959480376137,0.025474905707101335
commons-beanutils,oracle,202,0.99,0.0,0.10910997961109131,0.5353010177185566,0.06630133209141963
commons-beanutils,oracle,202,0.99,0.05,0.11474388561510639,0.5629413456558315,0.06630133209141963
commons-beanutils,oracle,202,0.99,0.1,0.10679962523711826,0.5714701590306817,0.06630133209141963
commons-beanutils,oracle,202,0.99,0.25,0.05692398291038103,0.5209271191308907,0.06630133209141963
commons-beanutils,oracle,202,0.995,0.0,0.11925538426760042,0.5380864457945316,0.059794856221657304
commons-beanutils,oracle,202,0.995,0.05,0.1254131493760824,0.5658705996221323,0.059794856221657304
commons-beanutils,oracle,202,0.995,0.1,0.11865269854598559,0.5745773281200725,0.059794856221657304
commons-beanutils,oracle,202,0.995,0.25,0.06909297150706901,0.5210836156552279,0.059794856221657304
commons-beanutils,oracle,202,0.999,0.0,0.13711930296722585,0.5503555484206286,0.06669465616093069
commons-beanutils,oracle,202,0.999,0.05,0.1441994735163081,0.5787732187349468,0.06669465616093069
commons-beanutils,oracle,202,0.999,0.1,0.1389659356727473,0.5882160922092412,0.06669465616093069
commons-beanutils,oracle,202,0.999,0.25,0.09195443878347269,0.5345244897454206,0.06669465616093069
commons-beanutils,oracle,314,0.9,0.0,0.09922169964233873,0.4283704835984233,-0.0001734802217139531
commons-beanutils,oracle,314,0.9,0.05,0.10434502320390529,0.4504894414434365,-0.0001734802217139531
commons-beanutils,oracle,314,0.9,0.1,0.09447914848198562,0.4530733380029206,-0.0001734802217139531
commons-beanutils,oracle,314,0.9,0.25,0.0700625907682965,0.40828037418203,-0.0001734802217139531
commons-beanutils,oracle,314,0.95,0.0,0.10153368111856262,0.4607912844784742,-0.004367480353234423
commons-beanutils,oracle,314,0.95,0.05,0.1067763841023094,0.4845842940040409,-0.004367480353234423
commons-beanutils,oracle,314,0.95,0.1,0.0979248855606631,0.48897345449892987,-0.004367480353234423
commons-beanutils,oracle,314,0.95,0.25,0.0641667417164222,0.4432757324625614,-0.004367480353234423
commons-beanutils,oracle,314,0.99,0.0,0.13157787878196547,0.5576188055173494,0.05506994194462298
commons-beanutils,oracle,314,0.99,0.05,0.13837191727328899,0.5864115149244414,0.05506994194462298
commons-beanutils,oracle,314,0.99,0.1,0.1335699204687847,0.5964739000758236,0.05506994194462298
commons-beanutils,oracle,314,0.99,0.25,0.09362885431736903,0.5518854952364721,0.05506994194462298
commons-beanutils,oracle,314,0.995,0.0,0.14379859744824308,0.5656953345058401,0.07940290047262684
commons-beanutils,oracle,314,0.995,0.05,0.15122365411510588,0.5949050763908232,0.07940290047262684
commons-beanutils,oracle,314,0.995,0.1,0.14752638100930845,0.6054371352917768,0.07940290047262684
commons-beanutils,oracle,314,0.995,0.25,0.10850412457404242,0.5590734513242159,0.07940290047262684
commons-beanutils,oracle,314,0.999,0.0,0.15879391529969542,0.5753877104749898,0.10059627075936979
commons-beanutils,oracle,314,0.999,0.05,0.16699325688143526,0.6050979192774849,0.10059627075936979
commons-beanutils,oracle,314,0.999,0.1,0.16450047648191798,0.6161967950978641,0.10059627075936979
commons-beanutils,oracle,314,0.999,0.25,0.12747998925748594,0.5690670970457496,0.10059627075936979
commons-beanutils,oracle,999,0.9,0.0,0.10149663194628558,0.5709519424569969,0.0026619974626234813
commons-beanutils,oracle,999,0.9,0.05,0.1067374218918769,0.6004331098816267,0.0026619974626234813
commons-beanutils,oracle,999,0.9,0.1,0.0910107077854681,0.6107939756772512,0.0026619974626234813
commons-beanutils,oracle,999,0.9,0.25,0.07987726375937249,0.6006157489048575,0.0026619974626234813
commons-beanutils,oracle,999,0.95,0.0,0.10653829781673513,0.5745563639335775,0.026134316051655414
commons-beanutils,oracle,999,0.95,0.05,0.1120394147435889,0.6042236460643989,0.026134316051655414
commons-beanutils,oracle,999,0.95,0.1,0.09828631302984882,0.6148376588907344,0.026134316051655414
commons-beanutils,oracle,999,0.95,0.25,0.07430838923047561,0.5966305558154562,0.026134316051655414
commons-beanutils,oracle,999,0.99,0.0,0.11084035264591602,0.5422780136984603,0.06951020856179048
commons-beanutils,oracle,999,0.99,0.05,0.11656360665517157,0.5702785996037165,0.06951020856179048
commons-beanutils,oracle,999,0.99,0.1,0.1059100439641943,0.5790185919492304,0.06951020856179048
commons-beanutils,oracle,999,0.99,0.25,0.06194936889103117,0.5315813758573048,0.06951020856179048
commons-beanutils,oracle,999,0.995,0.0,0.1217304060839355,0.5459250554018822,0.065234695464473
commons-beanutils,oracle,999,0.995,0.05,0.12801596922079966,0.5741139567135112,0.065234695464473
commons-beanutils,oracle,999,0.995,0.1,0.11845473199829482,0.5830720958316487,0.065234695464473
commons-beanutils,oracle,999,0.995,0.25,0.0734740012779039,0.5324979489404852,0.065234695464473
commons-beanutils,oracle,999,0.999,0.0,0.1393936769282388,0.5578420542449778,0.0726846883091214
commons-beanutils,oracle,999,0.999,0.05,0.146591285031246,0.5866462911250971,0.0726846883091214
commons-beanutils,oracle,999,0.999,0.1,0.13844571737338454,0.5963116392988516,0.0726846883091214
commons-beanutils,oracle,999,0.999,0.25,0.09461502286915138,0.5451383502283731,0.0726846883091214
commons-beanutils,BSZZ,7,0.9,0.0,0.0914268669048182,0.5186157658784516,0.0017071351849794205
commons-beanutils,BSZZ,7,0.9,0.05,0.09614770340592757,0.5453945489702822,0.0017071351849794205
commons-beanutils,BSZZ,7,0.9,0.1,0.10725789605261414,0.5761349690031525,0.0017071351849794205
commons-beanutils,BSZZ,7,0.9,0.25,0.10773306104927201,0.5862181012953482,0.0017071351849794205
commons-beanutils,BSZZ,7,0.95,0.0,0.09015681891721386,0.5287005841779154,0.019689976762640872
commons-beanutils,BSZZ,7,0.95,0.05,0.0948120763483953,0.5560000979908888,0.019689976762640872
commons-beanutils,BSZZ,7,0.95,0.1,0.1048609533452725,0.5873382853321935,0.019689976762640872
commons-beanutils,BSZZ,7,0.95,0.25,0.11317715563251124,0.604266771327819,0.019689976762640872
commons-beanutils,BSZZ,7,0.99,0.0,0.08439550935120113,0.5215686451419651,0.08140917964871436
commons-beanutils,BSZZ,7,0.99,0.05,0.0887532809183888,0.5484999004849238,0.08140917964871436
commons-beanutils,BSZZ,7,0.99,0.1,0.09738891531808629,0.5794153494213468,0.08140917964871436
commons-beanutils,BSZZ,7,0.99,0.25,0.11453050038564754,0.6046825352142531,0.08140917964871436
commons-beanutils,BSZZ,7,0.995,0.0,0.07896711906919138,0.5153931937204862,0.09545071210678599
commons-beanutils,BSZZ,7,0.995,0.05,0.08304459509686045,0.5420055789384114,0.09545071210678599
commons-beanutils,BSZZ,7,0.995,0.1,0.09120921904049309,0.5725549842967582,0.09545071210678599
commons-beanutils,BSZZ,7,0.995,0.25,0.10900257468156642,0.5987863546695258,0.09545071210678599
commons-beanutils,BSZZ,7,0.999,0.0,0.0704190183021362,0.50858180118179,0.09984583060550628
commons-beanutils,BSZZ,7,0.999,0.05,0.07405511219037043,0.5348424793839478,0.09984583060550628
commons-beanutils,BSZZ,7,0.999,0.1,0.08159178663046122,0.5649881464037704,0.09984583060550628
commons-beanutils,BSZZ,7,0.999,0.25,0.09905043367835886,0.5918504718383134,0.09984583060550628
commons-beanutils,BSZZ,13,0.9,0.0,0.07665637770144483,0.47309875718781275,0.003436743853949607
commons-beanutils,BSZZ,13,0.9,0.05,0.08061453834007365,0.4975272644436379,0.003436743853949607
commons-beanutils,BSZZ,13,0.9,0.1,0.07999744579505941,0.5092781911089279,0.003436743853949607
commons-beanutils,BSZZ,13,0.9,0.25,0.08632585356984578,0.5338819025313841,0.003436743853949607
commons-beanutils,BSZZ,13,0.95,0.0,0.07674296979898251,0.5011249235505195,0.026130765753881093
commons-beanutils,BSZZ,13,0.95,0.05,0.08070560163025528,0.5270005650419405,0.026130765753881093
commons-beanutils,BSZZ,13,0.95,0.1,0.0808202755941609,0.5403318860161611,0.026130765753881093
commons-beanutils,BSZZ,13,0.95,0.25,0.08951380639295793,0.5550000689525839,0.026130765753881093
commons-beanutils,BSZZ,13,0.99,0.0,0.07537830171016371,0.5257804228235435,0.061606196328557614
commons-beanutils,BSZZ,13,0.99,0.05,0.0792704687519966,0.5529291537782876,0.061606196328557614
commons-beanutils,BSZZ,13,0.99,0.1,0.08045747461566882,0.5679114556262443,0.061606196328557614
commons-beanutils,BSZZ,13,0.99,0.25,0.08904862416936137,0.5739604781410628,0.061606196328557614
commons-beanutils,BSZZ,13,0.995,0.0,0.07434750022258646,0.5287166830593326,0.06732402644553627
commons-beanutils,BSZZ,13,0.995,0.05,0.07818644171428626,0.5560170281398489,0.06732402644553627
commons-beanutils,BSZZ,13,0.995,0.1,0.07947860367962344,0.5712132136435178,0.06732402644553627
commons-beanutils,BSZZ,13,0.995,0.25,0.08781221055521755,0.5765759295811016,0.06732402644553627
commons-beanutils,BSZZ,13,0.999,0.0,0.07157490775805932,0.5300633907038694,0.0744516513503471
commons-beanutils,BSZZ,13,0.999,0.05,0.0752706861276665,0.5574332731842757,0.0744516513503471
commons-beanutils,BSZZ,13,0.999,0.1,0.07653206484253448,0.572742172285607,0.0744516513503471
commons-beanutils,BSZZ,13,0.999,0.25,0.08420796962232796,0.5773979367542137,0.0744516513503471
commons-beanutils,BSZZ,21,0.9,0.0,0.02151534519261007,0.4217247359634953,0.001664345534797698
commons-beanutils,BSZZ,21,0.9,0.05,0.022626292448682875,0.443500539885879,0.001664345534797698
commons-beanutils,BSZZ,21,0.9,0.1,0.0293762982901738,0.46849784304308295,0.001664345534797698
commons-beanutils,BSZZ,21,0.9,0.25,0.057605226117346864,0.5416433210336596,0.001664345534797698
commons-beanutils,BSZZ,21,0.95,0.0,0.021891020917774826,0.4273435951487191,0.01856026427038564
commons-beanutils,BSZZ,21,0.95,0.05,0.02302136623194564,0.44940952949374763,0.01856026427038564
commons-beanutils,BSZZ,21,0.95,0.1,0.028811143709232767,0.47473988479248613,0.01856026427038564
commons-beanutils,BSZZ,21,0.95,0.25,0.058961363117517374,0.5498494920675546,0.01856026427038564
commons-beanutils,BSZZ,21,0.99,0.0,0.01118491408309725,0.4169507212361472,0.03593013523430437
commons-beanutils,BSZZ,21,0.99,0.05,0.011762448373102271,0.43848001837398615,0.03593013523430437
commons-beanutils,BSZZ,21,0.99,0.1,0.01592309882095624,0.4631943466823381,0.03593013523430437
commons-beanutils,BSZZ,21,0.99,0.25,0.04325077855576017,0.5365983901207898,0.03593013523430437
commons-beanutils,BSZZ,21,0.995,0.0,0.0054033610007665975,0.4116960729399264,0.033252736659214514
commons-beanutils,BSZZ,21,0.995,0.05,0.005682364150548006,0.43295404572512053,0.033252736659214514
commons-beanutils,BSZZ,21,0.995,0.1,0.00936295956356812,0.45735691012053636,0.033252736659214514
commons-beanutils,BSZZ,21,0.995,0.25,0.03534269246466369,0.5301447863905051,0.033252736659214514
commons-beanutils,BSZZ,21,0.999,0.0,-0.003454950493630326,0.40356960788516755,0.029101421386711932
commons-beanutils,BSZZ,21,0.999,0.05,-0.003633347248895228,0.4244079697381022,0.029101421386711932
commons-beanutils,BSZZ,21,0.999,0.1,-0.0005896253198722076,0.44832914621424985,0.029101421386711932
commons-beanutils,BSZZ,21,0.999,0.25,0.023355463893496946,0.519926104413915,0.029101421386711932
commons-beanutils,BSZZ,42,0.9,0.0,0.07131054344973387,0.48106878059817876,0.001705830668781619
commons-beanutils,BSZZ,42,0.9,0.05,0.07499267133870462,0.505908820904453,0.001705830668781619
commons-beanutils,BSZZ,42,0.9,0.1,0.08491048945069316,0.5344236817190676,0.001705830668781619
commons-beanutils,BSZZ,42,0.9,0.25,0.07911476879825986,0.5321899237153483,0.001705830668781619
commons-beanutils,BSZZ,42,0.95,0.0,0.0695263587535836,0.4887109956071822,0.019193401745691056
commons-beanutils,BSZZ,42,0.95,0.05,0.07311636006616105,0.5139456425404274,0.019193401745691056
commons-beanutils,BSZZ,42,0.95,0.1,0.08194238759985778,0.5429134878472515,0.019193401745691056
commons-beanutils,BSZZ,42,0.95,0.25,0.08382698101138443,0.5479032159686298,0.019193401745691056
commons-beanutils,BSZZ,42,0.99,0.0,0.06513461131459053,0.4978046192697303,0.0345246971906069
commons-beanutils,BSZZ,42,0.99,0.05,0.06849784425682412,0.5235088164781501,0.0345246971906069
commons-beanutils,BSZZ,42,0.99,0.1,0.0759918085901425,0.5530156770432821,0.0345246971906069
commons-beanutils,BSZZ,42,0.99,0.25,0.08815592955163058,0.5718402297768752,0.0345246971906069
commons-beanutils,BSZZ,42,0.995,0.0,0.06613039234971747,0.5022492849879815,0.041901955205030005
commons-beanutils,BSZZ,42,0.995,0.05,0.0695450425571039,0.528182983008015,0.041901955205030005
commons-beanutils,BSZZ,42,0.995,0.1,0.0769487826303139,0.5579532965957394,0.041901955205030005
commons-beanutils,BSZZ,42,0.995,0.25,0.09138413609369049,0.5803776079422396,0.041901955205030005
commons-beanutils,BSZZ,42,0.999,0.0,0.06522330302817736,0.5044667465739853,0.06108980777065674
commons-beanutils,BSZZ,42,0.999,0.05,0.06859111557696448,0.530514943471093,0.06108980777065674
commons-beanutils,BSZZ,42,0.999,0.1,0.07581981929884513,0.5604166948303727,0.06108980777065674
commons-beanutils,BSZZ,42,0.999,0.25,0.09175238277198858,0.5856806838999441,0.06108980777065674
commons-beanutils,BSZZ,77,0.9,0.0,0.05310598962168929,0.46850751640715127,0.0017054933686480491
commons-beanutils,BSZZ,77,0.9,0.05,0.05584812333709495,0.49269895443161693,0.0017054933686480491
commons-beanutils,BSZZ,77,0.9,0.1,0.05356185372713036,0.5039392955069012,0.0017054933686480491
commons-beanutils,BSZZ,77,0.9,0.25,0.038983887305617276,0.474353351969047,0.0017054933686480491
commons-beanutils,BSZZ,77,0.95,0.0,0.05240968467674513,0.4883773578856876,0.019144686452448233
commons-beanutils,BSZZ,77,0.95,0.05,0.055115864608418705,0.5135947773978574,0.019144686452448233
commons-beanutils,BSZZ,77,0.95,0.1,0.05346135799983013,0.5256244915325771,0.019144686452448233
commons-beanutils,BSZZ,77,0.95,0.25,0.03859200004941926,0.49759935093676355,0.019144686452448233
commons-beanutils,BSZZ,77,0.99,0.0,0.0499345739999378,0.5110473572743973,0.02308439117701543
commons-beanutils,BSZZ,77,0.99,0.05,0.05251295131490878,0.5374353447412337,0.02308439117701543
commons-beanutils,BSZZ,77,0.99,0.1,0.051982901906315424,0.5510231156902048,0.02308439117701543
commons-beanutils,BSZZ,77,0.99,0.25,0.03589184452373964,0.5232342619773717,0.02308439117701543
commons-beanutils,BSZZ,77,0.995,0.0,0.05312005004302723,0.5188249669405233,0.01786034275275578
commons-beanutils,BSZZ,77,0.995,0.05,0.055862909769861684,0.5456145521525985,0.01786034275275578
commons-beanutils,BSZZ,77,0.995,0.1,0.05570765046956498,0.5597235637544041,0.01786034275275578
commons-beanutils,BSZZ,77,0.995,0.25,0.04070330154213963,0.5332687227496556,0.01786034275275578
commons-beanutils,BSZZ,77,0.999,0.0,0.058029565837933984,0.5271677543658472,0.02767722714359521
commons-beanutils,BSZZ,77,0.999,0.05,0.061025928962095806,0.5543881203399873,0.02767722714359521
commons-beanutils,BSZZ,77,0.999,0.1,0.0613108877533278,0.5690428413124878,0.02767722714359521
commons-beanutils,BSZZ,77,0.999,0.25,0.047853224342932175,0.544231493694855,0.02767722714359521
commons-beanutils,BSZZ,101,0.9,0.0,0.08320431627780164,0.5025885534362122,0.0016798233841271689
commons-beanutils,BSZZ,101,0.9,0.05,0.08750058045737832,0.5285397696205261,0.0016798233841271689
commons-beanutils,BSZZ,101,0.9,0.1,0.09781162629197897,0.5583301929991376,0.0016798233841271689
commons-beanutils,BSZZ,101,0.9,0.25,0.0812464747992518,0.5462127403504944,0.0016798233841271689
commons-beanutils,BSZZ,101,0.95,0.0,0.08552266826183336,0.5113571865897046,0.018738423920984265
commons-beanutils,BSZZ,101,0.95,0.05,0.08993864080547362,0.5377611721278994,0.018738423920984265
commons-beanutils,BSZZ,101,0.95,0.1,0.09952930826601263,0.5680713472841992,0.018738423920984265
commons-beanutils,BSZZ,101,0.95,0.25,0.09165631779302988,0.5650560499271613,0.018738423920984265
commons-beanutils,BSZZ,101,0.99,0.0,0.08715092352478818,0.5209032436362608,0.04015267494610715
commons-beanutils,BSZZ,101,0.99,0.05,0.09165097121109393,0.54780014089803,0.04015267494610715
commons-beanutils,BSZZ,101,0.99,0.1,0.10036534175109361,0.5786761488395553,0.04015267494610715
commons-beanutils,BSZZ,101,0.99,0.25,0.11030574233919542,0.5946920510012194,0.04015267494610715
commons-beanutils,BSZZ,101,0.995,0.0,0.09047774591604504,0.5266653557406884,0.054735109846318575
commons-beanutils,BSZZ,101,0.995,0.05,0.09514957444871519,0.5538597803056121,0.054735109846318575
commons-beanutils,BSZZ,101,0.995,0.1,0.10392167479424808,0.5850773315592012,0.054735109846318575
commons-beanutils,BSZZ,101,0.995,0.25,0.11773304667840294,0.6058284169635337,0.054735109846318575
commons-beanutils,BSZZ,101,0.999,0.0,0.09187232676653165,0.5309400875591656,0.08139155059423173
commons-beanutils,BSZZ,101,0.999,0.05,0.0966161646374369,0.5583552383797765,0.08139155059423173
commons-beanutils,BSZZ,101,0.999,0.1,0.10535694310389851,0.5898261699975458,0.08139155059423173
commons-beanutils,BSZZ,101,0.999,0.25,0.12201225199381396,0.6145335961516227,0.08139155059423173
commons-beanutils,BSZZ,123,0.9,0.0,0.06948209726967502,0.4689884211615143,0.001705491467968344
commons-beanutils,BSZZ,123,0.9,0.05,0.07306981313557907,0.4932046907567732,0.001705491467968344
commons-beanutils,BSZZ,123,0.9,0.1,0.07135385700607522,0.5036989550124464,0.001705491467968344
commons-beanutils,BSZZ,123,0.9,0.25,0.07285415448211419,0.5245028262584708,0.001705491467968344
commons-beanutils,BSZZ,123,0.95,0.0,0.0696232912109598,0.4955500589198357,0.01919159315678673
commons-beanutils,BSZZ,123,0.95,0.05,0.07321829764181831,0.5211378416523572,0.01919159315678673
commons-beanutils,BSZZ,123,0.95,0.1,0.07236333364080998,0.5331547286842117,0.01919159315678673
commons-beanutils,BSZZ,123,0.95,0.25,0.07561440323187858,0.5420421025139678,0.01919159315678673
commons-beanutils,BSZZ,123,0.99,0.0,0.06846965231569174,0.5217795095609501,0.04510048737235681
commons-beanutils,BSZZ,123,0.99,0.05,0.07200509047312849,0.5487216529117738,0.04510048737235681
commons-beanutils,BSZZ,123,0.99,0.1,0.07249470712755365,0.5627447723143382,0.04510048737235681
commons-beanutils,BSZZ,123,0.99,0.25,0.07638769651389575,0.5629703001242882,0.04510048737235681
commons-beanutils,BSZZ,123,0.995,0.0,0.06872288382238198,0.5263055145377401,0.04851445668304685
commons-beanutils,BSZZ,123,0.995,0.05,0.07227139761699722,0.5534813586618919,0.04851445668304685
commons-beanutils,BSZZ,123,0.995,0.1,0.07297467700484535,0.5678564356704827,0.04851445668304685
commons-beanutils,BSZZ,123,0.995,0.25,0.07716785177426057,0.5678825342110795,0.04851445668304685
commons-beanutils,BSZZ,123,0.999,0.0,0.06865131387041119,0.5302958023492559,0.05893234222038703
commons-beanutils,BSZZ,123,0.999,0.05,0.07219613214254945,0.557677685430973,0.05893234222038703
commons-beanutils,BSZZ,123,0.999,0.1,0.07305347576775022,0.5723579868882491,0.05893234222038703
commons-beanutils,BSZZ,123,0.999,0.25,0.07742608561580881,0.5724039780914713,0.05893234222038703
commons-beanutils,BSZZ,202,0.9,0.0,0.06399091772655785,0.42952829755095157,0.0025228527682856945
commons-beanutils,BSZZ,202,0.9,0.05,0.06729509592242142,0.45170703924893535,0.0025228527682856945
commons-beanutils,BSZZ,202,0.9,0.1,0.07660267652934599,0.477166890552057,0.0025228527682856945
commons-beanutils,BSZZ,202,0.9,0.25,0.08402236334076796,0.5314362939471645,0.0025228527682856945
commons-beanutils,BSZZ,202,0.95,0.0,0.058743787440787405,0.4391489756639033,0.021621262652975367
commons-beanutils,BSZZ,202,0.95,0.05,0.06177702947731689,0.46182448215257305,0.021621262652975367
commons-beanutils,BSZZ,202,0.95,0.1,0.06977154159701542,0.48785458932844533,0.021621262652975367
commons-beanutils,BSZZ,202,0.95,0.25,0.08446352982821854,0.5452521639622709,0.021621262652975367
commons-beanutils,BSZZ,202,0.99,0.0,0.051833124548487874,0.4526653264006636,0.04034877466934542
commons-beanutils,BSZZ,202,0.99,0.05,0.05450953373343561,0.4760387511717823,0.04034877466934542
commons-beanutils,BSZZ,202,0.99,0.1,0.061082355168984345,0.5028700262378282,0.04034877466934542
commons-beanutils,BSZZ,202,0.99,0.25,0.0854958300406275,0.5677290109490757,0.04034877466934542
commons-beanutils,BSZZ,202,0.995,0.0,0.0531761661871275,0.4577192009312524,0.04692278464080436
commons-beanutils,BSZZ,202,0.995,0.05,0.05592192347734061,0.4813535830791656,0.04692278464080436
commons-beanutils,BSZZ,202,0.995,0.1,0.06243549038790609,0.5084844213981731,0.04692278464080436
commons-beanutils,BSZZ,202,0.995,0.25,0.08891883972868478,0.5761051131605963,0.04692278464080436
commons-beanutils,BSZZ,202,0.999,0.0,0.052385139133784835,0.460540826141589,0.06194639204156956
commons-beanutils,BSZZ,202,0.999,0.05,0.055090051653601604,0.48432090322291016,0.06194639204156956
commons-beanutils,BSZZ,202,0.999,0.1,0.06144387789739772,0.5116189904954743,0.06194639204156956
commons-beanutils,BSZZ,202,0.999,0.25,0.08911223329273091,0.5814332269392711,0.06194639204156956
commons-beanutils,BSZZ,314,0.9,0.0,0.09232939959109558,0.4837664636702167,0.001480015123156749
commons-beanutils,BSZZ,314,0.9,0.05,0.09709683846843274,0.5087457991437219,0.001480015123156749
commons-beanutils,BSZZ,314,0.9,0.1,0.10794876430002005,0.5374205623681861,0.001480015123156749
commons-beanutils,BSZZ,314,0.9,0.25,0.09197902808988266,0.520373576387879,0.001480015123156749
commons-beanutils,BSZZ,314,0.95,0.0,0.08915321781029323,0.49699810313629866,0.017655560563303453
commons-beanutils,BSZZ,314,0.95,0.05,0.09375665418603986,0.5226606557939388,0.017655560563303453
commons-beanutils,BSZZ,314,0.95,0.1,0.10356251876439258,0.5521197109386882,0.017655560563303453
commons-beanutils,BSZZ,314,0.95,0.25,0.09575100111509731,0.5452084656818361,0.017655560563303453
commons-beanutils,BSZZ,314,0.99,0.0,0.08510791501996601,0.5158423372445808,0.03325461272496966
commons-beanutils,BSZZ,314,0.99,0.05,0.08950247173356149,0.5424779140386212,0.03325461272496966
commons-beanutils,BSZZ,314,0.99,0.1,0.09809574503028208,0.5730539419207981,0.03325461272496966
commons-beanutils,BSZZ,314,0.99,0.25,0.10721433906402264,0.5873855546747706,0.03325461272496966
commons-beanutils,BSZZ,314,0.995,0.0,0.08798561821360733,0.5231457265695802,0.044877043810918824
commons-beanutils,BSZZ,314,0.995,0.05,0.09252876545355264,0.5501584146884915,0.044877043810918824
commons-beanutils,BSZZ,314,0.995,0.1,0.10115314747390364,0.5811673435163883,0.044877043810918824
commons-beanutils,BSZZ,314,0.995,0.25,0.11408873676442224,0.6006235178159763,0.044877043810918824
commons-beanutils,BSZZ,314,0.999,0.0,0.08957870702837699,0.5286204695606563,0.07286589803085157
commons-beanutils,BSZZ,314,0.999,0.05,0.09420411358750144,0.5559158466464045,0.07286589803085157
commons-beanutils,BSZZ,314,0.999,0.1,0.10280894008569395,0.5872492852755654,0.07286589803085157
commons-beanutils,BSZZ,314,0.999,0.25,0.11866975281228347,0.610971962712846,0.07286589803085157
commons-beanutils,BSZZ,999,0.9,0.0,0.03254363347899462,0.40580801287260954,0.0018404180777938926
commons-beanutils,BSZZ,999,0.9,0.05,0.03422402763453652,0.4267619550174948,0.0018404180777938926
commons-beanutils,BSZZ,999,0.9,0.1,0.04136865906993335,0.4508158106639354,0.0018404180777938926
commons-beanutils,BSZZ,999,0.9,0.25,0.05951827555553868,0.508339482942894,0.0018404180777938926
commons-beanutils,BSZZ,999,0.95,0.0,0.038680366503007116,0.42776707324635227,0.020948538208083674
commons-beanutils,BSZZ,999,0.95,0.05,0.0406776315547975,0.4498548739303292,0.020948538208083674
commons-beanutils,BSZZ,999,0.95,0.1,0.04732962718962173,0.4752103304609476,0.020948538208083674
commons-beanutils,BSZZ,999,0.95,0.25,0.07122735688889632,0.5369558330508839,0.020948538208083674
commons-beanutils,BSZZ,999,0.99,0.0,0.0379199197510845,0.44064179373572143,0.0862176278825993
commons-beanutils,BSZZ,999,0.99,0.05,0.03987791904976355,0.46339438205253997,0.0862176278825993
commons-beanutils,BSZZ,999,0.99,0.1,0.045569152924400017,0.4895129744955013,0.0862176278825993
commons-beanutils,BSZZ,999,0.99,0.25,0.07417916761773855,0.5572629705181177,0.0862176278825993
commons-beanutils,BSZZ,999,0.995,0.0,0.0266344168827913,0.4310635231278102,0.089330015322029
commons-beanutils,BSZZ,999,0.995,0.05,0.028009687978288275,0.4533215363702101,0.089330015322029
commons-beanutils,BSZZ,999,0.995,0.1,0.032901632245210186,0.4788723866019856,0.089330015322029
commons-beanutils,BSZZ,999,0.995,0.25,0.059727135525246486,0.5458426181637943,0.089330015322029
commons-beanutils,BSZZ,999,0.999,0.0,0.010780477082758134,0.4184676191826988,0.07242449824536414
commons-beanutils,BSZZ,999,0.999,0.05,0.01133712822300382,0.4400752415157126,0.07242449824536414
commons-beanutils,BSZZ,999,0.999,0.1,0.015182654478384036,0.46487948240114363,0.07242449824536414
commons-beanutils,BSZZ,999,0.999,0.25,0.03901408705530108,0.530347635924142,0.07242449824536414
commons-beanutils,AGSZZ,7,0.9,0.0,0.01630750947611842,0.3540542197432391,-0.0005072825044366261
commons-beanutils,AGSZZ,7,0.9,0.05,0.01714954955233796,0.372335848989878,-0.0005072825044366261
commons-beanutils,AGSZZ,7,0.9,0.1,0.023785745446913552,0.39332205138748927,-0.0005072825044366261
commons-beanutils,AGSZZ,7,0.9,0.25,0.015331846985388009,0.3724742072514831,-0.0005072825044366261
commons-beanutils,AGSZZ,7,0.95,0.0,0.005338126766032584,0.36943504850372244,-0.008305318275866586
commons-beanutils,AGSZZ,7,0.95,0.05,0.005613761538805353,0.3885108685641556,-0.008305318275866586
commons-beanutils,AGSZZ,7,0.95,0.1,0.010565358470009233,0.4104087538832262,-0.008305318275866586
commons-beanutils,AGSZZ,7,0.95,0.25,0.007134958802588799,0.3962866163597373,-0.008305318275866586
commons-beanutils,AGSZZ,7,0.99,0.0,0.004572600840365134,0.4360801799848163,-0.028510635602055658
commons-beanutils,AGSZZ,7,0.99,0.05,0.004808707596322027,0.45859722886527154,-0.028510635602055658
commons-beanutils,AGSZZ,7,0.99,0.1,0.008598100817064172,0.48444543631040504,-0.028510635602055658
commons-beanutils,AGSZZ,7,0.99,0.25,0.012336410846363288,0.49447302079745936,-0.028510635602055658
commons-beanutils,AGSZZ,7,0.995,0.0,0.004605775726004009,0.4404588687236877,-0.020622670595908218
commons-beanutils,AGSZZ,7,0.995,0.05,0.004843595470892341,0.46320201168704506,-0.020622670595908218
commons-beanutils,AGSZZ,7,0.995,0.1,0.00848273921883108,0.48930976143667854,-0.020622670595908218
commons-beanutils,AGSZZ,7,0.995,0.25,0.01338775822534979,0.5023854626984526,-0.020622670595908218
commons-beanutils,AGSZZ,7,0.999,0.0,0.002576839515806153,0.4398362934714151,-0.006541568020754654
commons-beanutils,AGSZZ,7,0.999,0.05,0.002709894912491496,0.4625472896919701,-0.006541568020754654
commons-beanutils,AGSZZ,7,0.999,0.1,0.00610584251478387,0.4886181369291539,-0.006541568020754654
commons-beanutils,AGSZZ,7,0.999,0.25,0.011531430449174613,0.5034266681374977,-0.006541568020754654
commons-beanutils,AGSZZ,13,0.9,0.0,0.0413227302234585,0.45795989306492013,0.0009699150564821043
commons-beanutils,AGSZZ,13,0.9,0.05,0.04345643402157167,0.48160670337808303,0.0009699150564821043
commons-beanutils,AGSZZ,13,0.9,0.1,0.05157538158623135,0.508751808477575,0.0009699150564821043
commons-beanutils,AGSZZ,13,0.9,0.25,0.03967713262549935,0.5029172990078448,0.0009699150564821043
commons-beanutils,AGSZZ,13,0.95,0.0,0.036902238600992766,0.4673393990274367,0.015075840529380746
commons-beanutils,AGSZZ,13,0.95,0.05,0.03880768981963267,0.4914705211803164,0.015075840529380746
commons-beanutils,AGSZZ,13,0.95,0.1,0.045630217253937726,0.5191715869195705,0.015075840529380746
commons-beanutils,AGSZZ,13,0.95,0.25,0.041378466658293866,0.5197627497011236,0.015075840529380746
commons-beanutils,AGSZZ,13,0.99,0.0,0.021836360893446014,0.4573510858622918,0.006032941542792314
commons-beanutils,AGSZZ,13,0.99,0.05,0.02296388383114547,0.480966460347436,0.006032941542792314
commons-beanutils,AGSZZ,13,0.99,0.1,0.027776568803304934,0.5080754790215642,0.006032941542792314
commons-beanutils,AGSZZ,13,0.99,0.25,0.03071757098232678,0.5176983886367531,0.006032941542792314
commons-beanutils,AGSZZ,13,0.995,0.0,0.02091900179526199,0.4584106051493747,-0.0038342245467720406
commons-beanutils,AGSZZ,13,0.995,0.05,0.02199915679329617,0.4820806880314422,-0.0038342245467720406
commons-beanutils,AGSZZ,13,0.995,0.1,0.026605250361224943,0.509252508629578,-0.0038342245467720406
commons-beanutils,AGSZZ,13,0.995,0.25,0.031154179662792256,0.5216152192201202,-0.0038342245467720406
commons-beanutils,AGSZZ,13,0.999,0.0,0.02156129782199921,0.46052321083459075,0.0055558645422462164
commons-beanutils,AGSZZ,13,0.999,0.05,0.022674617847231526,0.48430237834756446,0.0055558645422462164
commons-beanutils,AGSZZ,13,0.999,0.1,0.027195849833118332,0.5115994214907909,0.0055558645422462164
commons-beanutils,AGSZZ,13,0.999,0.25,0.03338506429511018,0.5266750990785056,0.0055558645422462164
commons-beanutils,AGSZZ,21,0.9,0.0,0.09603109512267546,0.5513928596098868,0.0018125494387174453
commons-beanutils,AGSZZ,21,0.9,0.05,0.10098967146291687,0.5798640916035127,0.0018125494387174453
commons-beanutils,AGSZZ,21,0.9,0.1,0.11235140150154328,0.6125473404029834,0.0018125494387174453
commons-beanutils,AGSZZ,21,0.9,0.25,0.10434970925768482,0.6225650604245523,0.0018125494387174453
commons-beanutils,AGSZZ,21,0.95,0.0,0.09405351314385205,0.5545539796194123,0.022152484155387356
commons-beanutils,AGSZZ,21,0.95,0.05,0.09890997681737282,0.5831884363983838,0.022152484155387356
commons-beanutils,AGSZZ,21,0.95,0.1,0.10912008770064141,0.6160590573590199,0.022152484155387356
commons-beanutils,AGSZZ,21,0.95,0.25,0.11208319761886183,0.6324876268182512,0.022152484155387356
commons-beanutils,AGSZZ,21,0.99,0.0,0.08890378928524896,0.5289923938820156,0.08353153743300654
commons-beanutils,AGSZZ,21,0.99,0.05,0.09349434639119986,0.5563069753217066,0.08353153743300654
commons-beanutils,AGSZZ,21,0.99,0.1,0.1022823847076533,0.5876624593852936,0.08353153743300654
commons-beanutils,AGSZZ,21,0.99,0.25,0.11746079570798966,0.6108386521316075,0.08353153743300654
commons-beanutils,AGSZZ,21,0.995,0.0,0.08589673755718247,0.5238340917880513,0.09586333900544214
commons-beanutils,AGSZZ,21,0.995,0.05,0.09033202521073752,0.5508823237220299,0.09586333900544214
commons-beanutils,AGSZZ,21,0.995,0.1,0.09878960772583115,0.5819320546954534,0.09586333900544214
commons-beanutils,AGSZZ,21,0.995,0.25,0.11553081483246114,0.6066585185212267,0.09586333900544214
commons-beanutils,AGSZZ,21,0.999,0.0,0.08000737853231382,0.5191165484266946,0.1021312832698944
commons-beanutils,AGSZZ,21,0.999,0.05,0.08413856847374139,0.5459211894814293,0.1021312832698944
commons-beanutils,AGSZZ,21,0.999,0.1,0.09212413222221329,0.5766912928885645,0.1021312832698944
commons-beanutils,AGSZZ,21,0.999,0.25,0.10939076752134724,0.6027827335093559,0.1021312832698944
commons-beanutils,AGSZZ,42,0.9,0.0,0.053998719332758155,0.4028038214052854,-0.0002229509182260509
commons-beanutils,AGSZZ,42,0.9,0.05,0.05678694924666994,0.4236026417876582,-0.0002229509182260509
commons-beanutils,AGSZZ,42,0.9,0.1,0.054787127894785057,0.43130086717092514,-0.0002229509182260509
commons-beanutils,AGSZZ,42,0.9,0.25,0.026277479882056913,0.3769389191319192,-0.0002229509182260509
commons-beanutils,AGSZZ,42,0.95,0.0,0.04988530779754335,0.4280841009788721,-0.005833979172779662
commons-beanutils,AGSZZ,42,0.95,0.05,0.05246114124664198,0.4501882714252854,-0.005833979172779662
commons-beanutils,AGSZZ,42,0.95,0.1,0.050821172616044234,0.4589370344832308,-0.005833979172779662
commons-beanutils,AGSZZ,42,0.95,0.25,0.02565947065163854,0.4101008927894947,-0.005833979172779662
commons-beanutils,AGSZZ,42,0.99,0.0,0.066900710730123,0.5251083597928051,-0.009548130254063645
commons-beanutils,AGSZZ,42,0.99,0.05,0.0703551364132619,0.5522223886977692,-0.009548130254063645
commons-beanutils,AGSZZ,42,0.99,0.1,0.07085997615379179,0.5667151440993619,-0.009548130254063645
commons-beanutils,AGSZZ,42,0.99,0.25,0.05465533675229088,0.5383370941101345,-0.009548130254063645
commons-beanutils,AGSZZ,42,0.995,0.0,0.07677143893783726,0.5410435617099277,0.009114597437991586
commons-beanutils,AGSZZ,42,0.995,0.05,0.08073554077627983,0.5689804065486503,0.009114597437991586
commons-beanutils,AGSZZ,42,0.995,0.1,0.08199611987493331,0.5844423871374268,0.009114597437991586
commons-beanutils,AGSZZ,42,0.995,0.25,0.0691095278557775,0.5597274041429162,0.009114597437991586
commons-beanutils,AGSZZ,42,0.999,0.0,0.08670563343345353,0.5548851089026592,0.03899985534948342
commons-beanutils,AGSZZ,42,0.999,0.05,0.0911826885160759,0.5835366635792165,0.03899985534948342
commons-beanutils,AGSZZ,42,0.999,0.1,0.09317005592122486,0.5998415102890639,0.03899985534948342
commons-beanutils,AGSZZ,42,0.999,0.25,0.08348482470995361,0.5783750145519193,0.03899985534948342
commons-beanutils,AGSZZ,77,0.9,0.0,0.08596254231945136,0.4183786364825964,-0.0005064878714240535
commons-beanutils,AGSZZ,77,0.9,0.05,0.09040122780926811,0.43998166418393536,-0.0005064878714240535
commons-beanutils,AGSZZ,77,0.9,0.1,0.10065200267157798,0.4647806307106662,-0.0005064878714240535
commons-beanutils,AGSZZ,77,0.9,0.25,0.10212093523089281,0.4545083292544744,-0.0005064878714240535
commons-beanutils,AGSZZ,77,0.95,0.0,0.07757572682588162,0.44315484212578526,-0.00781340637824383
commons-beanutils,AGSZZ,77,0.95,0.05,0.0815813581594039,0.466037191977375,-0.00781340637824383
commons-beanutils,AGSZZ,77,0.95,0.1,0.09059227321336338,0.4923047427979178,-0.00781340637824383
commons-beanutils,AGSZZ,77,0.95,0.25,0.09877102028332872,0.49148254919018974,-0.00781340637824383
commons-beanutils,AGSZZ,77,0.99,0.0,0.08202820957291228,0.5195597035575266,0.05395901809731364
commons-beanutils,AGSZZ,77,0.99,0.05,0.08626374535120379,0.5463872269770202,0.05395901809731364
commons-beanutils,AGSZZ,77,0.99,0.1,0.09467869976103109,0.5771835979520886,0.05395901809731364
commons-beanutils,AGSZZ,77,0.99,0.25,0.11308414805076228,0.6032168404211659,0.05395901809731364
commons-beanutils,AGSZZ,77,0.995,0.0,0.07652513446249591,0.513869677667543,0.08762132434578677
commons-beanutils,AGSZZ,77,0.995,0.05,0.08047651834179863,0.5404033959636295,0.08762132434578677
commons-beanutils,AGSZZ,77,0.995,0.1,0.08843630577694263,0.5708624964633977,0.08762132434578677
commons-beanutils,AGSZZ,77,0.995,0.25,0.10722773132073074,0.5979815517027949,0.08762132434578677
commons-beanutils,AGSZZ,77,0.999,0.0,0.0642938926573238,0.5029396272033636,0.09829133102441455
commons-beanutils,AGSZZ,77,0.999,0.05,0.06761371499763312,0.5289089711209212,0.09829133102441455
commons-beanutils,AGSZZ,77,0.999,0.1,0.07474192187691887,0.5587202040386459,0.09829133102441455
commons-beanutils,AGSZZ,77,0.999,0.25,0.09218079682102061,0.5855587402658533,0.09829133102441455
commons-beanutils,AGSZZ,101,0.9,0.0,0.026877097654073236,0.36196334375232037,-0.0004640346586144097
commons-beanutils,AGSZZ,101,0.9,0.05,0.028264899598345525,0.38065336150200985,-0.0004640346586144097
commons-beanutils,AGSZZ,101,0.9,0.1,0.024288687930518815,0.38517918665036777,-0.0004640346586144097
commons-beanutils,AGSZZ,101,0.9,0.25,0.03746327828743643,0.3995574502572979,-0.0004640346586144097
commons-beanutils,AGSZZ,101,0.95,0.0,0.01300563897913229,0.3831302053534306,-0.008990398475881182
commons-beanutils,AGSZZ,101,0.95,0.05,0.013677186602839644,0.4029131763699588,-0.008990398475881182
commons-beanutils,AGSZZ,101,0.95,0.1,0.009720801641722707,0.40870226228717077,-0.008990398475881182
commons-beanutils,AGSZZ,101,0.95,0.25,0.018921661647397166,0.4089900119349939,-0.008990398475881182
commons-beanutils,AGSZZ,101,0.99,0.0,0.005403331192804366,0.4499417818902637,-0.039123979700629107
commons-beanutils,AGSZZ,101,0.99,0.05,0.00568233280344831,0.4731745761358883,-0.039123979700629107
commons-beanutils,AGSZZ,101,0.99,0.1,0.0025809945270700105,0.4832978861834015,-0.039123979700629107
commons-beanutils,AGSZZ,101,0.99,0.25,0.003995882577665889,0.48105638455448646,-0.039123979700629107
commons-beanutils,AGSZZ,101,0.995,0.0,0.004383708705996441,0.45541573178456396,-0.030997605760106416
commons-beanutils,AGSZZ,101,0.995,0.05,0.004610061995462694,0.47893117404538493,-0.030997605760106416
commons-beanutils,AGSZZ,101,0.995,0.1,0.001630305040830654,0.4894414130915979,-0.030997605760106416
commons-beanutils,AGSZZ,101,0.995,0.25,0.001551430452762653,0.48620499330501477,-0.030997605760106416
commons-beanutils,AGSZZ,101,0.999,0.0,0.0012442745096859678,0.4554827851318799,-0.01666010300150181
commons-beanutils,AGSZZ,101,0.999,0.05,0.001308522763198151,0.47900168969979107,-0.01666010300150181
commons-beanutils,AGSZZ,101,0.999,0.1,-0.001712150680029635,0.4895659947000606,-0.01666010300150181
commons-beanutils,AGSZZ,101,0.999,0.25,-0.0035451434683279907,0.48454230868890896,-0.01666010300150181
commons-beanutils,AGSZZ,123,0.9,0.0,0.05026629924925613,0.49613227823563777,0.0008844406124985982
commons-beanutils,AGSZZ,123,0.9,0.05,0.05286180523458777,0.5217501239276672,0.0008844406124985982
commons-beanutils,AGSZZ,123,0.9,0.1,0.06143087477507257,0.5511578581854085,0.0008844406124985982
commons-beanutils,AGSZZ,123,0.9,0.25,0.07110335036498885,0.5679465409484957,0.0008844406124985982
commons-beanutils,AGSZZ,123,0.95,0.0,0.041083435871357724,0.4899991372510732,0.01432847880546384
commons-beanutils,AGSZZ,123,0.95,0.05,0.04320478367882886,0.515300297522213,0.01432847880546384
commons-beanutils,AGSZZ,123,0.95,0.1,0.05023966462407485,0.5443444961098286,0.01432847880546384
commons-beanutils,AGSZZ,123,0.95,0.25,0.061758054740536396,0.562187619972692,0.01432847880546384
commons-beanutils,AGSZZ,123,0.99,0.0,0.015664460010539515,0.4514903037667227,0.024783699311057297
commons-beanutils,AGSZZ,123,0.99,0.05,0.016473296155662037,0.47480305611268087,0.024783699311057297
commons-beanutils,AGSZZ,123,0.99,0.1,0.020915835787672414,0.5015646829117594,0.024783699311057297
commons-beanutils,AGSZZ,123,0.99,0.25,0.030087537254275258,0.5185029025943763,0.024783699311057297
commons-beanutils,AGSZZ,123,0.995,0.0,0.008086862814754127,0.4435058098260408,0.017021040165168932
commons-beanutils,AGSZZ,123,0.995,0.05,0.008504428880920433,0.466406281934098,0.017021040165168932
commons-beanutils,AGSZZ,123,0.995,0.1,0.01234795264902223,0.4926946360067472,0.017021040165168932
commons-beanutils,AGSZZ,123,0.995,0.25,0.02047319766124635,0.5095959549678097,0.017021040165168932
commons-beanutils,AGSZZ,123,0.999,0.0,-0.0003766908849823673,0.4348611245425621,0.013616345012395363
commons-beanutils,AGSZZ,123,0.999,0.05,-0.0003961413609711298,0.4573152273588735,0.013616345012395363
commons-beanutils,AGSZZ,123,0.999,0.1,0.0028243784018903997,0.4830911765372827,0.013616345012395363
commons-beanutils,AGSZZ,123,0.999,0.25,0.00964722017133294,0.4996537290963918,0.013616345012395363
commons-beanutils,AGSZZ,202,0.9,0.0,0.025535445702626423,0.3610982330440708,-0.00020254463383453735
commons-beanutils,AGSZZ,202,0.9,0.05,0.026853971298286993,0.37974358070555464,-0.00020254463383453735
commons-beanutils,AGSZZ,202,0.9,0.1,0.034037143691270616,0.40114730979986774,-0.00020254463383453735
commons-beanutils,AGSZZ,202,0.9,0.25,0.024777817467777786,0.3770189842001562,-0.00020254463383453735
commons-beanutils,AGSZZ,202,0.95,0.0,0.01720483047887615,0.37758423609320035,-0.005542968558947475
commons-beanutils,AGSZZ,202,0.95,0.05,0.018093203825461843,0.39708084036651536,-0.005542968558947475
commons-beanutils,AGSZZ,202,0.95,0.1,0.023748187503731814,0.41946176045990075,-0.005542968558947475
commons-beanutils,AGSZZ,202,0.95,0.25,0.01950094992958739,0.4034694103526631,-0.005542968558947475
commons-beanutils,AGSZZ,202,0.99,0.0,0.01984280577368345,0.449897351614374,-0.015034909949302634
commons-beanutils,AGSZZ,202,0.99,0.05,0.020867391269742835,0.47312785169773236,-0.015034909949302634
commons-beanutils,AGSZZ,202,0.99,0.1,0.02556191029753234,0.4997950578843318,-0.015034909949302634
commons-beanutils,AGSZZ,202,0.99,0.25,0.031224177456566225,0.5112498932197982,-0.015034909949302634
commons-beanutils,AGSZZ,202,0.995,0.0,0.020204364108320307,0.45490168906514783,-0.004386191380357928
commons-beanutils,AGSZZ,202,0.995,0.05,0.021247618709438393,0.47839058867264256,-0.004386191380357928
commons-beanutils,AGSZZ,202,0.995,0.1,0.02581135285809518,0.5053544218523734,-0.004386191380357928
commons-beanutils,AGSZZ,202,0.995,0.25,0.033056112726415635,0.520317509373104,-0.004386191380357928
commons-beanutils,AGSZZ,202,0.999,0.0,0.017603465338283265,0.4540879442009771,0.011268040815566968
commons-beanutils,AGSZZ,202,0.999,0.05,0.018512422240432144,0.47753482600137176,0.011268040815566968
commons-beanutils,AGSZZ,202,0.999,0.1,0.02279905774666299,0.5044504252850855,0.011268040815566968
commons-beanutils,AGSZZ,202,0.999,0.25,0.03068578462967804,0.5213473650525183,0.011268040815566968
commons-beanutils,AGSZZ,314,0.9,0.0,0.03462598850225686,0.3857283337158435,-0.0001890703479269695
commons-beanutils,AGSZZ,314,0.9,0.05,0.0364139052923906,0.4056454593810332,-0.0001890703479269695
commons-beanutils,AGSZZ,314,0.9,0.1,0.04413591032867826,0.4285091125461461,-0.0001890703479269695
commons-beanutils,AGSZZ,314,0.9,0.25,0.032760695647991715,0.4015508193358459,-0.0001890703479269695
commons-beanutils,AGSZZ,314,0.95,0.0,0.02053404757564712,0.3927987826278335,-0.0052940109581613255
commons-beanutils,AGSZZ,314,0.95,0.05,0.021594325419484313,0.413080991713608,-0.0052940109581613255
commons-beanutils,AGSZZ,314,0.95,0.1,0.027446645042144655,0.4363637385192841,-0.0052940109581613255
commons-beanutils,AGSZZ,314,0.95,0.25,0.01928282793272799,0.41541300285594496,-0.0052940109581613255
commons-beanutils,AGSZZ,314,0.99,0.0,0.01703433540397369,0.4509972327854787,-0.01595844263936021
commons-beanutils,AGSZZ,314,0.99,0.05,0.017913905218292468,0.4742845253561575,-0.01595844263936021
commons-beanutils,AGSZZ,314,0.99,0.1,0.022441955032272958,0.5010169258762318,-0.01595844263936021
commons-beanutils,AGSZZ,314,0.99,0.25,0.02401740438221328,0.5070495116335045,-0.01595844263936021
commons-beanutils,AGSZZ,314,0.995,0.0,0.018715869337344062,0.4567450291473094,-0.006859732151967011
commons-beanutils,AGSZZ,314,0.995,0.05,0.019682265344435842,0.4803291098261721,-0.006859732151967011
commons-beanutils,AGSZZ,314,0.995,0.1,0.024157770485247032,0.5074022051072836,-0.006859732151967011
commons-beanutils,AGSZZ,314,0.995,0.25,0.028001982996919722,0.5176627178161867,-0.006859732151967011
commons-beanutils,AGSZZ,314,0.999,0.0,0.01835609951457787,0.45774988618710943,0.008392528038516452
commons-beanutils,AGSZZ,314,0.999,0.05,0.019303918766621485,0.48138585277164186,0.008392528038516452
commons-beanutils,AGSZZ,314,0.999,0.1,0.02363516589523755,0.5085185099278615,0.008392528038516452
commons-beanutils,AGSZZ,314,0.999,0.25,0.0289569356865207,0.521572730162182,0.008392528038516452
commons-beanutils,AGSZZ,999,0.9,0.0,0.019603106551796968,0.3544276800007877,-0.0004639697221815814
commons-beanutils,AGSZZ,999,0.9,0.05,0.020615315151717637,0.37272859290960636,-0.0004639697221815814
commons-beanutils,AGSZZ,999,0.9,0.1,0.027446854198258274,0.39373693178269326,-0.0004639697221815814
commons-beanutils,AGSZZ,999,0.9,0.25,0.0194851633459856,0.3710448539220994,-0.0004639697221815814
commons-beanutils,AGSZZ,999,0.95,0.0,0.010096016156819192,0.37249159779493785,-0.00897838213988308
commons-beanutils,AGSZZ,999,0.95,0.05,0.010617325080579217,0.39172524311997764,-0.00897838213988308
commons-beanutils,AGSZZ,999,0.95,0.1,0.015850941047773993,0.4138043022776491,-0.00897838213988308
commons-beanutils,AGSZZ,999,0.95,0.25,0.011286088078733587,0.39841762017370314,-0.00897838213988308
commons-beanutils,AGSZZ,999,0.99,0.0,0.013581571682934413,0.44676324971608367,-0.03335466738010474
commons-beanutils,AGSZZ,999,0.99,0.05,0.014282857656235676,0.4698319200972927,-0.03335466738010474
commons-beanutils,AGSZZ,999,0.99,0.1,0.018606248425809324,0.49631335559368567,-0.03335466738010474
commons-beanutils,AGSZZ,999,0.99,0.25,0.021848576580451036,0.5061543336002736,-0.03335466738010474
commons-beanutils,AGSZZ,999,0.995,0.0,0.01603852608537557,0.4540450296619118,-0.02160913667267206
commons-beanutils,AGSZZ,999,0.995,0.05,0.0168666771741213,0.4774896955652807,-0.02160913667267206
commons-beanutils,AGSZZ,999,0.995,0.1,0.021183485527151127,0.5044027511335056,-0.02160913667267206
commons-beanutils,AGSZZ,999,0.995,0.25,0.026380120875182267,0.5179850534298739,-0.02160913667267206
commons-beanutils,AGSZZ,999,0.999,0.0,0.016798405122216944,0.45677004291284984,-0.000657570514185182
commons-beanutils,AGSZZ,999,0.999,0.05,0.017665792650042256,0.4803554151802948,-0.000657570514185182
commons-beanutils,AGSZZ,999,0.999,0.1,0.021904709033905675,0.5074299931268204,-0.000657570514185182
commons-beanutils,AGSZZ,999,0.999,0.25,0.028479995505324825,0.5235741423815915,-0.000657570514185182
commons-beanutils,MASZZ,7,0.9,0.0,0.04088663303774684,0.38844917777599414,-0.0005015433465475878
commons-beanutils,MASZZ,7,0.9,0.05,0.04299781890888695,0.4085067945286272,-0.0005015433465475878
commons-beanutils,MASZZ,7,0.9,0.1,0.05111229079301303,0.4315317229475134,-0.0005015433465475878
commons-beanutils,MASZZ,7,0.9,0.25,0.055110381841922455,0.4244403332391807,-0.0005015433465475878
commons-beanutils,MASZZ,7,0.95,0.0,0.030234849540149985,0.40400286654331297,-0.007809673188785734
commons-beanutils,MASZZ,7,0.95,0.05,0.03179602937871195,0.4248635997555322,-0.007809673188785734
commons-beanutils,MASZZ,7,0.95,0.1,0.03829309281911609,0.44881045719629864,-0.007809673188785734
commons-beanutils,MASZZ,7,0.95,0.25,0.0460290511441222,0.44748280778233723,-0.007809673188785734
commons-beanutils,MASZZ,7,0.99,0.0,0.026936654386871713,0.4611832783856127,0.014854809069577165
commons-beanutils,MASZZ,7,0.99,0.05,0.028327531549705014,0.4849965285604292,0.014854809069577165
commons-beanutils,MASZZ,7,0.99,0.1,0.033557350984985766,0.5123326965338352,0.014854809069577165
commons-beanutils,MASZZ,7,0.99,0.25,0.045627506594304486,0.5319226588826046,0.014854809069577165
commons-beanutils,MASZZ,7,0.995,0.0,0.020701726977731615,0.4565815856431987,0.029700887803161286
commons-beanutils,MASZZ,7,0.995,0.05,0.021770662966254753,0.4801572268984413,0.029700887803161286
commons-beanutils,MASZZ,7,0.995,0.1,0.02648166528070779,0.5072206342327171,0.029700887803161286
commons-beanutils,MASZZ,7,0.995,0.25,0.03796002233694852,0.5276652597368036,0.029700887803161286
commons-beanutils,MASZZ,7,0.999,0.0,0.009728784731919267,0.44624043539627134,0.03314023158144739
commons-beanutils,MASZZ,7,0.999,0.05,0.010231131619970177,0.46928211020158667,0.03314023158144739
commons-beanutils,MASZZ,7,0.999,0.1,0.014170454427911136,0.49573255641294883,0.03314023158144739
commons-beanutils,MASZZ,7,0.999,0.25,0.023898572471322384,0.5155805798181965,0.03314023158144739
commons-beanutils,MASZZ,13,0.9,0.0,0.026678593380792093,0.35875124471936387,-0.0004957961623354871
commons-beanutils,MASZZ,13,0.9,0.05,0.02805614553470564,0.37727540537612964,-0.0004957961623354871
commons-beanutils,MASZZ,13,0.9,0.1,0.02447667084975247,0.3822484999848874,-0.0004957961623354871
commons-beanutils,MASZZ,13,0.9,0.25,0.038306526852016735,0.39674238416045443,-0.0004957961623354871
commons-beanutils,MASZZ,13,0.95,0.0,0.012333295610095595,0.3829988539140449,-0.007532187331460321
commons-beanutils,MASZZ,13,0.95,0.05,0.012970126708723596,0.4027750425843054,-0.007532187331460321
commons-beanutils,MASZZ,13,0.95,0.1,0.0092669829952338,0.40910456138364115,-0.007532187331460321
commons-beanutils,MASZZ,13,0.95,0.25,0.019063984601999453,0.4102583885750854,-0.007532187331460321
commons-beanutils,MASZZ,13,0.99,0.0,0.010883773286042949,0.4598544587573226,-0.010760962233910761
commons-beanutils,MASZZ,13,0.99,0.05,0.011445758137301625,0.48359909518196914,-0.010760962233910761
commons-beanutils,MASZZ,13,0.99,0.1,0.008809916675418302,0.49467370281813355,-0.010760962233910761
commons-beanutils,MASZZ,13,0.99,0.25,0.011895670549021999,0.4953984529603213,-0.010760962233910761
commons-beanutils,MASZZ,13,0.995,0.0,0.010144810434619846,0.4643571365786348,-0.0024110171576490046
commons-beanutils,MASZZ,13,0.995,0.05,0.01066863885637302,0.4883342692763268,-0.0024110171576490046
commons-beanutils,MASZZ,13,0.995,0.1,0.008155251933355067,0.49971560837132445,-0.0024110171576490046
commons-beanutils,MASZZ,13,0.995,0.25,0.00978502146679424,0.4992532816351264,-0.0024110171576490046
commons-beanutils,MASZZ,13,0.999,0.0,0.006222953617379294,0.46291915803885014,0.0035007993467751266
commons-beanutils,MASZZ,13,0.999,0.05,0.006544276523612302,0.48682204055376493,0.0035007993467751266
commons-beanutils,MASZZ,13,0.999,0.1,0.003931984878979049,0.49815103381592196,0.0035007993467751266
commons-beanutils,MASZZ,13,0.999,0.25,0.003622084718756048,0.4955977295176185,0.0035007993467751266
commons-beanutils,MASZZ,21,0.9,0.0,0.026461439017578445,0.32913304022246526,-0.0005064606767077298
commons-beanutils,MASZZ,21,0.9,0.05,0.02782777838165307,0.34612786157646513,-0.0005064606767077298
commons-beanutils,MASZZ,21,0.9,0.1,0.034870958884820495,0.3656368865016841,-0.0005064606767077298
commons-beanutils,MASZZ,21,0.9,0.25,0.0536872765052981,0.41229382438471507,-0.0005064606767077298
commons-beanutils,MASZZ,21,0.95,0.0,0.0183947010718716,0.34661183372599347,-0.00793281450700453
commons-beanutils,MASZZ,21,0.95,0.05,0.019344513519644654,0.36450917453800685,-0.00793281450700453
commons-beanutils,MASZZ,21,0.95,0.1,0.024927050207692994,0.38505423710287634,-0.00793281450700453
commons-beanutils,MASZZ,21,0.95,0.25,0.046816050767029875,0.437950104000514,-0.00793281450700453
commons-beanutils,MASZZ,21,0.99,0.0,0.02424361468174898,0.425152452289376,-0.0010510497781193878
commons-beanutils,MASZZ,21,0.99,0.05,0.025495436438121556,0.44710524672772584,-0.0010510497781193878
commons-beanutils,MASZZ,21,0.99,0.1,0.030430128031458444,0.47230572427056133,-0.0010510497781193878
commons-beanutils,MASZZ,21,0.99,0.25,0.05730144885823687,0.5447331279828314,-0.0010510497781193878
commons-beanutils,MASZZ,21,0.995,0.0,0.02454214970381342,0.4293908261896077,0.020080132319396045
commons-beanutils,MASZZ,21,0.995,0.05,0.025809386349449227,0.45156246953846885,0.020080132319396045
commons-beanutils,MASZZ,21,0.995,0.1,0.030624413922771057,0.4770141723670006,0.020080132319396045
commons-beanutils,MASZZ,21,0.995,0.25,0.05807407626473454,0.5511504920105057,0.020080132319396045
commons-beanutils,MASZZ,21,0.999,0.0,0.019490850618702326,0.4262361355105401,0.03638976626285016
commons-beanutils,MASZZ,21,0.999,0.05,0.0204972628709589,0.448244886053253,0.03638976626285016
commons-beanutils,MASZZ,21,0.999,0.1,0.02490107373401007,0.4735095978126182,0.03638976626285016
commons-beanutils,MASZZ,21,0.999,0.25,0.051601524015440506,0.5477404259422903,0.03638976626285016
commons-beanutils,MASZZ,42,0.9,0.0,0.05150220404749623,0.4947739023036155,0.0009806342319004652
commons-beanutils,MASZZ,42,0.9,0.05,0.054161526115353166,0.5203216081024252,0.0009806342319004652
commons-beanutils,MASZZ,42,0.9,0.1,0.06290522513293462,0.549648826013653,0.0009806342319004652
commons-beanutils,MASZZ,42,0.9,0.25,0.062242028768390356,0.5553009873234622,0.0009806342319004652
commons-beanutils,MASZZ,42,0.95,0.0,0.04228982545929649,0.4894451157490461,0.01570483444887019
commons-beanutils,MASZZ,42,0.95,0.05,0.04447346532810699,0.5147176690579469,0.01570483444887019
commons-beanutils,MASZZ,42,0.95,0.1,0.05168507515838612,0.5437290285866677,0.01570483444887019
commons-beanutils,MASZZ,42,0.95,0.25,0.054940726595976826,0.5515494202163111,0.01570483444887019
commons-beanutils,MASZZ,42,0.99,0.0,0.019095336456755475,0.45749807643429957,0.03194686330552565
commons-beanutils,MASZZ,42,0.99,0.05,0.02008132629101135,0.481121040794074,0.03194686330552565
commons-beanutils,MASZZ,42,0.99,0.1,0.024846359611711194,0.5082387721842855,0.03194686330552565
commons-beanutils,MASZZ,42,0.99,0.25,0.03156695885587933,0.5216178260816333,0.03194686330552565
commons-beanutils,MASZZ,42,0.995,0.0,0.012301500570300614,0.45010602207648115,0.02576477197264098
commons-beanutils,MASZZ,42,0.995,0.05,0.012936689928491696,0.47334729688249566,0.02576477197264098
commons-beanutils,MASZZ,42,0.995,0.1,0.01714977739899808,0.5000268717976909,0.02576477197264098
commons-beanutils,MASZZ,42,0.995,0.25,0.02379956090394955,0.5143820600475192,0.02576477197264098
commons-beanutils,MASZZ,42,0.999,0.0,0.004089444744488361,0.44166519845607227,0.021143225455132114
commons-beanutils,MASZZ,42,0.999,0.05,0.004300603681381049,0.46447063039012065,0.021143225455132114
commons-beanutils,MASZZ,42,0.999,0.1,0.007905660369146982,0.4906498841030186,0.021143225455132114
commons-beanutils,MASZZ,42,0.999,0.25,0.013902766484603694,0.505400869537474,0.021143225455132114
commons-beanutils,MASZZ,77,0.9,0.0,0.08247854794605303,0.5679676625599763,0.0009780262564953453
commons-beanutils,MASZZ,77,0.9,0.05,0.08673733699662375,0.5972947363582539,0.0009780262564953453
commons-beanutils,MASZZ,77,0.9,0.1,0.08619209579292351,0.6144304760512214,0.0009780262564953453
commons-beanutils,MASZZ,77,0.9,0.25,0.09160300462558854,0.617403658510949,0.0009780262564953453
commons-beanutils,MASZZ,77,0.95,0.0,0.08293578039425999,0.5712835889651061,0.0162369146103141
commons-beanutils,MASZZ,77,0.95,0.05,0.08721817869344725,0.6007818809942854,0.0162369146103141
commons-beanutils,MASZZ,77,0.95,0.1,0.08737307524237846,0.617725777331713,0.0162369146103141
commons-beanutils,MASZZ,77,0.95,0.25,0.09074850659550666,0.6172899454548633,0.0162369146103141
commons-beanutils,MASZZ,77,0.99,0.0,0.07428191066330171,0.5428832926498651,0.08344617204091426
commons-beanutils,MASZZ,77,0.99,0.05,0.07811746543076994,0.5709151322014931,0.08344617204091426
commons-beanutils,MASZZ,77,0.99,0.1,0.0790305795450706,0.5863899457164062,0.08344617204091426
commons-beanutils,MASZZ,77,0.99,0.25,0.07460370289689591,0.5721353835355615,0.08344617204091426
commons-beanutils,MASZZ,77,0.995,0.0,0.06644548433058717,0.5326258192959078,0.08821663625153872
commons-beanutils,MASZZ,77,0.995,0.05,0.06987640434765706,0.5601280130633386,0.08821663625153872
commons-beanutils,MASZZ,77,0.995,0.1,0.07051099655992701,0.5750550560982951,0.08821663625153872
commons-beanutils,MASZZ,77,0.995,0.25,0.06377338459393136,0.5574480685436246,0.08821663625153872
commons-beanutils,MASZZ,77,0.999,0.0,0.05682453336630953,0.5240556002150147,0.07777011187425627
commons-beanutils,MASZZ,77,0.999,0.05,0.05975867450398472,0.5511152697614011,0.07777011187425627
commons-beanutils,MASZZ,77,0.999,0.1,0.05997220622575952,0.5655855209740176,0.07777011187425627
commons-beanutils,MASZZ,77,0.999,0.25,0.05080382106850365,0.5452722812474758,0.07777011187425627
commons-beanutils,MASZZ,101,0.9,0.0,0.05484394569177664,0.49913424195389494,0.0009808918815893313
commons-beanutils,MASZZ,101,0.9,0.05,0.05767581896329695,0.5249070943783646,0.0009808918815893313
commons-beanutils,MASZZ,101,0.9,0.1,0.066305832786413,0.5544927669705997,0.0009808918815893313
commons-beanutils,MASZZ,101,0.9,0.25,0.06921142869461301,0.5625962768909559,0.0009808918815893313
commons-beanutils,MASZZ,101,0.95,0.0,0.04569760122014964,0.4937285538929604,0.015836599838133465
commons-beanutils,MASZZ,101,0.95,0.05,0.04805720197162036,0.5192222830096365,0.015836599838133465
commons-beanutils,MASZZ,101,0.95,0.1,0.05528727924334217,0.5484875389610886,0.015836599838133465
commons-beanutils,MASZZ,101,0.95,0.25,0.060107143157466215,0.5588824953725614,0.015836599838133465
commons-beanutils,MASZZ,101,0.99,0.0,0.0220013649641501,0.4593430638661433,0.03563186200950016
commons-beanutils,MASZZ,101,0.99,0.05,0.023137407905500364,0.48306129435837114,0.03563186200950016
commons-beanutils,MASZZ,101,0.99,0.1,0.027990104877366584,0.5102883854949337,0.03563186200950016
commons-beanutils,MASZZ,101,0.99,0.25,0.0355430462530534,0.5249041476605556,0.03563186200950016
commons-beanutils,MASZZ,101,0.995,0.0,0.015173589109968319,0.4519143118085122,0.0295905637437718
commons-beanutils,MASZZ,101,0.995,0.05,0.01595707908122314,0.47524895785714444,0.0295905637437718
commons-beanutils,MASZZ,101,0.995,0.1,0.020265602415133758,0.5020357173000017,0.0295905637437718
commons-beanutils,MASZZ,101,0.995,0.25,0.027663092415684484,0.5174401238140774,0.0295905637437718
commons-beanutils,MASZZ,101,0.999,0.0,0.006920149453718427,0.4435680723438942,0.02459796805978121
commons-beanutils,MASZZ,101,0.999,0.05,0.007277472144960341,0.46647175938402646,0.02459796805978121
commons-beanutils,MASZZ,101,0.999,0.1,0.010982797034573263,0.4927638040038534,0.02459796805978121
commons-beanutils,MASZZ,101,0.999,0.25,0.017653207260440784,0.5084373411310952,0.02459796805978121
commons-beanutils,MASZZ,123,0.9,0.0,0.0513310085214479,0.47746713528164897,0.000981131072203439
commons-beanutils,MASZZ,123,0.9,0.05,0.05398149088916466,0.5021212042290663,0.000981131072203439
commons-beanutils,MASZZ,123,0.9,0.1,0.05118964750577201,0.5131180356077233,0.000981131072203439
commons-beanutils,MASZZ,123,0.9,0.25,0.0680080189354757,0.5519606068675095,0.000981131072203439
commons-beanutils,MASZZ,123,0.95,0.0,0.046775330941351924,0.49367515053366595,0.015904345990143762
commons-beanutils,MASZZ,123,0.95,0.05,0.04919058038754911,0.5191661221619103,0.015904345990143762
commons-beanutils,MASZZ,123,0.95,0.1,0.04698132686857288,0.531071875913394,0.015904345990143762
commons-beanutils,MASZZ,123,0.95,0.25,0.06136749191443077,0.5532494605493116,0.015904345990143762
commons-beanutils,MASZZ,123,0.99,0.0,0.038081700131430245,0.4926120640798978,0.050261791043634034
commons-beanutils,MASZZ,123,0.99,0.05,0.04004805297814781,0.5180481431201679,0.050261791043634034
commons-beanutils,MASZZ,123,0.99,0.1,0.038736454791946796,0.5303423919708419,0.050261791043634034
commons-beanutils,MASZZ,123,0.99,0.25,0.04512971616700048,0.5342073612450136,0.050261791043634034
commons-beanutils,MASZZ,123,0.995,0.0,0.03308031912921236,0.48900500808487113,0.04958923833919351
commons-beanutils,MASZZ,123,0.995,0.05,0.03478842510834553,0.5142548363852948,0.04958923833919351
commons-beanutils,MASZZ,123,0.995,0.1,0.03337902786388784,0.5264189639564772,0.04958923833919351
commons-beanutils,MASZZ,123,0.995,0.25,0.037571935582929414,0.5273555530602836,0.04958923833919351
commons-beanutils,MASZZ,123,0.999,0.0,0.025568533658851617,0.48364332634267415,0.0430649401011982
commons-beanutils,MASZZ,123,0.999,0.05,0.026888767754833624,0.5086163036064957,0.0430649401011982
commons-beanutils,MASZZ,123,0.999,0.1,0.02519242356909038,0.5205313271791192,0.0430649401011982
commons-beanutils,MASZZ,123,0.999,0.25,0.026833652530886664,0.5185761790351379,0.0430649401011982
commons-beanutils,MASZZ,202,0.9,0.0,0.03522163320916765,0.455776264473998,0.000981494416336846
commons-beanutils,MASZZ,202,0.9,0.05,0.03704030618038112,0.4793103228805728,0.000981494416336846
commons-beanutils,MASZZ,202,0.9,0.1,0.044642616820027056,0.5063259956247506,0.000981494416336846
commons-beanutils,MASZZ,202,0.9,0.25,0.05798629992067705,0.5719536878754746,0.000981494416336846
commons-beanutils,MASZZ,202,0.95,0.0,0.028698398315146843,0.45646579072527216,0.016137943731049282
commons-beanutils,MASZZ,202,0.95,0.05,0.030180243322813632,0.4800354528969729,0.016137943731049282
commons-beanutils,MASZZ,202,0.95,0.1,0.03639384567744017,0.5070919966057112,0.016137943731049282
commons-beanutils,MASZZ,202,0.95,0.25,0.05442921353831082,0.5733814915717684,0.016137943731049282
commons-beanutils,MASZZ,202,0.99,0.0,0.01240258779821444,0.4244321697696607,0.040935740656791626
commons-beanutils,MASZZ,202,0.99,0.05,0.013042996806728093,0.4463477723395227,0.040935740656791626
commons-beanutils,MASZZ,202,0.99,0.1,0.01727861343368058,0.4715055558713867,0.040935740656791626
commons-beanutils,MASZZ,202,0.99,0.25,0.03846230708145965,0.5348605864746933,0.040935740656791626
commons-beanutils,MASZZ,202,0.995,0.0,0.007254027797638514,0.41774436180289004,0.034505384405697836
commons-beanutils,MASZZ,202,0.995,0.05,0.007628590334521746,0.4393146386601821,0.034505384405697836
commons-beanutils,MASZZ,202,0.995,0.1,0.01142016937703743,0.4640760092028469,0.034505384405697836
commons-beanutils,MASZZ,202,0.995,0.25,0.032428040716953196,0.5274275424620533,0.034505384405697836
commons-beanutils,MASZZ,202,0.999,0.0,0.0005454965210460125,0.4106548733081392,0.027629726344736802
commons-beanutils,MASZZ,202,0.999,0.05,0.000573663294938238,0.4318590836338607,0.027629726344736802
commons-beanutils,MASZZ,202,0.999,0.1,0.0038547476494278595,0.45620023198413284,0.027629726344736802
commons-beanutils,MASZZ,202,0.999,0.25,0.024085152970939678,0.5193753090237931,0.027629726344736802
commons-beanutils,MASZZ,314,0.9,0.0,0.051471300096999725,0.39513227161032227,-0.0005045126008785326
commons-beanutils,MASZZ,314,0.9,0.05,0.05412902643591538,0.4155349706607692,-0.0005045126008785326
commons-beanutils,MASZZ,314,0.9,0.1,0.06255913013476083,0.4389560326434671,-0.0005045126008785326
commons-beanutils,MASZZ,314,0.9,0.25,0.06410439751272355,0.4229784372608445,-0.0005045126008785326
commons-beanutils,MASZZ,314,0.95,0.0,0.0393188071777281,0.41199610523233665,-0.007709249247642071
commons-beanutils,MASZZ,314,0.95,0.05,0.041349038185183935,0.4332695702185158,-0.007709249247642071
commons-beanutils,MASZZ,314,0.95,0.1,0.04820101895257932,0.4576902187217412,-0.007709249247642071
commons-beanutils,MASZZ,314,0.95,0.25,0.05108847117732608,0.44897350100714656,-0.007709249247642071
commons-beanutils,MASZZ,314,0.99,0.0,0.03176625120784932,0.4685113744927238,0.028803534267812705
commons-beanutils,MASZZ,314,0.99,0.05,0.033406505142850144,0.49270301172986963,0.028803534267812705
commons-beanutils,MASZZ,314,0.99,0.1,0.03883800577718517,0.5204735451182805,0.028803534267812705
commons-beanutils,MASZZ,314,0.99,0.25,0.04807270651484238,0.5363693248030952,0.028803534267812705
commons-beanutils,MASZZ,314,0.995,0.0,0.025131803303143647,0.46149339831284336,0.044806727207760945
commons-beanutils,MASZZ,314,0.995,0.05,0.02642948677834899,0.4853226615647974,0.044806727207760945
commons-beanutils,MASZZ,314,0.995,0.1,0.031328273091552165,0.5126772115802678,0.044806727207760945
commons-beanutils,MASZZ,314,0.995,0.25,0.04050035473771784,0.5295346247784524,0.044806727207760945
commons-beanutils,MASZZ,314,0.999,0.0,0.01384303310295992,0.44989925510707424,0.04327683598898518
commons-beanutils,MASZZ,314,0.999,0.05,0.014557819665935478,0.4731298534774912,0.04327683598898518
commons-beanutils,MASZZ,314,0.999,0.1,0.018673491415821537,0.499797172491677,0.04327683598898518
commons-beanutils,MASZZ,314,0.999,0.25,0.026496401810346886,0.5162781487248247,0.04327683598898518
commons-beanutils,MASZZ,999,0.9,0.0,0.011008843456395419,0.3235475026816982,-0.0005017628476193994
commons-beanutils,MASZZ,999,0.9,0.05,0.01157728631989259,0.3402539141798925,-0.0005017628476193994
commons-beanutils,MASZZ,999,0.9,0.1,0.017445465063009497,0.3594318620700319,-0.0005017628476193994
commons-beanutils,MASZZ,999,0.9,0.25,0.03945401973680276,0.4073565038316494,-0.0005017628476193994
commons-beanutils,MASZZ,999,0.95,0.0,-0.0028068265545583343,0.33235245218775034,-0.007996044682100589
commons-beanutils,MASZZ,999,0.95,0.05,-0.002951757357719694,0.349513508238753,-0.007996044682100589
commons-beanutils,MASZZ,999,0.95,0.1,0.001241127265671761,0.3692133605213009,-0.007996044682100589
commons-beanutils,MASZZ,999,0.95,0.25,0.02411785257386673,0.4176608306632429,-0.007996044682100589
commons-beanutils,MASZZ,999,0.99,0.0,-0.007749921275488496,0.3921802789264943,-0.012010927734232088
commons-beanutils,MASZZ,999,0.99,0.05,-0.008150089327579126,0.41243055150445446,-0.012010927734232088
commons-beanutils,MASZZ,999,0.99,0.1,-0.00516588865239291,0.43567663713470545,-0.012010927734232088
commons-beanutils,MASZZ,999,0.99,0.25,0.018828712007558396,0.5002949755260698,-0.012010927734232088
commons-beanutils,MASZZ,999,0.995,0.0,-0.012589465025036127,0.39008146067636174,-0.0002058351408958763
commons-beanutils,MASZZ,999,0.995,0.05,-0.01323952346006381,0.41022336053916875,-0.0002058351408958763
commons-beanutils,MASZZ,999,0.995,0.1,-0.010672534746939926,0.4333450408604674,-0.0002058351408958763
commons-beanutils,MASZZ,999,0.995,0.25,0.012262526802770525,0.49861370612398714,-0.0002058351408958763
commons-beanutils,MASZZ,999,0.999,0.0,-0.023389817741704053,0.379012404036162,0.0044233484269145425
commons-beanutils,MASZZ,999,0.999,0.05,-0.02459755359755797,0.39858275192098963,0.0044233484269145425
commons-beanutils,MASZZ,999,0.999,0.1,-0.022777436681154863,0.42104832521108176,0.0044233484269145425
commons-beanutils,MASZZ,999,0.999,0.25,-0.002319244826789539,0.4849012421862955,0.0044233484269145425
commons-beanutils,LSZZ,7,0.9,0.0,0.09617462504711001,0.5246659832733623,0.002046175090970472
commons-beanutils,LSZZ,7,0.9,0.05,0.10114061257105716,0.5517571700172537,0.002046175090970472
commons-beanutils,LSZZ,7,0.9,0.1,0.11053898649231984,0.5828562105091353,0.002046175090970472
commons-beanutils,LSZZ,7,0.9,0.25,0.09902176333396295,0.5788865705515097,0.002046175090970472
commons-beanutils,LSZZ,7,0.95,0.0,0.09512229022038503,0.5349731330326291,0.026011320503865114
commons-beanutils,LSZZ,7,0.95,0.05,0.10003394031782313,0.5625965306074636,0.026011320503865114
commons-beanutils,LSZZ,7,0.95,0.1,0.10910773875608402,0.5943065168780661,0.026011320503865114
commons-beanutils,LSZZ,7,0.95,0.25,0.10271106305474273,0.5976684302053586,0.026011320503865114
commons-beanutils,LSZZ,7,0.99,0.0,0.08297512009288342,0.513954028133482,0.07061916877204816
commons-beanutils,LSZZ,7,0.99,0.05,0.08725954970181027,0.5404921018753142,0.07061916877204816
commons-beanutils,LSZZ,7,0.99,0.1,0.09493840637907836,0.5709562021628318,0.07061916877204816
commons-beanutils,LSZZ,7,0.99,0.25,0.10084105756351176,0.5827250624457272,0.07061916877204816
commons-beanutils,LSZZ,7,0.995,0.0,0.07951332540682844,0.5110290441439619,0.07882560652169862
commons-beanutils,LSZZ,7,0.995,0.05,0.08361900485984884,0.5374160860102595,0.07882560652169862
commons-beanutils,LSZZ,7,0.995,0.1,0.09098299266589217,0.5677068108581105,0.07882560652169862
commons-beanutils,LSZZ,7,0.995,0.25,0.0988525451383816,0.581525911375409,0.07882560652169862
commons-beanutils,LSZZ,7,0.999,0.0,0.07446302784349497,0.5089616740296132,0.0870274846373261
commons-beanutils,LSZZ,7,0.999,0.05,0.07830793461682518,0.535241967008767,0.0870274846373261
commons-beanutils,LSZZ,7,0.999,0.1,0.08528225047946751,0.5654101506038066,0.0870274846373261
commons-beanutils,LSZZ,7,0.999,0.25,0.09426047275377109,0.5811549394649788,0.0870274846373261
commons-beanutils,LSZZ,13,0.9,0.0,0.14737167964058004,0.6139659142244913,0.0011432448638826844
commons-beanutils,LSZZ,13,0.9,0.05,0.15498123280618656,0.6456681128935701,0.0011432448638826844
commons-beanutils,LSZZ,13,0.9,0.1,0.15605858841219647,0.6625417595624746,0.0011432448638826844
commons-beanutils,LSZZ,13,0.9,0.25,0.14216344484583865,0.644967407819632,0.0011432448638826844
commons-beanutils,LSZZ,13,0.95,0.0,0.14562016913782644,0.6189874752074785,0.019372516021751482
commons-beanutils,LSZZ,13,0.95,0.05,0.15313928286267117,0.6509489627397064,0.019372516021751482
commons-beanutils,LSZZ,13,0.95,0.1,0.1555749983535872,0.6685547701444119,0.019372516021751482
commons-beanutils,LSZZ,13,0.95,0.25,0.14281360428415196,0.6505453004310615,0.019372516021751482
commons-beanutils,LSZZ,13,0.99,0.0,0.14313729520520388,0.6021541081412575,0.09426322115181403
commons-beanutils,LSZZ,13,0.99,0.05,0.15052820545676346,0.6332464028817699,0.09426322115181403
commons-beanutils,LSZZ,13,0.99,0.1,0.15453643541344766,0.650241653774477,0.09426322115181403
commons-beanutils,LSZZ,13,0.99,0.25,0.14649017688980648,0.6253797516962061,0.09426322115181403
commons-beanutils,LSZZ,13,0.995,0.0,0.14487830856240128,0.6035347762611271,0.11839290320132788
commons-beanutils,LSZZ,13,0.995,0.05,0.15235911623343748,0.6346983619544727,0.11839290320132788
commons-beanutils,LSZZ,13,0.995,0.1,0.15670418450671714,0.6518262812030392,0.11839290320132788
commons-beanutils,LSZZ,13,0.995,0.25,0.15045846382529593,0.6270507512099439,0.11839290320132788
commons-beanutils,LSZZ,13,0.999,0.0,0.14476189536721978,0.607428758184002,0.1374773583614477
commons-beanutils,LSZZ,13,0.999,0.05,0.15223669202989895,0.6387934100695787,0.1374773583614477
commons-beanutils,LSZZ,13,0.999,0.1,0.15676172474243252,0.6561929558064431,0.1374773583614477
commons-beanutils,LSZZ,13,0.999,0.25,0.15176765926209024,0.6321719152577877,0.1374773583614477
commons-beanutils,LSZZ,21,0.9,0.0,0.14337408366169552,0.6004527307067108,0.0020578145935362707
commons-beanutils,LSZZ,21,0.9,0.05,0.150777220511697,0.631457174633047,0.0020578145935362707
commons-beanutils,LSZZ,21,0.9,0.1,0.15161762269747203,0.6475298411454493,0.0020578145935362707
commons-beanutils,LSZZ,21,0.9,0.25,0.13782492839387234,0.6276167680753936,0.0020578145935362707
commons-beanutils,LSZZ,21,0.95,0.0,0.1387812319969288,0.6047783280218055,0.02534702765534046
commons-beanutils,LSZZ,21,0.95,0.05,0.14594721643738984,0.6360061246494375,0.02534702765534046
commons-beanutils,LSZZ,21,0.95,0.1,0.14797756091160819,0.6527696993617824,0.02534702765534046
commons-beanutils,LSZZ,21,0.95,0.25,0.13476267412813764,0.6325868204459237,0.02534702765534046
commons-beanutils,LSZZ,21,0.99,0.0,0.13285279708767225,0.589448672128076,0.0762228708979005
commons-beanutils,LSZZ,21,0.99,0.05,0.1397126661283438,0.6198849202586134,0.0762228708979005
commons-beanutils,LSZZ,21,0.99,0.1,0.14311129295924435,0.6361270694034699,0.0762228708979005
commons-beanutils,LSZZ,21,0.99,0.25,0.13358044895547977,0.6094611408776457,0.0762228708979005
commons-beanutils,LSZZ,21,0.995,0.0,0.13544488476536679,0.5928269562116046,0.09367957575988418
commons-beanutils,LSZZ,21,0.995,0.05,0.1424385965432687,0.6234376424187442,0.09367957575988418
commons-beanutils,LSZZ,21,0.995,0.1,0.14622450825219338,0.6399308665662061,0.09367957575988418
commons-beanutils,LSZZ,21,0.995,0.25,0.13860953538188098,0.6137500719951076,0.09367957575988418
commons-beanutils,LSZZ,21,0.999,0.0,0.1375843050146976,0.5992624682127856,0.11621690439651712
commons-beanutils,LSZZ,21,0.999,0.05,0.14468848599652362,0.6302054528020861,0.11621690439651712
commons-beanutils,LSZZ,21,0.999,0.1,0.14878807436899427,0.647120950038419,0.11621690439651712
commons-beanutils,LSZZ,21,0.999,0.25,0.14285572160372814,0.6222099422615167,0.11621690439651712
commons-beanutils,LSZZ,42,0.9,0.0,0.07787742118885917,0.456700515754645,0.0014653107060847363
commons-beanutils,LSZZ,42,0.9,0.05,0.08189863054456618,0.48028229797949756,0.0014653107060847363
commons-beanutils,LSZZ,42,0.9,0.1,0.07881543000373595,0.4878279105029567,0.0014653107060847363
commons-beanutils,LSZZ,42,0.9,0.25,0.07889194038457574,0.4619490412707341,0.0014653107060847363
commons-beanutils,LSZZ,42,0.95,0.0,0.07452702079090125,0.49997211206441133,0.020468336864849668
commons-beanutils,LSZZ,42,0.95,0.05,0.07837523184723005,0.5257882280057751,0.020468336864849668
commons-beanutils,LSZZ,42,0.95,0.1,0.07644986157724637,0.5361813095802206,0.020468336864849668
commons-beanutils,LSZZ,42,0.95,0.25,0.07205358784227536,0.514923620067592,0.020468336864849668
commons-beanutils,LSZZ,42,0.99,0.0,0.07092549689686457,0.5240612151247731,0.025958747678011155
commons-beanutils,LSZZ,42,0.99,0.05,0.07458774286400044,0.551121174597653,0.025958747678011155
commons-beanutils,LSZZ,42,0.99,0.1,0.07415588687051723,0.5632378201004891,0.025958747678011155
commons-beanutils,LSZZ,42,0.99,0.25,0.06305881750223917,0.5362158847708699,0.025958747678011155
commons-beanutils,LSZZ,42,0.995,0.0,0.07161462471515506,0.5294476313768075,0.03161220875779332
commons-beanutils,LSZZ,42,0.995,0.05,0.07531245387428527,0.5567857190554724,0.03161220875779332
commons-beanutils,LSZZ,42,0.995,0.1,0.07516070293496029,0.5692671318460444,0.03161220875779332
commons-beanutils,LSZZ,42,0.995,0.25,0.06357023272128019,0.5414726338693178,0.03161220875779332
commons-beanutils,LSZZ,42,0.999,0.0,0.07190878404432653,0.5347895439828749,0.04757173713715153
commons-beanutils,LSZZ,42,0.999,0.05,0.07562180215332792,0.5624034619165861,0.04757173713715153
commons-beanutils,LSZZ,42,0.999,0.1,0.07567977616607263,0.5752392709043443,0.04757173713715153
commons-beanutils,LSZZ,42,0.999,0.25,0.06378368098664335,0.5470287364668713,0.04757173713715153
commons-beanutils,LSZZ,77,0.9,0.0,0.14058519610661427,0.5821009096987201,0.0020189566717072663
commons-beanutils,LSZZ,77,0.9,0.05,0.1478443284356993,0.612157755294179,0.0020189566717072663
commons-beanutils,LSZZ,77,0.9,0.1,0.148519422159009,0.627142636352936,0.0020189566717072663
commons-beanutils,LSZZ,77,0.9,0.25,0.1350619624154919,0.6046941127093575,0.0020189566717072663
commons-beanutils,LSZZ,77,0.95,0.0,0.13681601657774534,0.5896233304879684,0.023134542912774274
commons-beanutils,LSZZ,77,0.95,0.05,0.14388052690017628,0.6200685971224591,0.023134542912774274
commons-beanutils,LSZZ,77,0.95,0.1,0.14579438523684263,0.635933874828738,0.023134542912774274
commons-beanutils,LSZZ,77,0.95,0.25,0.13271246820291316,0.613057109633409,0.023134542912774274
commons-beanutils,LSZZ,77,0.99,0.0,0.13287661764965464,0.5899407938652613,0.057725876947919384
commons-beanutils,LSZZ,77,0.99,0.05,0.1397377166677091,0.6204024527567551,0.057725876947919384
commons-beanutils,LSZZ,77,0.99,0.1,0.14313775543810114,0.6366737719151431,0.057725876947919384
commons-beanutils,LSZZ,77,0.99,0.25,0.13355371724311654,0.6099196457250394,0.057725876947919384
commons-beanutils,LSZZ,77,0.995,0.0,0.1359952482031462,0.5955777884401806,0.07646551843754715
commons-beanutils,LSZZ,77,0.995,0.05,0.14301737805873035,0.6263305141771951,0.07646551843754715
commons-beanutils,LSZZ,77,0.995,0.1,0.14683591199852655,0.6429867910964969,0.07646551843754715
commons-beanutils,LSZZ,77,0.995,0.25,0.1392043887618893,0.6171294693692894,0.07646551843754715
commons-beanutils,LSZZ,77,0.999,0.0,0.1386766363877413,0.6027064762022869,0.10673289227846615
commons-beanutils,LSZZ,77,0.999,0.05,0.1458372200222202,0.6338272925294273,0.10673289227846615
commons-beanutils,LSZZ,77,0.999,0.1,0.1500015552215937,0.6509469298231195,0.10673289227846615
commons-beanutils,LSZZ,77,0.999,0.25,0.14412570761492244,0.6264576703706534,0.10673289227846615
commons-beanutils,LSZZ,101,0.9,0.0,0.14951515409434604,0.6085510227161196,0.0020775242931452796
commons-beanutils,LSZZ,101,0.9,0.05,0.15723538580317634,0.6399736228563667,0.0020775242931452796
commons-beanutils,LSZZ,101,0.9,0.1,0.1574343534273801,0.6557396410189298,0.0020775242931452796
commons-beanutils,LSZZ,101,0.9,0.25,0.14349870325906167,0.6363630535253353,0.0020775242931452796
commons-beanutils,LSZZ,101,0.95,0.0,0.1468999515413515,0.6135264057331439,0.025983729814829454
commons-beanutils,LSZZ,101,0.95,0.05,0.1544851469737793,0.6452059103321016,0.025983729814829454
commons-beanutils,LSZZ,101,0.95,0.1,0.1564971871450732,0.6619601228396959,0.025983729814829454
commons-beanutils,LSZZ,101,0.95,0.25,0.14327540354744017,0.6418525431721211,0.025983729814829454
commons-beanutils,LSZZ,101,0.99,0.0,0.1443472515204021,0.6019160002197099,0.08727314889457363
commons-beanutils,LSZZ,101,0.99,0.05,0.15180063800166207,0.6329960002310546,0.08727314889457363
commons-beanutils,LSZZ,101,0.99,0.1,0.15569788206143162,0.6496931998866545,0.08727314889457363
commons-beanutils,LSZZ,101,0.99,0.25,0.14700151105898648,0.6235396731499863,0.08727314889457363
commons-beanutils,LSZZ,101,0.995,0.0,0.1469742812050979,0.6049375059297565,0.10929178895974831
commons-beanutils,LSZZ,101,0.995,0.05,0.15456331465802894,0.6361735217264737,0.10929178895974831
commons-beanutils,LSZZ,101,0.995,0.1,0.158877419245743,0.653128314510947,0.10929178895974831
commons-beanutils,LSZZ,101,0.995,0.25,0.15219713062379622,0.6273990602057352,0.10929178895974831
commons-beanutils,LSZZ,101,0.999,0.0,0.1482136501314875,0.610228900649046,0.13245931986714413
commons-beanutils,LSZZ,101,0.999,0.05,0.15586667853758837,0.6417381382040742,0.13245931986714413
commons-beanutils,LSZZ,101,0.999,0.1,0.1604609509753504,0.6590685580339597,0.13245931986714413
commons-beanutils,LSZZ,101,0.999,0.25,0.15536205380742213,0.6343945490160121,0.13245931986714413
commons-beanutils,LSZZ,123,0.9,0.0,0.1007743300849799,0.43096280891886396,-0.00023637477969819517
commons-beanutils,LSZZ,123,0.9,0.05,0.10597782389315444,0.45321562177181735,-0.00023637477969819517
commons-beanutils,LSZZ,123,0.9,0.1,0.10355391670047466,0.45900287312456667,-0.00023637477969819517
commons-beanutils,LSZZ,123,0.9,0.25,0.09645784073691119,0.41301433676995253,-0.00023637477969819517
commons-beanutils,LSZZ,123,0.95,0.0,0.08900371776540524,0.45140808177086156,-0.004638976667719922
commons-beanutils,LSZZ,123,0.95,0.05,0.09359943468960859,0.47471658857486476,-0.004638976667719922
commons-beanutils,LSZZ,123,0.95,0.1,0.09225315708141757,0.4820238662851896,-0.004638976667719922
commons-beanutils,LSZZ,123,0.95,0.25,0.08036779879027198,0.43834899086071766,-0.004638976667719922
commons-beanutils,LSZZ,123,0.99,0.0,0.10249630137913592,0.5583853725521825,0.03881256847500548
commons-beanutils,LSZZ,123,0.99,0.05,0.10778870936773156,0.5872176637338786,0.03881256847500548
commons-beanutils,LSZZ,123,0.99,0.1,0.10919453369603829,0.6013320557769737,0.03881256847500548
commons-beanutils,LSZZ,123,0.99,0.25,0.0993865658374441,0.5753852284859828,0.03881256847500548
commons-beanutils,LSZZ,123,0.995,0.0,0.10774400011764475,0.5697035105289298,0.07887429037398494
commons-beanutils,LSZZ,123,0.995,0.05,0.11330737361769525,0.5991202150312841,0.07887429037398494
commons-beanutils,LSZZ,123,0.995,0.1,0.11528211250265988,0.6139741694359957,0.07887429037398494
commons-beanutils,LSZZ,123,0.995,0.25,0.10684989485887546,0.5893716934616857,0.07887429037398494
commons-beanutils,LSZZ,123,0.999,0.0,0.10739805374876726,0.5745050042024364,0.10257290308664825
commons-beanutils,LSZZ,123,0.999,0.05,0.11294356426935767,0.6041696343677946,0.10257290308664825
commons-beanutils,LSZZ,123,0.999,0.1,0.11510280851436551,0.6193638870203817,0.10257290308664825
commons-beanutils,LSZZ,123,0.999,0.25,0.10690849608139717,0.5948798178034501,0.10257290308664825
commons-beanutils,LSZZ,202,0.9,0.0,0.12018255775205611,0.5928780398167655,0.002060752855527334
commons-beanutils,LSZZ,202,0.9,0.05,0.12638819756713646,0.6234913637315725,0.002060752855527334
commons-beanutils,LSZZ,202,0.9,0.1,0.12585394573239989,0.6391150481749828,0.002060752855527334
commons-beanutils,LSZZ,202,0.9,0.25,0.11864640911009716,0.6260414883756147,0.002060752855527334
commons-beanutils,LSZZ,202,0.95,0.0,0.11770948205407665,0.5952346072383564,0.02577108788916311
commons-beanutils,LSZZ,202,0.95,0.05,0.12378742432881383,0.6259696127756209,0.02577108788916311
commons-beanutils,LSZZ,202,0.95,0.1,0.12456876233873065,0.6421674931823508,0.02577108788916311
commons-beanutils,LSZZ,202,0.95,0.25,0.1152894289564883,0.6260967458967447,0.02577108788916311
commons-beanutils,LSZZ,202,0.99,0.0,0.10998978961644386,0.5707024449150813,0.08104903128241403
commons-beanutils,LSZZ,202,0.99,0.05,0.11566912470851497,0.6001707295062214,0.08104903128241403
commons-beanutils,LSZZ,202,0.99,0.1,0.11771257011393423,0.6153017151723066,0.08104903128241403
commons-beanutils,LSZZ,202,0.99,0.25,0.10662883105522333,0.587557992352763,0.08104903128241403
commons-beanutils,LSZZ,202,0.995,0.0,0.1094291200446002,0.5699266100501823,0.09304228193395897
commons-beanutils,LSZZ,202,0.995,0.05,0.11507950490060365,0.5993548343212761,0.09304228193395897
commons-beanutils,LSZZ,202,0.995,0.1,0.11732335871694176,0.614490663830517,0.09304228193395897
commons-beanutils,LSZZ,202,0.995,0.25,0.10672570416307706,0.5858176199231826,0.09304228193395897
commons-beanutils,LSZZ,202,0.999,0.0,0.10812408241331614,0.5721634040464313,0.10246376583149974
commons-beanutils,LSZZ,202,0.999,0.05,0.11370708150522575,0.6017071254257651,0.10246376583149974
commons-beanutils,LSZZ,202,0.999,0.1,0.11606044526091415,0.6170163533008871,0.10246376583149974
commons-beanutils,LSZZ,202,0.999,0.25,0.10584419105136626,0.5882947573539807,0.10246376583149974
commons-beanutils,LSZZ,314,0.9,0.0,0.13736707951850882,0.5954900773938128,0.002036018920983207
commons-beanutils,LSZZ,314,0.9,0.05,0.14446004403753687,0.6262382741611353,0.002036018920983207
commons-beanutils,LSZZ,314,0.9,0.1,0.14486444730600362,0.6419456956965617,0.002036018920983207
commons-beanutils,LSZZ,314,0.9,0.25,0.12873010467975063,0.6202585010609455,0.002036018920983207
commons-beanutils,LSZZ,314,0.95,0.0,0.1358069430266152,0.6014399220467019,0.025604189974835795
commons-beanutils,LSZZ,314,0.95,0.05,0.14281934972334231,0.6324953397083217,0.025604189974835795
commons-beanutils,LSZZ,314,0.95,0.1,0.14451470001013658,0.6488829659777277,0.025604189974835795
commons-beanutils,LSZZ,314,0.95,0.25,0.12939381456838236,0.6267640562222898,0.025604189974835795
commons-beanutils,LSZZ,314,0.99,0.0,0.1346998928469069,0.5939008760351342,0.07802918158291242
commons-beanutils,LSZZ,314,0.99,0.05,0.14165513688375234,0.6245670142125077,0.07802918158291242
commons-beanutils,LSZZ,314,0.99,0.1,0.14499322635369533,0.6408068079069725,0.07802918158291242
commons-beanutils,LSZZ,314,0.99,0.25,0.13437983829955236,0.6131625435724676,0.07802918158291242
commons-beanutils,LSZZ,314,0.995,0.0,0.13841369582494298,0.5986796607566368,0.09544907744705775
commons-beanutils,LSZZ,314,0.995,0.05,0.14556070249404504,0.629592552017737,0.09544907744705775
commons-beanutils,LSZZ,314,0.995,0.1,0.14935785652465147,0.646159975996117,0.09544907744705775
commons-beanutils,LSZZ,314,0.995,0.25,0.14089761335755954,0.6191967024855817,0.09544907744705775
commons-beanutils,LSZZ,314,0.999,0.0,0.14177289195167586,0.6058244381060247,0.11877863218155543
commons-beanutils,LSZZ,314,0.999,0.05,0.14909335108859545,0.63710625074489,0.11877863218155543
commons-beanutils,LSZZ,314,0.999,0.1,0.15328168348163615,0.6541339276920382,0.11877863218155543
commons-beanutils,LSZZ,314,0.999,0.25,0.14678132539447136,0.6285128673103586,0.11877863218155543
commons-beanutils,LSZZ,999,0.9,0.0,0.14794930737862236,0.6075630995121866,0.002096794046231437
commons-beanutils,LSZZ,999,0.9,0.05,0.15558868641710544,0.6389346881272735,0.002096794046231437
commons-beanutils,LSZZ,999,0.9,0.1,0.1567002803175489,0.6554288144911687,0.002096794046231437
commons-beanutils,LSZZ,999,0.9,0.25,0.14201898589249226,0.6355015441791484,0.002096794046231437
commons-beanutils,LSZZ,999,0.95,0.0,0.14601225155448747,0.6124592588477324,0.02633490077775937
commons-beanutils,LSZZ,999,0.95,0.05,0.15355161049878116,0.6440836611978735,0.02633490077775937
commons-beanutils,LSZZ,999,0.95,0.1,0.15601056627464155,0.6613025152429485,0.02633490077775937
commons-beanutils,LSZZ,999,0.95,0.25,0.1423028607508981,0.64099648508977,0.02633490077775937
commons-beanutils,LSZZ,999,0.99,0.0,0.14339934817188515,0.6006619089683959,0.08720388175242548
commons-beanutils,LSZZ,999,0.99,0.05,0.15080378955769677,0.6316771538376763,0.08720388175242548
commons-beanutils,LSZZ,999,0.99,0.1,0.15482755243643354,0.6485839561478981,0.08720388175242548
commons-beanutils,LSZZ,999,0.99,0.25,0.14637690915344295,0.6229335167677575,0.08720388175242548
commons-beanutils,LSZZ,999,0.995,0.0,0.1459943827160226,0.6037326166971173,0.1085273404959909
commons-beanutils,LSZZ,999,0.995,0.05,0.15353281900084303,0.6349064179035089,0.1085273404959909
commons-beanutils,LSZZ,999,0.995,0.1,0.15794404143010374,0.6520460639419302,0.1085273404959909
commons-beanutils,LSZZ,999,0.995,0.25,0.15158815587351776,0.6269328050258812,0.1085273404959909
commons-beanutils,LSZZ,999,0.999,0.0,0.14721070719455775,0.6090307641195956,0.13138335477793942
commons-beanutils,LSZZ,999,0.999,0.05,0.15481194852990499,0.6404781357608829,0.13138335477793942
commons-beanutils,LSZZ,999,0.999,0.1,0.159482132063348,0.6579726387639842,0.13138335477793942
commons-beanutils,LSZZ,999,0.999,0.25,0.15474863510332515,0.633984510921279,0.13138335477793942
commons-beanutils,RSZZ,7,0.9,0.0,0.056618683589274056,0.5037480809238593,0.0020183718692756
commons-beanutils,RSZZ,7,0.9,0.05,0.059542195650682354,0.5297591694397212,0.0020183718692756
commons-beanutils,RSZZ,7,0.9,0.1,0.0680357313076303,0.5596183226263237,0.0020183718692756
commons-beanutils,RSZZ,7,0.9,0.25,0.08102095666503048,0.5895106499506166,0.0020183718692756
commons-beanutils,RSZZ,7,0.95,0.0,0.0520158553088273,0.5051736169918858,0.024521770237950612
commons-beanutils,RSZZ,7,0.95,0.05,0.054701699817028354,0.5312583132221037,0.024521770237950612
commons-beanutils,RSZZ,7,0.95,0.1,0.06207043478340554,0.5612019636037131,0.024521770237950612
commons-beanutils,RSZZ,7,0.95,0.25,0.07794865635848869,0.5907673722308544,0.024521770237950612
commons-beanutils,RSZZ,7,0.99,0.0,0.03649954389537687,0.4701541870884285,0.09297116127469036
commons-beanutils,RSZZ,7,0.99,0.05,0.038384201927840395,0.4944306511377449,0.09297116127469036
commons-beanutils,RSZZ,7,0.99,0.1,0.043696647875194,0.5222985605655086,0.09297116127469036
commons-beanutils,RSZZ,7,0.99,0.25,0.05764617356749607,0.5463249052496051,0.09297116127469036
commons-beanutils,RSZZ,7,0.995,0.0,0.024038415645271496,0.45364262708562314,0.09062373018448085
commons-beanutils,RSZZ,7,0.995,0.05,0.025279641926438695,0.47706651488694635,0.09062373018448085
commons-beanutils,RSZZ,7,0.995,0.1,0.029689358204458706,0.5039557184533013,0.09062373018448085
commons-beanutils,RSZZ,7,0.995,0.25,0.04098675300779532,0.5251100839546344,0.09062373018448085
commons-beanutils,RSZZ,7,0.999,0.0,0.007662704079307335,0.4357591387240465,0.06653836951499266
commons-beanutils,RSZZ,7,0.999,0.05,0.008058368661715632,0.45825961060308495,0.06653836951499266
commons-beanutils,RSZZ,7,0.999,0.1,0.0113647097181595,0.48408878865525884,0.06653836951499266
commons-beanutils,RSZZ,7,0.999,0.25,0.01915608844240464,0.5020627659432608,0.06653836951499266
commons-beanutils,RSZZ,13,0.9,0.0,0.022251215846152854,0.26498045291465794,-0.0002441777850612058
commons-beanutils,RSZZ,13,0.9,0.05,0.023400159865747668,0.27866274824587955,-0.0002441777850612058
commons-beanutils,RSZZ,13,0.9,0.1,0.03087078595832409,0.29436919405610185,-0.0002441777850612058
commons-beanutils,RSZZ,13,0.9,0.25,0.06133293179001641,0.3352702729759506,-0.0002441777850612058
commons-beanutils,RSZZ,13,0.95,0.0,0.020387767704196494,0.327181386820683,-0.0052402622969813665
commons-beanutils,RSZZ,13,0.95,0.05,0.021440492370506117,0.3440754343329386,-0.0052402622969813665
commons-beanutils,RSZZ,13,0.95,0.1,0.027632261752475278,0.3634687769953405,-0.0052402622969813665
commons-beanutils,RSZZ,13,0.95,0.25,0.06070052271991307,0.41896529263534876,-0.0052402622969813665
commons-beanutils,RSZZ,13,0.99,0.0,0.03512385629241184,0.4369955895196082,0.04320147791730198
commons-beanutils,RSZZ,13,0.99,0.05,0.03693748054158973,0.4595599056738049,0.04320147791730198
commons-beanutils,RSZZ,13,0.99,0.1,0.04252208978390703,0.48546237308451035,0.04320147791730198
commons-beanutils,RSZZ,13,0.99,0.25,0.07651620769194029,0.5660595988231396,0.04320147791730198
commons-beanutils,RSZZ,13,0.995,0.0,0.027997044104895983,0.4307173312670731,0.07054229585989434
commons-beanutils,RSZZ,13,0.995,0.05,0.029442674609451717,0.4529574688540132,0.07054229585989434
commons-beanutils,RSZZ,13,0.995,0.1,0.034401766533786814,0.47848779891669396,0.07054229585989434
commons-beanutils,RSZZ,13,0.995,0.25,0.06612243375652063,0.5581418590233842,0.07054229585989434
commons-beanutils,RSZZ,13,0.999,0.0,0.012437799805112611,0.4155698644172267,0.06971081275780255
commons-beanutils,RSZZ,13,0.999,0.05,0.013080026989541837,0.43702786085873585,0.06971081275780255
commons-beanutils,RSZZ,13,0.999,0.1,0.0169545738613728,0.46166034028895553,0.06971081275780255
commons-beanutils,RSZZ,13,0.999,0.25,0.04461866212711314,0.5384512594120608,0.06971081275780255
commons-beanutils,RSZZ,21,0.9,0.0,0.059536512788941384,0.4872794765171056,0.002030991001632142
commons-beanutils,RSZZ,21,0.9,0.05,0.06261068728750979,0.512440206801982,0.002030991001632142
commons-beanutils,RSZZ,21,0.9,0.1,0.07203250561509057,0.5413232002762756,0.002030991001632142
commons-beanutils,RSZZ,21,0.9,0.25,0.10724516194114475,0.629017172976234,0.002030991001632142
commons-beanutils,RSZZ,21,0.95,0.0,0.06400798923155018,0.4931916577499952,0.02492589589544764
commons-beanutils,RSZZ,21,0.95,0.05,0.06731304891648394,0.5186576641742634,0.02492589589544764
commons-beanutils,RSZZ,21,0.95,0.1,0.07603730042565571,0.5478910961549947,0.02492589589544764
commons-beanutils,RSZZ,21,0.95,0.25,0.1164152494420717,0.6386662232943051,0.02492589589544764
commons-beanutils,RSZZ,21,0.99,0.0,0.05208724307729965,0.4595415554280008,0.11180961751737878
commons-beanutils,RSZZ,21,0.99,0.05,0.05477677370091239,0.48327003505423155,0.11180961751737878
commons-beanutils,RSZZ,21,0.99,0.1,0.06143247907225378,0.5105088915754701,0.11180961751737878
commons-beanutils,RSZZ,21,0.99,0.25,0.09836303022582717,0.5956649223563154,0.11180961751737878
commons-beanutils,RSZZ,21,0.995,0.0,0.035496778577694156,0.4388479641215476,0.114279388854924
commons-beanutils,RSZZ,21,0.995,0.05,0.037329658710793676,0.4615079278455518,0.114279388854924
commons-beanutils,RSZZ,21,0.995,0.1,0.04280464195336579,0.48752019286957377,0.114279388854924
commons-beanutils,RSZZ,21,0.995,0.25,0.07559379862520758,0.5686582261918085,0.114279388854924
commons-beanutils,RSZZ,21,0.999,0.0,0.013932907565826243,0.416669443315023,0.09038375146805135
commons-beanutils,RSZZ,21,0.999,0.05,0.014652334806746697,0.4381842166359364,0.09038375146805135
commons-beanutils,RSZZ,21,0.999,0.1,0.018689916082600715,0.4628818724826892,0.09038375146805135
commons-beanutils,RSZZ,21,0.999,0.25,0.04626654349303822,0.5396824326676899,0.09038375146805135
commons-beanutils,RSZZ,42,0.9,0.0,0.03924948917062552,0.32531502445569943,-0.0002648836155988392
commons-beanutils,RSZZ,42,0.9,0.05,0.04127614093502958,0.3421127021384378,-0.0002648836155988392
commons-beanutils,RSZZ,42,0.9,0.1,0.04881988867243829,0.36139541807714975,-0.0002648836155988392
commons-beanutils,RSZZ,42,0.9,0.25,0.05710819135686669,0.35128501738608775,-0.0002648836155988392
commons-beanutils,RSZZ,42,0.95,0.0,0.030552137751340733,0.37416674104643916,-0.005723026510228173
commons-beanutils,RSZZ,42,0.95,0.05,0.03212970080218448,0.3934868825806787,-0.005723026510228173
commons-beanutils,RSZZ,42,0.95,0.1,0.038355068094751386,0.41566523414431694,-0.005723026510228173
commons-beanutils,RSZZ,42,0.95,0.25,0.04890899564703743,0.4160106533604098,-0.005723026510228173
commons-beanutils,RSZZ,42,0.99,0.0,0.035090723104196246,0.4624516105693066,0.027652022478385233
commons-beanutils,RSZZ,42,0.99,0.05,0.03690263651749381,0.4863303512183241,0.027652022478385233
commons-beanutils,RSZZ,42,0.99,0.1,0.04225051988604834,0.5137416982869933,0.027652022478385233
commons-beanutils,RSZZ,42,0.99,0.25,0.05611320063818983,0.5363108962484944,0.027652022478385233
commons-beanutils,RSZZ,42,0.995,0.0,0.028381593436368948,0.45712574455489946,0.04969198718234179
commons-beanutils,RSZZ,42,0.995,0.05,0.029847080188677155,0.480729483516426,0.04969198718234179
commons-beanutils,RSZZ,42,0.995,0.1,0.03462737810903624,0.5078251453146245,0.04969198718234179
commons-beanutils,RSZZ,42,0.995,0.25,0.04722288477856898,0.5301007845119581,0.04969198718234179
commons-beanutils,RSZZ,42,0.999,0.0,0.014857678100035089,0.4438462055888978,0.05188609759452864
commons-beanutils,RSZZ,42,0.999,0.05,0.015624855970949127,0.4667642540702523,0.05188609759452864
commons-beanutils,RSZZ,42,0.999,0.1,0.019465636203205385,0.49307278475421196,0.05188609759452864
commons-beanutils,RSZZ,42,0.999,0.25,0.029265569644314628,0.5132723685363317,0.05188609759452864
commons-beanutils,RSZZ,77,0.9,0.0,0.015181823858559235,0.2817865796733715,-0.0001877025522119549
commons-beanutils,RSZZ,77,0.9,0.05,0.015965739031978815,0.29633666123998276,-0.0001877025522119549
commons-beanutils,RSZZ,77,0.9,0.1,0.022050111831003583,0.31303927305532725,-0.0001877025522119549
commons-beanutils,RSZZ,77,0.9,0.25,0.025347152051478673,0.29296734552910564,-0.0001877025522119549
commons-beanutils,RSZZ,77,0.95,0.0,0.006299482803905188,0.3348697932272416,-0.005346119342194656
commons-beanutils,RSZZ,77,0.95,0.05,0.0066247573032462434,0.3521608324644486,-0.005346119342194656
commons-beanutils,RSZZ,77,0.95,0.1,0.011383139067102033,0.3720098975669902,-0.005346119342194656
commons-beanutils,RSZZ,77,0.95,0.25,0.016648557638647404,0.3634314096534734,-0.005346119342194656
commons-beanutils,RSZZ,77,0.99,0.0,0.011716960804825214,0.43743971414441446,0.011020909507140028
commons-beanutils,RSZZ,77,0.99,0.05,0.012321967386829964,0.4600269627232998,0.011020909507140028
commons-beanutils,RSZZ,77,0.99,0.1,0.01627848236787696,0.48595575516770406,0.011020909507140028
commons-beanutils,RSZZ,77,0.99,0.25,0.024928466006392785,0.5029027538472904,0.011020909507140028
commons-beanutils,RSZZ,77,0.995,0.0,0.007060248393807721,0.4350662786472876,0.025895840678280088
commons-beanutils,RSZZ,77,0.995,0.05,0.007424805109494861,0.4575309746187482,0.025895840678280088
commons-beanutils,RSZZ,77,0.995,0.1,0.010938460996742401,0.48331908409725943,0.025895840678280088
commons-beanutils,RSZZ,77,0.995,0.25,0.01878480014616625,0.5006473412746988,0.025895840678280088
commons-beanutils,RSZZ,77,0.999,0.0,-0.003266609239576732,0.42454339836210925,0.025478103509523394
commons-beanutils,RSZZ,77,0.999,0.05,-0.003435280973117702,0.44646474423278626,0.025478103509523394
commons-beanutils,RSZZ,77,0.999,0.1,-0.0006693459903397102,0.47162912072590696,0.025478103509523394
commons-beanutils,RSZZ,77,0.999,0.25,0.005099039239729156,0.4875100068299132,0.025478103509523394
commons-beanutils,RSZZ,101,0.9,0.0,0.04703068634582102,0.4479859960545839,0.0017514979996686641
commons-beanutils,RSZZ,101,0.9,0.05,0.049459121096896125,0.47111780307977763,0.0017514979996686641
commons-beanutils,RSZZ,101,0.9,0.1,0.058087184764236445,0.49767171561700146,0.0017514979996686641
commons-beanutils,RSZZ,101,0.9,0.25,0.08489148820304558,0.5744068546015825,0.0017514979996686641
commons-beanutils,RSZZ,101,0.95,0.0,0.05195997876461137,0.46017659602071403,0.02111147718928167
commons-beanutils,RSZZ,101,0.95,0.05,0.0546429380812006,0.4839378660389953,0.02111147718928167
commons-beanutils,RSZZ,101,0.95,0.1,0.06254261603491681,0.5112143639430115,0.02111147718928167
commons-beanutils,RSZZ,101,0.95,0.25,0.09490092425163378,0.5920618021610115,0.02111147718928167
commons-beanutils,RSZZ,101,0.99,0.0,0.047492076694607546,0.4515777865089579,0.07930362329037993
commons-beanutils,RSZZ,101,0.99,0.05,0.049944335387960774,0.4748950560360985,0.07930362329037993
commons-beanutils,RSZZ,101,0.99,0.1,0.05620544397673687,0.5016618682854058,0.07930362329037993
commons-beanutils,RSZZ,101,0.99,0.25,0.08826929459521413,0.5817184578661373,0.07930362329037993
commons-beanutils,RSZZ,101,0.995,0.0,0.03608510143755585,0.4386405535803093,0.08578984089440095
commons-beanutils,RSZZ,101,0.995,0.05,0.037948359687343586,0.46128980763781235,0.08578984089440095
commons-beanutils,RSZZ,101,0.995,0.1,0.04333950122631367,0.48728977861376177,0.08578984089440095
commons-beanutils,RSZZ,101,0.995,0.25,0.07282332384313328,0.5650582033348276,0.08578984089440095
commons-beanutils,RSZZ,101,0.999,0.0,0.019986534688987184,0.42291709343668654,0.07613467856754597
commons-beanutils,RSZZ,101,0.999,0.05,0.0210185416436681,0.4447544648705946,0.07613467856754597
commons-beanutils,RSZZ,101,0.999,0.1,0.025299784358975886,0.4698224437996646,0.07613467856754597
commons-beanutils,RSZZ,101,0.999,0.25,0.051133705401613314,0.5447347358051916,0.07613467856754597
commons-beanutils,RSZZ,123,0.9,0.0,0.0649246959261242,0.4065809032538627,-0.00026503058725351326
commons-beanutils,RSZZ,123,0.9,0.05,0.06827708986378983,0.4275747536800518,-0.00026503058725351326
commons-beanutils,RSZZ,123,0.9,0.1,0.07857769497953275,0.45167442161474575,-0.00026503058725351326
commons-beanutils,RSZZ,123,0.9,0.25,0.06835947194073667,0.4248081693255667,-0.00026503058725351326
commons-beanutils,RSZZ,123,0.95,0.0,0.059447802097008076,0.4297396967454157,-0.005442950472844423
commons-beanutils,RSZZ,123,0.95,0.05,0.06251739600907391,0.45192935406445606,-0.005442950472844423
commons-beanutils,RSZZ,123,0.95,0.1,0.07128692589342571,0.4774017358389981,-0.005442950472844423
commons-beanutils,RSZZ,123,0.95,0.25,0.06892038317609482,0.4616908248167348,-0.005442950472844423
commons-beanutils,RSZZ,123,0.99,0.0,0.06541076090710314,0.5012043478926299,0.042462168036112725
commons-beanutils,RSZZ,123,0.99,0.05,0.06878825286444065,0.5270840904688414,0.042462168036112725
commons-beanutils,RSZZ,123,0.99,0.1,0.07631422778979252,0.5567924664770852,0.042462168036112725
commons-beanutils,RSZZ,123,0.99,0.25,0.08782029411785416,0.5730435003091104,0.042462168036112725
commons-beanutils,RSZZ,123,0.995,0.0,0.05888879303589015,0.49589672885786523,0.0671796148924171
commons-beanutils,RSZZ,123,0.995,0.05,0.06192952245254541,0.5215024119314212,0.0671796148924171
commons-beanutils,RSZZ,123,0.995,0.1,0.06885020323237968,0.5508961842402831,0.0671796148924171
commons-beanutils,RSZZ,123,0.995,0.25,0.08085651902986306,0.5689743153521661,0.0671796148924171
commons-beanutils,RSZZ,123,0.999,0.0,0.04690286440803582,0.48525592993047284,0.07510472177168004
commons-beanutils,RSZZ,123,0.999,0.05,0.04932469905905317,0.510312174160962,0.07510472177168004
commons-beanutils,RSZZ,123,0.999,0.1,0.05536055921025656,0.5390752239773071,0.07510472177168004
commons-beanutils,RSZZ,123,0.999,0.25,0.06623797003918018,0.5573180733662658,0.07510472177168004
commons-beanutils,RSZZ,202,0.9,0.0,0.035552724012208804,0.3105595105046218,-0.00016900300621205163
commons-beanutils,RSZZ,202,0.9,0.05,0.03738849289407845,0.32659528557370726,-0.00016900300621205163
commons-beanutils,RSZZ,202,0.9,0.1,0.044633365304745085,0.3450033834878617,-0.00016900300621205163
commons-beanutils,RSZZ,202,0.9,0.25,0.05309649279592634,0.33243119534583876,-0.00016900300621205163
commons-beanutils,RSZZ,202,0.95,0.0,0.025323128939101092,0.3584494577337127,-0.005178643974386975
commons-beanutils,RSZZ,202,0.95,0.05,0.026630691534923867,0.3769580355857115,-0.005178643974386975
commons-beanutils,RSZZ,202,0.95,0.1,0.03241724239812788,0.39820476122781534,-0.005178643974386975
commons-beanutils,RSZZ,202,0.95,0.25,0.042445273689228374,0.3955229442499485,-0.005178643974386975
commons-beanutils,RSZZ,202,0.99,0.0,0.02939482769529359,0.4552565042929506,0.018143352944300986
commons-beanutils,RSZZ,202,0.99,0.05,0.030912632911918043,0.4787637248244283,0.018143352944300986
commons-beanutils,RSZZ,202,0.99,0.1,0.03580395406019239,0.5057485893145325,0.018143352944300986
commons-beanutils,RSZZ,202,0.99,0.25,0.048179723890362916,0.5265078645438251,0.018143352944300986
commons-beanutils,RSZZ,202,0.995,0.0,0.024667803354215215,0.4526051227055014,0.04011187826615702
commons-beanutils,RSZZ,202,0.995,0.05,0.025941528140147156,0.475975438852085,0.04011187826615702
commons-beanutils,RSZZ,202,0.995,0.1,0.03038855073203073,0.5028031454055661,0.04011187826615702
commons-beanutils,RSZZ,202,0.995,0.25,0.04181223463246842,0.5237356945032399,0.04011187826615702
commons-beanutils,RSZZ,202,0.999,0.0,0.013173178283993212,0.4412811344285004,0.04489345746163044
commons-beanutils,RSZZ,202,0.999,0.05,0.013853376818450695,0.46406673517351776,0.04489345746163044
commons-beanutils,RSZZ,202,0.999,0.1,0.017486345607365096,0.490223223883298,0.04489345746163044
commons-beanutils,RSZZ,202,0.999,0.25,0.02647684018259279,0.5094146619459253,0.04489345746163044
commons-beanutils,RSZZ,314,0.9,0.0,0.0623317806184918,0.44236666941648006,0.0009643297591477424
commons-beanutils,RSZZ,314,0.9,0.05,0.06555028908416263,0.46520832188204697,0.0009643297591477424
commons-beanutils,RSZZ,314,0.9,0.1,0.0744294274315832,0.49142915456994407,0.0009643297591477424
commons-beanutils,RSZZ,314,0.9,0.25,0.08870063679642708,0.5078068003214096,0.0009643297591477424
commons-beanutils,RSZZ,314,0.95,0.0,0.05926540718547468,0.4828940407277814,0.014781569292636722
commons-beanutils,RSZZ,314,0.95,0.05,0.06232558311587784,0.5078283285450507,0.014781569292636722
commons-beanutils,RSZZ,314,0.95,0.1,0.07022346597099104,0.5364513797903173,0.014781569292636722
commons-beanutils,RSZZ,314,0.95,0.25,0.08784727607982588,0.5611829495346691,0.014781569292636722
commons-beanutils,RSZZ,314,0.99,0.0,0.049072448410945976,0.48251995471371956,0.0490037645903346
commons-beanutils,RSZZ,314,0.99,0.05,0.05160630977467813,0.5074349265578015,0.0490037645903346
commons-beanutils,RSZZ,314,0.99,0.1,0.05777703314485838,0.536035804236514,0.0490037645903346
commons-beanutils,RSZZ,314,0.99,0.25,0.07499309185307752,0.5632416610472954,0.0490037645903346
commons-beanutils,RSZZ,314,0.995,0.0,0.04049018641810193,0.47315349072689705,0.05919324178268429
commons-beanutils,RSZZ,314,0.995,0.05,0.04258090172368379,0.49758482415513616,0.05919324178268429
commons-beanutils,RSZZ,314,0.995,0.1,0.04807608305645834,0.5256305142438802,0.05919324178268429
commons-beanutils,RSZZ,314,0.995,0.25,0.06355320462858595,0.5516218492749251,0.05919324178268429
commons-beanutils,RSZZ,314,0.999,0.0,0.027417305793950703,0.4603099009485151,0.06059326298671234
commons-beanutils,RSZZ,314,0.999,0.05,0.028833001445961928,0.4840780541816571,0.06059326298671234
commons-beanutils,RSZZ,314,0.999,0.1,0.03341769416508805,0.5113624535991687,0.06059326298671234
commons-beanutils,RSZZ,314,0.999,0.25,0.046159121138165234,0.5353518932543202,0.06059326298671234
commons-beanutils,RSZZ,999,0.9,0.0,0.07695042331891218,0.3988730575899293,-0.0004943521928999367
commons-beanutils,RSZZ,999,0.9,0.05,0.0809237670358956,0.41946891254293767,-0.0004943521928999367
commons-beanutils,RSZZ,999,0.9,0.1,0.0916366328053349,0.4431117057953578,-0.0004943521928999367
commons-beanutils,RSZZ,999,0.9,0.25,0.08793416525543245,0.4206983662010884,-0.0004943521928999367
commons-beanutils,RSZZ,999,0.95,0.0,0.07484164797671487,0.4345466109572353,-0.00714519750267487
commons-beanutils,RSZZ,999,0.95,0.05,0.07870610484298243,0.45698447382938173,-0.00714519750267487
commons-beanutils,RSZZ,999,0.95,0.1,0.08812557238249116,0.4827417805361287,-0.00714519750267487
commons-beanutils,RSZZ,999,0.95,0.25,0.09072391918612886,0.47290953535212327,-0.00714519750267487
commons-beanutils,RSZZ,999,0.99,0.0,0.09202175921018929,0.528198008743182,0.08120795317635118
commons-beanutils,RSZZ,999,0.99,0.05,0.09677331304204072,0.5554715720173566,0.08120795317635118
commons-beanutils,RSZZ,999,0.99,0.1,0.10573048738892889,0.5867799697128804,0.08120795317635118
commons-beanutils,RSZZ,999,0.99,0.25,0.12252109724515241,0.6099352818669523,0.08120795317635118
commons-beanutils,RSZZ,999,0.995,0.0,0.08662532501753137,0.5219559874531436,0.11784961449284373
commons-beanutils,RSZZ,999,0.995,0.05,0.09109823336611302,0.5489072432596743,0.11784961449284373
commons-beanutils,RSZZ,999,0.995,0.1,0.09953245678400538,0.5798456515161287,0.11784961449284373
commons-beanutils,RSZZ,999,0.995,0.25,0.11698021385082918,0.6041934013947855,0.11784961449284373
commons-beanutils,RSZZ,999,0.999,0.0,0.07333196554726373,0.5100933276195447,0.12189798774414895
commons-beanutils,RSZZ,999,0.999,0.05,0.07711846979238923,0.5364320536584196,0.12189798774414895
commons-beanutils,RSZZ,999,0.999,0.1,0.08460245616765341,0.5666673148646214,0.12189798774414895
commons-beanutils,RSZZ,999,0.999,0.25,0.10060951485724182,0.5906309585927821,0.12189798774414895
commons-beanutils,RASZZ,7,0.9,0.0,0.0287416568511926,0.4533802343239064,0.0009742573755335494
commons-beanutils,RASZZ,7,0.9,0.05,0.030225735518207696,0.4767905734456227,0.0009742573755335494
commons-beanutils,RASZZ,7,0.9,0.1,0.03758871287340606,0.5036642239489214,0.0009742573755335494
commons-beanutils,RASZZ,7,0.9,0.25,0.040531937486564786,0.5114650512485943,0.0009742573755335494
commons-beanutils,RASZZ,7,0.95,0.0,0.021881345198237524,0.4577160867012242,0.015407089860942086
commons-beanutils,RASZZ,7,0.95,0.05,0.02301119090554755,0.4813503080455216,0.015407089860942086
commons-beanutils,RASZZ,7,0.95,0.1,0.028843172710696457,0.5084809617717236,0.015407089860942086
commons-beanutils,RASZZ,7,0.95,0.25,0.03551130243002742,0.519392559924569,0.015407089860942086
commons-beanutils,RASZZ,7,0.99,0.0,0.000774447463194915,0.4350939236262704,0.016502924825256695
commons-beanutils,RASZZ,7,0.99,0.05,0.0008144361445991275,0.4575600470493135,0.016502924825256695
commons-beanutils,RASZZ,7,0.99,0.1,0.004092101396464791,0.48334979515572934,0.016502924825256695
commons-beanutils,RASZZ,7,0.99,0.25,0.00897958711996903,0.4957540651974692,0.016502924825256695
commons-beanutils,RASZZ,7,0.995,0.0,-0.005263100092809789,0.4290743831744403,0.0017740410844763529
commons-beanutils,RASZZ,7,0.995,0.05,-0.005534860854917006,0.4512296869528108,0.0017740410844763529
commons-beanutils,RASZZ,7,0.995,0.1,-0.002792371848910523,0.4766626329446964,0.0017740410844763529
commons-beanutils,RASZZ,7,0.995,0.25,0.001097498755799456,0.48907134138653746,0.0017740410844763529
commons-beanutils,RASZZ,7,0.999,0.0,-0.010561860419539198,0.4231473295747744,-0.0041297240785326955
commons-beanutils,RASZZ,7,0.999,0.05,-0.011107223263921601,0.4449965892774306,-0.0041297240785326955
commons-beanutils,RASZZ,7,0.999,0.1,-0.008820836075966463,0.4700782152185221,-0.0041297240785326955
commons-beanutils,RASZZ,7,0.999,0.25,-0.005803219273978616,0.4823779395366745,-0.0041297240785326955
commons-beanutils,RASZZ,13,0.9,0.0,0.028815590578116758,0.443702760588788,0.0009885764827091555
commons-beanutils,RASZZ,13,0.9,0.05,0.03030348682139301,0.4666134022715137,0.0009885764827091555
commons-beanutils,RASZZ,13,0.9,0.1,0.037670846522770904,0.4929134303995445,0.0009885764827091555
commons-beanutils,RASZZ,13,0.9,0.25,0.03202030158958198,0.49298983153828785,0.0009885764827091555
commons-beanutils,RASZZ,13,0.95,0.0,0.026553931410513914,0.45511028410028903,0.016100171057545472
commons-beanutils,RASZZ,13,0.95,0.05,0.027925046629645435,0.4786099545357601,0.016100171057545472
commons-beanutils,RASZZ,13,0.95,0.1,0.034033991211970774,0.5055861519732302,0.016100171057545472
commons-beanutils,RASZZ,13,0.95,0.25,0.035994525789941965,0.5129196564340135,0.016100171057545472
commons-beanutils,RASZZ,13,0.99,0.0,0.01167382413811571,0.4462305362518705,0.03038905281141523
commons-beanutils,RASZZ,13,0.99,0.05,0.012276603353508948,0.46927169991375717,0.03038905281141523
commons-beanutils,RASZZ,13,0.99,0.1,0.0162003180298768,0.4957215593634417,0.03038905281141523
commons-beanutils,RASZZ,13,0.99,0.25,0.022255413456016088,0.5097857598913619,0.03038905281141523
commons-beanutils,RASZZ,13,0.995,0.0,0.00566522592273957,0.44051610672388114,0.020246634640727578
commons-beanutils,RASZZ,13,0.995,0.05,0.005957750497063471,0.4632622051777821,0.020246634640727578
commons-beanutils,RASZZ,13,0.995,0.1,0.00934800487018158,0.48937334765143886,0.020246634640727578
commons-beanutils,RASZZ,13,0.995,0.25,0.014870013177807858,0.5037281713163773,0.020246634640727578
commons-beanutils,RASZZ,13,0.999,0.0,-0.0006887422243680533,0.43427654867271,0.013237788142813563
commons-beanutils,RASZZ,13,0.999,0.05,-0.0007243055061770749,0.45670046684858134,0.013237788142813563
commons-beanutils,RASZZ,13,0.999,0.1,0.0021473006826691187,0.48244176588913784,0.013237788142813563
commons-beanutils,RASZZ,13,0.999,0.25,0.006865000374212525,0.49676602488389887,0.013237788142813563
commons-beanutils,RASZZ,21,0.9,0.0,0.04405767110305922,0.3648782466588009,-0.0002630928103192144
commons-beanutils,RASZZ,21,0.9,0.05,0.046332593879465034,0.3837187757461745,-0.0002630928103192144
commons-beanutils,RASZZ,21,0.9,0.1,0.0430203360596318,0.3879219930719481,-0.0002630928103192144
commons-beanutils,RASZZ,21,0.9,0.25,0.0642765361795901,0.41005262756304955,-0.0002630928103192144
commons-beanutils,RASZZ,21,0.95,0.0,0.04213286877300947,0.4073675187221186,-0.004678279940910834
commons-beanutils,RASZZ,21,0.95,0.05,0.04430840416576385,0.42840198612601454,-0.004678279940910834
commons-beanutils,RASZZ,21,0.95,0.1,0.04168865945556226,0.43497450613635835,-0.004678279940910834
commons-beanutils,RASZZ,21,0.95,0.25,0.061196808217728466,0.4475276505441806,-0.004678279940910834
commons-beanutils,RASZZ,21,0.99,0.0,0.05250789982678542,0.5037804074522427,0.07484696836768022
commons-beanutils,RASZZ,21,0.99,0.05,0.055219151108719264,0.5297931651520142,0.07484696836768022
commons-beanutils,RASZZ,21,0.99,0.1,0.05444729239914124,0.5420531567485308,0.07484696836768022
commons-beanutils,RASZZ,21,0.99,0.25,0.06673821281250977,0.5525689781341333,0.07484696836768022
commons-beanutils,RASZZ,21,0.995,0.0,0.044671599166245524,0.49668783801852806,0.09479152456721496
commons-beanutils,RASZZ,21,0.995,0.05,0.04697822218687782,0.5223343701021009,0.09479152456721496
commons-beanutils,RASZZ,21,0.995,0.1,0.0459130044251091,0.5341565644665494,0.09479152456721496
commons-beanutils,RASZZ,21,0.995,0.25,0.054538086891097584,0.5396100574241721,0.09479152456721496
commons-beanutils,RASZZ,21,0.999,0.0,0.03067779322489866,0.48464216851948494,0.07842051231692304
commons-beanutils,RASZZ,21,0.999,0.05,0.03226184451017742,0.5096667211108524,0.07842051231692304
commons-beanutils,RASZZ,21,0.999,0.1,0.030504017018013925,0.5207563705570459,0.07842051231692304
commons-beanutils,RASZZ,21,0.999,0.25,0.03444377266784759,0.5206491168264942,0.07842051231692304
commons-beanutils,RASZZ,42,0.9,0.0,0.044399955343312175,0.5052408621508048,0.002010560928947144
commons-beanutils,RASZZ,42,0.9,0.05,0.04669255200475687,0.5313290305923265,0.002010560928947144
commons-beanutils,RASZZ,42,0.9,0.1,0.0437112809846011,0.5442835888151752,0.002010560928947144
commons-beanutils,RASZZ,42,0.9,0.25,0.07616486175836662,0.6145168214315971,0.002010560928947144
commons-beanutils,RASZZ,42,0.95,0.0,0.03872803571897291,0.5101398009001166,0.026635476780572175
commons-beanutils,RASZZ,42,0.95,0.05,0.04072776217606274,0.5364809265920331,0.026635476780572175
commons-beanutils,RASZZ,42,0.95,0.1,0.0381771766505446,0.5495903948950989,0.026635476780572175
commons-beanutils,RASZZ,42,0.95,0.25,0.06617143979759757,0.6004261440764562,0.026635476780572175
commons-beanutils,RASZZ,42,0.99,0.0,0.013456425283152836,0.46308691886785003,0.0795719935750987
commons-beanutils,RASZZ,42,0.99,0.05,0.014151249308100489,0.48699846373193867,0.0795719935750987
commons-beanutils,RASZZ,42,0.99,0.1,0.011222749289758307,0.4971838200114277,0.0795719935750987
commons-beanutils,RASZZ,42,0.99,0.25,0.020480876419263775,0.5082197384884056,0.0795719935750987
commons-beanutils,RASZZ,42,0.995,0.0,0.003049823981755259,0.4505542370848888,0.06583704681241667
commons-beanutils,RASZZ,42,0.995,0.05,0.0032073019842555318,0.47381865552300695,0.06583704681241667
commons-beanutils,RASZZ,42,0.995,0.1,-0.00018210673253583952,0.4832239364512447,0.06583704681241667
commons-beanutils,RASZZ,42,0.995,0.25,0.004146181868804487,0.4868811965922833,0.06583704681241667
commons-beanutils,RASZZ,42,0.999,0.0,-0.009085806852021252,0.43914715407098354,0.034205796681139086
commons-beanutils,RASZZ,42,0.999,0.05,-0.009554953505309785,0.46182256650149905,0.034205796681139086
commons-beanutils,RASZZ,42,0.999,0.1,-0.013538645958374961,0.4705167975342372,0.034205796681139086
commons-beanutils,RASZZ,42,0.999,0.25,-0.01405915611902049,0.4678664793950999,0.034205796681139086
commons-beanutils,RASZZ,77,0.9,0.0,0.05905924793135036,0.514460497412338,0.003033479704192871
commons-beanutils,RASZZ,77,0.9,0.05,0.06210877880560253,0.5410247227520456,0.003033479704192871
commons-beanutils,RASZZ,77,0.9,0.1,0.07097906530082339,0.5715188434889792,0.003033479704192871
commons-beanutils,RASZZ,77,0.9,0.25,0.09010216670045165,0.6118026367503916,0.003033479704192871
commons-beanutils,RASZZ,77,0.95,0.0,0.05830115084868079,0.5199953644444806,0.028948452334826714
commons-beanutils,RASZZ,77,0.95,0.05,0.06131153729525639,0.546845383262612,0.028948452334826714
commons-beanutils,RASZZ,77,0.95,0.1,0.06906291296871996,0.5776675775919592,0.028948452334826714
commons-beanutils,RASZZ,77,0.95,0.25,0.09118847471157693,0.6165740137630633,0.028948452334826714
commons-beanutils,RASZZ,77,0.99,0.0,0.037151417585422904,0.47211969346571747,0.11869753341296493
commons-beanutils,RASZZ,77,0.99,0.05,0.03906973518880103,0.49649764665671847,0.11869753341296493
commons-beanutils,RASZZ,77,0.99,0.1,0.04437101266736518,0.524482059468279,0.11869753341296493
commons-beanutils,RASZZ,77,0.99,0.25,0.06129263793036773,0.552256955651079,0.11869753341296493
commons-beanutils,RASZZ,77,0.995,0.0,0.020653094558460938,0.4498425911112101,0.11151619601858846
commons-beanutils,RASZZ,77,0.995,0.05,0.021719519406574243,0.4730702636298612,0.11151619601858846
commons-beanutils,RASZZ,77,0.995,0.1,0.025879540331721,0.4997342239435443,0.11151619601858846
commons-beanutils,RASZZ,77,0.995,0.25,0.03881251307727839,0.5229168627057613,0.11151619601858846
commons-beanutils,RASZZ,77,0.999,0.0,0.000377590579523668,0.42749556979879644,0.07443233118329946
commons-beanutils,RASZZ,77,0.999,0.05,0.00039708751134072184,0.44956935137188403,0.07443233118329946
commons-beanutils,RASZZ,77,0.999,0.1,0.003224081367214647,0.47490871481284475,0.07443233118329946
commons-beanutils,RASZZ,77,0.999,0.25,0.01143190980889593,0.49356356421086484,0.07443233118329946
commons-beanutils,RASZZ,101,0.9,0.0,0.06409812252710016,0.5389168626146049,0.003822254657953035
commons-beanutils,RASZZ,101,0.9,0.05,0.06740783625483339,0.5667438951076137,0.003822254657953035
commons-beanutils,RASZZ,101,0.9,0.1,0.076866532015187,0.5986876419227701,0.003822254657953035
commons-beanutils,RASZZ,101,0.9,0.25,0.08443121932225235,0.6235255028204857,0.003822254657953035
commons-beanutils,RASZZ,101,0.95,0.0,0.056468535848724424,0.529573996574708,0.03347645418271579
commons-beanutils,RASZZ,101,0.95,0.05,0.0593842950147515,0.5569186091345035,0.03347645418271579
commons-beanutils,RASZZ,101,0.95,0.1,0.06726639723332827,0.5883085671039028,0.03347645418271579
commons-beanutils,RASZZ,101,0.95,0.25,0.07889732180654689,0.6135039968705674,0.03347645418271579
commons-beanutils,RASZZ,101,0.99,0.0,0.0300904056404547,0.46656401710826884,0.0892590119283642
commons-beanutils,RASZZ,101,0.99,0.05,0.03164412710209608,0.4906551023290056,0.0892590119283642
commons-beanutils,RASZZ,101,0.99,0.1,0.03665946584429339,0.5183102080966404,0.0892590119283642
commons-beanutils,RASZZ,101,0.99,0.25,0.04707404177538407,0.536865096637237,0.0892590119283642
commons-beanutils,RASZZ,101,0.995,0.0,0.020470661562203365,0.4525135352689285,0.08001262179759568
commons-beanutils,RASZZ,101,0.995,0.05,0.02152766646214502,0.47587912228797813,0.08001262179759568
commons-beanutils,RASZZ,101,0.995,0.1,0.02579549791693137,0.5027014000896642,0.08001262179759568
commons-beanutils,RASZZ,101,0.995,0.25,0.03463245597354074,0.5196230491700096,0.08001262179759568
commons-beanutils,RASZZ,101,0.999,0.0,0.009080816805487715,0.440240298688113,0.055637158710311
commons-beanutils,RASZZ,101,0.999,0.05,0.009549705797165223,0.4629721557632307,0.055637158710311
commons-beanutils,RASZZ,101,0.999,0.1,0.013000392623108892,0.4890669499971583,0.055637158710311
commons-beanutils,RASZZ,101,0.999,0.25,0.019768798319359498,0.5045816519015116,0.055637158710311
commons-beanutils,RASZZ,123,0.9,0.0,0.04448580673634191,0.37110456313578316,-0.00011586007390794649
commons-beanutils,RASZZ,123,0.9,0.05,0.046782836344070405,0.3902665887710215,-0.00011586007390794649
commons-beanutils,RASZZ,123,0.9,0.1,0.05483225453614276,0.4122634328653882,-0.00011586007390794649
commons-beanutils,RASZZ,123,0.9,0.25,0.05735703280246233,0.4006958153198862,-0.00011586007390794649
commons-beanutils,RASZZ,123,0.95,0.0,0.035397229296346366,0.39766335724115287,-0.0029581850759164453
commons-beanutils,RASZZ,123,0.95,0.05,0.037224969191166316,0.4181967491813157,-0.0029581850759164453
commons-beanutils,RASZZ,123,0.95,0.1,0.043807153641424526,0.4417678386806262,-0.0029581850759164453
commons-beanutils,RASZZ,123,0.95,0.25,0.050839157645992734,0.4380674214655737,-0.0029581850759164453
commons-beanutils,RASZZ,123,0.99,0.0,0.03535112853578046,0.46909647464798077,0.07421273744706502
commons-beanutils,RASZZ,123,0.99,0.05,0.03717648801267102,0.49331832359710187,0.07421273744706502
commons-beanutils,RASZZ,123,0.99,0.1,0.042564407165712005,0.5211235381998477,0.07421273744706502
commons-beanutils,RASZZ,123,0.99,0.25,0.054346995393062016,0.5403612562262636,0.07421273744706502
commons-beanutils,RASZZ,123,0.995,0.0,0.027029952671689745,0.45918240030265983,0.08636465119442485
commons-beanutils,RASZZ,123,0.995,0.05,0.028425647301897485,0.48289233491381267,0.08636465119442485
commons-beanutils,RASZZ,123,0.995,0.1,0.03314873266945919,0.5101099028816821,0.08636465119442485
commons-beanutils,RASZZ,123,0.995,0.25,0.04367139410927734,0.528679106905288,0.08636465119442485
commons-beanutils,RASZZ,123,0.999,0.0,0.013487514273293562,0.44506667649630255,0.06681637534084163
commons-beanutils,RASZZ,123,0.999,0.05,0.014183943581725244,0.46804774412950245,0.06681637534084163
commons-beanutils,RASZZ,123,0.999,0.1,0.017965443116205845,0.49442861698043794,0.06681637534084163
commons-beanutils,RASZZ,123,0.999,0.25,0.025977280030157354,0.5112391798726764,0.06681637534084163
commons-beanutils,RASZZ,202,0.9,0.0,0.043009009532153336,0.3572845522507939,-0.0002445390578995745
commons-beanutils,RASZZ,202,0.9,0.05,0.04522978455102529,0.3757329800778573,-0.0002445390578995745
commons-beanutils,RASZZ,202,0.9,0.1,0.05351566573541075,0.39691065713679113,-0.0002445390578995745
commons-beanutils,RASZZ,202,0.9,0.25,0.05082439990081783,0.3756841542745497,-0.0002445390578995745
commons-beanutils,RASZZ,202,0.95,0.0,0.04125791013200891,0.3944750350479647,-0.004324918731893992
commons-beanutils,RASZZ,202,0.95,0.05,0.043388266937448274,0.4148437976149853,-0.004324918731893992
commons-beanutils,RASZZ,202,0.95,0.1,0.050403561158355266,0.43822590257146626,-0.004324918731893992
commons-beanutils,RASZZ,202,0.95,0.25,0.05411835285755369,0.4301598369890808,-0.004324918731893992
commons-beanutils,RASZZ,202,0.99,0.0,0.051676478991263264,0.4876870068414102,0.07075983195865834
commons-beanutils,RASZZ,202,0.99,0.05,0.05434479976533881,0.5128687800001749,0.07075983195865834
commons-beanutils,RASZZ,202,0.99,0.1,0.060650368718398615,0.5417759294183666,0.07075983195865834
commons-beanutils,RASZZ,202,0.99,0.25,0.07367627174724235,0.562873061732512,0.07075983195865834
commons-beanutils,RASZZ,202,0.995,0.0,0.0457280134078687,0.4816191186715509,0.0911471399851777
commons-beanutils,RASZZ,202,0.995,0.05,0.0480891844960547,0.5064875757458134,0.0911471399851777
commons-beanutils,RASZZ,202,0.995,0.1,0.05386298260629228,0.5350350572878502,0.0911471399851777
commons-beanutils,RASZZ,202,0.995,0.25,0.0665544798801053,0.5564032875670399,0.0911471399851777
commons-beanutils,RASZZ,202,0.999,0.0,0.034086291717706406,0.4709053047471291,0.08109484202678853
commons-beanutils,RASZZ,202,0.999,0.05,0.03584634120399073,0.49522055284078464,0.08109484202678853
commons-beanutils,RASZZ,202,0.999,0.1,0.040786746208993474,0.5231329840009016,0.08109484202678853
commons-beanutils,RASZZ,202,0.999,0.25,0.05169425144432665,0.5435640131719901,0.08109484202678853
commons-beanutils,RASZZ,314,0.9,0.0,0.02961114088280829,0.3659794215148849,-0.00014904366633078733
commons-beanutils,RASZZ,314,0.9,0.05,0.031140115455070325,0.38487680988914746,-0.00014904366633078733
commons-beanutils,RASZZ,314,0.9,0.1,0.03792777532894092,0.40656986644653575,-0.00014904366633078733
commons-beanutils,RASZZ,314,0.9,0.25,0.03747116656995525,0.3871076230252549,-0.00014904366633078733
commons-beanutils,RASZZ,314,0.95,0.0,0.015232357835925744,0.37852278333724737,-0.0036487845679964276
commons-beanutils,RASZZ,314,0.95,0.05,0.016018882336920188,0.39806784960250974,-0.0036487845679964276
commons-beanutils,RASZZ,314,0.95,0.1,0.021239625077609,0.42050440112556026,-0.0036487845679964276
commons-beanutils,RASZZ,314,0.95,0.25,0.0217419642637202,0.40779366299253944,-0.0036487845679964276
commons-beanutils,RASZZ,314,0.99,0.0,0.003965494791308024,0.43200628119173007,0.026560456245623913
commons-beanutils,RASZZ,314,0.99,0.05,0.004170253558501208,0.45431297385223246,0.026560456245623913
commons-beanutils,RASZZ,314,0.99,0.1,0.00766460766212117,0.47991970510572196,0.026560456245623913
commons-beanutils,RASZZ,314,0.99,0.25,0.011984926698600561,0.48954578852289593,0.026560456245623913
commons-beanutils,RASZZ,314,0.995,0.0,-8.84447495753578e-05,0.42974928674893303,0.0324629893199595
commons-beanutils,RASZZ,314,0.995,0.05,-9.301160411453445e-05,0.451939439248878,0.0324629893199595
commons-beanutils,RASZZ,314,0.995,0.1,0.0029995079530986007,0.4774123894610874,0.0324629893199595
commons-beanutils,RASZZ,314,0.995,0.25,0.007308347437628364,0.48844761728420283,0.0324629893199595
commons-beanutils,RASZZ,314,0.999,0.0,-0.0071687577421125324,0.42363906903137605,0.020993519162213987
commons-beanutils,RASZZ,314,0.999,0.05,-0.007538917350138995,0.44551371975588766,0.020993519162213987
commons-beanutils,RASZZ,314,0.999,0.1,-0.004998057203459821,0.47062449305121956,0.020993519162213987
commons-beanutils,RASZZ,314,0.999,0.25,-0.0015705021246997456,0.48192952388341526,0.020993519162213987
commons-beanutils,RASZZ,999,0.9,0.0,0.04971378923729105,0.3955223678286272,-0.00023406662056968448
commons-beanutils,RASZZ,999,0.9,0.05,0.052280766306342236,0.41594520954094877,-0.00023406662056968448
commons-beanutils,RASZZ,999,0.9,0.1,0.06064006782356081,0.4393893940787113,-0.00023406662056968448
commons-beanutils,RASZZ,999,0.9,0.25,0.04845588000657267,0.41216419244360425,-0.00023406662056968448
commons-beanutils,RASZZ,999,0.95,0.0,0.0358836730558565,0.4070197262619968,-0.004530922743335668
commons-beanutils,RASZZ,999,0.95,0.05,0.03773653052862018,0.42803623536330465,-0.004530922743335668
commons-beanutils,RASZZ,999,0.95,0.1,0.04434754843608033,0.4521619140837818,-0.004530922743335668
commons-beanutils,RASZZ,999,0.95,0.25,0.0366795683902434,0.43229753870826193,-0.004530922743335668
commons-beanutils,RASZZ,999,0.99,0.0,0.034228338362026614,0.4692069965159995,0.010951230253798053
commons-beanutils,RASZZ,999,0.99,0.05,0.03599572244268203,0.4934345522741406,0.010951230253798053
commons-beanutils,RASZZ,999,0.99,0.1,0.04131708935450546,0.521246317947774,0.010951230253798053
commons-beanutils,RASZZ,999,0.99,0.25,0.044692903596447446,0.5292520547699175,0.010951230253798053
commons-beanutils,RASZZ,999,0.995,0.0,0.03500939586262144,0.47250313753995266,0.022937523510317595
commons-beanutils,RASZZ,999,0.995,0.05,0.03681710993470172,0.4969008899086249,0.022937523510317595
commons-beanutils,RASZZ,999,0.995,0.1,0.042013168650657844,0.524908030976202,0.022937523510317595
commons-beanutils,RASZZ,999,0.995,0.25,0.047411053657478046,0.5364213939460948,0.022937523510317595
commons-beanutils,RASZZ,999,0.999,0.0,0.03352215602136693,0.4718989024511515,0.03402135532035077
commons-beanutils,RASZZ,999,0.999,0.05,0.03525307629785748,0.49626545507341413,0.03402135532035077
commons-beanutils,RASZZ,999,0.999,0.1,0.040222108767247355,0.5242367807230065,0.03402135532035077
commons-beanutils,RASZZ,999,0.999,0.25,0.046772061630057274,0.5379948655082668,0.03402135532035077
commons-codec,oracle,7,0.9,0.0,0.09567995297227878,0.57765084015805,0.2350649098845555
commons-codec,oracle,7,0.9,0.05,0.09673448794301864,0.5825464191559694,0.2350649098845555
commons-codec,oracle,7,0.9,0.1,0.08792043929499893,0.5751449169224047,0.2350649098845555
commons-codec,oracle,7,0.9,0.25,0.07992773320774577,0.5934438070757697,0.2350649098845555
commons-codec,oracle,7,0.95,0.0,0.09840243182795748,0.5701440918636165,0.1823842645410522
commons-codec,oracle,7,0.95,0.05,0.09991530182548787,0.5755711325205859,0.1823842645410522
commons-codec,oracle,7,0.95,0.1,0.09286030960781355,0.5693698841464678,0.1823842645410522
commons-codec,oracle,7,0.95,0.25,0.08633817448715546,0.5778378649458683,0.1823842645410522
commons-codec,oracle,7,0.99,0.0,0.09455724102355113,0.5686394598605455,0.09403575701351309
commons-codec,oracle,7,0.99,0.05,0.09646534981387812,0.5746202230613862,0.09403575701351309
commons-codec,oracle,7,0.99,0.1,0.09237066958791408,0.5711562456384403,0.09403575701351309
commons-codec,oracle,7,0.99,0.25,0.08403554841462166,0.5677900014180373,0.09403575701351309
commons-codec,oracle,7,0.995,0.0,0.10044128778558706,0.5783737968884816,0.07705731417584803
commons-codec,oracle,7,0.995,0.05,0.1027456841008494,0.584926616016657,0.07705731417584803
commons-codec,oracle,7,0.995,0.1,0.09949738476494586,0.582505388726199,0.07705731417584803
commons-codec,oracle,7,0.995,0.25,0.09192722385936967,0.5796489032143309,0.07705731417584803
commons-codec,oracle,7,0.999,0.0,0.11223810401320121,0.5933224020722182,0.08742557230109312
commons-codec,oracle,7,0.999,0.05,0.11523264272153994,0.6007053355381137,0.08742557230109312
commons-codec,oracle,7,0.999,0.1,0.11308553060083566,0.5995499618845174,0.08742557230109312
commons-codec,oracle,7,0.999,0.25,0.10776038238924833,0.5988342067432119,0.08742557230109312
commons-codec,oracle,13,0.9,0.0,0.09219272095728488,0.5706194691067429,0.23576881107329
commons-codec,oracle,13,0.9,0.05,0.09306397125780376,0.5751454878004442,0.23576881107329
commons-codec,oracle,13,0.9,0.1,0.08289462257254103,0.566654652551472,0.23576881107329
commons-codec,oracle,13,0.9,0.25,0.08307904170497568,0.5930876153320757,0.23576881107329
commons-codec,oracle,13,0.95,0.0,0.09270820481083937,0.5625053729404983,0.18355134591415523
commons-codec,oracle,13,0.95,0.05,0.0939217931670828,0.567530931828341,0.18355134591415523
commons-codec,oracle,13,0.95,0.1,0.08584688650656284,0.5604082514234183,0.18355134591415523
commons-codec,oracle,13,0.95,0.25,0.08596811154009133,0.5762711684617224,0.18355134591415523
commons-codec,oracle,13,0.99,0.0,0.08799505396095748,0.5599657083714116,0.10866913734053626
commons-codec,oracle,13,0.99,0.05,0.0895582621864455,0.5654905897512464,0.10866913734053626
commons-codec,oracle,13,0.99,0.1,0.08477791854622078,0.5612716209293975,0.10866913734053626
commons-codec,oracle,13,0.99,0.25,0.07710575086413417,0.5594099181810396,0.10866913734053626
commons-codec,oracle,13,0.995,0.0,0.08927348683871836,0.562187347837821,0.08919533728364831
commons-codec,oracle,13,0.995,0.05,0.09099091712911073,0.5678894269052426,0.08919533728364831
commons-codec,oracle,13,0.995,0.1,0.08682566925713682,0.5643015368932995,0.08919533728364831
commons-codec,oracle,13,0.995,0.25,0.07797424804655902,0.5600898602545686,0.08919533728364831
commons-codec,oracle,13,0.999,0.0,0.09614605251872828,0.5699593046951581,0.0823747464755537
commons-codec,oracle,13,0.999,0.05,0.09829481258697026,0.576114302199327,0.0823747464755537
commons-codec,oracle,13,0.999,0.1,0.09497088801756397,0.5733938897092371,0.0823747464755537
commons-codec,oracle,13,0.999,0.25,0.0866354866780152,0.5688768988908965,0.0823747464755537
commons-codec,oracle,21,0.9,0.0,0.09686721122303314,0.5521706751936436,0.23546831494175657
commons-codec,oracle,21,0.9,0.05,0.09798414704236039,0.5557270477342359,0.23546831494175657
commons-codec,oracle,21,0.9,0.1,0.08808774241521904,0.5461589851531239,0.23546831494175657
commons-codec,oracle,21,0.9,0.25,0.11093018217460207,0.6044909639015478,0.23546831494175657
commons-codec,oracle,21,0.95,0.0,0.09436066784479077,0.5503687265613707,0.18225568947351353
commons-codec,oracle,21,0.95,0.05,0.09566110764680204,0.5547563980876549,0.18225568947351353
commons-codec,oracle,21,0.95,0.1,0.08768268850486505,0.5469250574168256,0.18225568947351353
commons-codec,oracle,21,0.95,0.25,0.10861962775854192,0.5897339722622369,0.18225568947351353
commons-codec,oracle,21,0.99,0.0,0.07832808164059038,0.5556278948989412,0.1151100828360579
commons-codec,oracle,21,0.99,0.05,0.07938320556708262,0.5609247860824358,0.1151100828360579
commons-codec,oracle,21,0.99,0.1,0.07403840623118522,0.5564525318015873,0.1151100828360579
commons-codec,oracle,21,0.99,0.25,0.07616493150231779,0.5652085190580493,0.1151100828360579
commons-codec,oracle,21,0.995,0.0,0.07217673699472614,0.5505534693642408,0.09852649307535123
commons-codec,oracle,21,0.995,0.05,0.07299558292264034,0.5556440859392748,0.09852649307535123
commons-codec,oracle,21,0.995,0.1,0.06783205373702283,0.5513768923408986,0.09852649307535123
commons-codec,oracle,21,0.995,0.25,0.06489705608912603,0.5535163636259597,0.09852649307535123
commons-codec,oracle,21,0.999,0.0,0.0693739216971123,0.5472165111179205,0.07796159279350517
commons-codec,oracle,21,0.999,0.05,0.07011557115508953,0.5521761750730783,0.07796159279350517
commons-codec,oracle,21,0.999,0.1,0.06522841859384171,0.5481278080854738,0.07796159279350517
commons-codec,oracle,21,0.999,0.25,0.05884480385407508,0.5455623910311413,0.07796159279350517
commons-codec,oracle,42,0.9,0.0,0.074516096010039,0.5418349903632673,0.23558374936727305
commons-codec,oracle,42,0.9,0.05,0.07445828441844816,0.5448481318892616,0.23558374936727305
commons-codec,oracle,42,0.9,0.1,0.06325679544136714,0.5346765674072604,0.23558374936727305
commons-codec,oracle,42,0.9,0.25,0.06043526534512477,0.5553081956212778,0.23558374936727305
commons-codec,oracle,42,0.95,0.0,0.07294904124875877,0.5346824478651813,0.1843203314540475
commons-codec,oracle,42,0.95,0.05,0.0731241120180602,0.5382456676757598,0.1843203314540475
commons-codec,oracle,42,0.95,0.1,0.0638954653813901,0.5294984032740515,0.1843203314540475
commons-codec,oracle,42,0.95,0.25,0.06049701083470567,0.5397564402328228,0.1843203314540475
commons-codec,oracle,42,0.99,0.0,0.0698255682569926,0.5375446281950634,0.08753729114765184
commons-codec,oracle,42,0.99,0.05,0.07043381042888357,0.5418910848906641,0.08753729114765184
commons-codec,oracle,42,0.99,0.1,0.0645925482969985,0.5363629464561114,0.08753729114765184
commons-codec,oracle,42,0.99,0.25,0.0533235439849264,0.5297562355982864,0.08753729114765184
commons-codec,oracle,42,0.995,0.0,0.0758534861129032,0.5462631734261685,0.0624460064287742
commons-codec,oracle,42,0.995,0.05,0.0768655774993108,0.5511282972686345,0.0624460064287742
commons-codec,oracle,42,0.995,0.1,0.07191673414422393,0.5466105927659016,0.0624460064287742
commons-codec,oracle,42,0.995,0.25,0.06042646606535622,0.539046633507934,0.0624460064287742
commons-codec,oracle,42,0.999,0.0,0.08835226555607611,0.5619281237018267,0.062192807129817416
commons-codec,oracle,42,0.999,0.05,0.09009139366777481,0.5676610121081441,0.062192807129817416
commons-codec,oracle,42,0.999,0.1,0.08631238892474895,0.5644716579779593,0.062192807129817416
commons-codec,oracle,42,0.999,0.25,0.07651134888751857,0.5583172652918084,0.062192807129817416
commons-codec,oracle,77,0.9,0.0,0.08468628175765101,0.5299506275631858,-0.09385885431618954
commons-codec,oracle,77,0.9,0.05,0.08516300275030532,0.5323391414454691,-0.09385885431618954
commons-codec,oracle,77,0.9,0.1,0.07455535216243682,0.5214736475665861,-0.09385885431618954
commons-codec,oracle,77,0.9,0.25,0.0734074299133384,0.5389683799496223,-0.09385885431618954
commons-codec,oracle,77,0.95,0.0,0.08711694642331369,0.5374730484378117,-0.07944087644743049
commons-codec,oracle,77,0.95,0.05,0.08803666504411317,0.541182938817906,-0.07944087644743049
commons-codec,oracle,77,0.95,0.1,0.07963528412275697,0.5325986179248132,-0.07944087644743049
commons-codec,oracle,77,0.95,0.25,0.07855280503600189,0.5429422651464312,-0.07944087644743049
commons-codec,oracle,77,0.99,0.0,0.08468657694205406,0.5470922304017823,0.028915409587951496
commons-codec,oracle,77,0.99,0.05,0.08607589564234384,0.5519404974484969,0.028915409587951496
commons-codec,oracle,77,0.99,0.1,0.08110236962449015,0.5469698446740868,0.028915409587951496
commons-codec,oracle,77,0.99,0.25,0.07263198712323732,0.5422261712254245,0.028915409587951496
commons-codec,oracle,77,0.995,0.0,0.08778123481865492,0.5541891422103511,0.05899638034604161
commons-codec,oracle,77,0.995,0.05,0.08942023415916844,0.5594708453250148,0.05899638034604161
commons-codec,oracle,77,0.995,0.1,0.08516785350929992,0.5554159391086212,0.05899638034604161
commons-codec,oracle,77,0.995,0.25,0.07592083636178806,0.5493992099582146,0.05899638034604161
commons-codec,oracle,77,0.999,0.0,0.09660952653502293,0.567454301263468,0.07965590568695481
commons-codec,oracle,77,0.999,0.05,0.0987826462334436,0.5734776388362341,0.07965590568695481
commons-codec,oracle,77,0.999,0.1,0.09548578396851322,0.5706109588895054,0.07965590568695481
commons-codec,oracle,77,0.999,0.25,0.08718990334662749,0.5655050299055268,0.07965590568695481
commons-codec,oracle,101,0.9,0.0,0.0914603759363543,0.5724811865036994,-0.17772184307308259
commons-codec,oracle,101,0.9,0.05,0.09219089925455667,0.5768177803518696,-0.17772184307308259
commons-codec,oracle,101,0.9,0.1,0.08223010494605305,0.5685649275666812,-0.17772184307308259
commons-codec,oracle,101,0.9,0.25,0.10176530335000647,0.6305269792107324,-0.17772184307308259
commons-codec,oracle,101,0.95,0.0,0.0964147230458141,0.5663126872639201,-0.13900767285320972
commons-codec,oracle,101,0.95,0.05,0.0976232812693657,0.5712515629444982,-0.13900767285320972
commons-codec,oracle,101,0.95,0.1,0.08993663379974923,0.5644653527503571,-0.13900767285320972
commons-codec,oracle,101,0.95,0.25,0.10930041275539165,0.6095117707727369,-0.13900767285320972
commons-codec,oracle,101,0.99,0.0,0.09386883871546994,0.567667298040233,0.023201389321571116
commons-codec,oracle,101,0.99,0.05,0.09550021124767107,0.5733340101203487,0.023201389321571116
commons-codec,oracle,101,0.99,0.1,0.0910921830113144,0.5695857980271243,0.023201389321571116
commons-codec,oracle,101,0.99,0.25,0.0956183747183797,0.5803348286851763,0.023201389321571116
commons-codec,oracle,101,0.995,0.0,0.08983220893547934,0.5632234433910618,0.06636127373899567
commons-codec,oracle,101,0.995,0.05,0.09133625177336226,0.5687216919559975,0.06636127373899567
commons-codec,oracle,101,0.995,0.1,0.08721165519985627,0.5651981680989417,0.06636127373899567
commons-codec,oracle,101,0.995,0.25,0.08734302088184337,0.5696032827417842,0.06636127373899567
commons-codec,oracle,101,0.999,0.0,0.08749484250945393,0.5599314177520017,0.08381360523052474
commons-codec,oracle,101,0.999,0.05,0.088944866212782,0.5653050729106311,0.08381360523052474
commons-codec,oracle,101,0.999,0.1,0.08510657340152615,0.5619887107938547,0.08381360523052474
commons-codec,oracle,101,0.999,0.25,0.08205178021386046,0.5617975740979124,0.08381360523052474
commons-codec,oracle,123,0.9,0.0,0.069259958473307,0.5596099188841104,-0.16883591490230118
commons-codec,oracle,123,0.9,0.05,0.06882365487090662,0.5632700145724681,-0.16883591490230118
commons-codec,oracle,123,0.9,0.1,0.05871908126455285,0.5551736288450168,-0.16883591490230118
commons-codec,oracle,123,0.9,0.25,0.07759615462123728,0.6163791128973476,-0.16883591490230118
commons-codec,oracle,123,0.95,0.0,0.07169600662041875,0.5511005360824233,-0.15524204100355724
commons-codec,oracle,123,0.95,0.05,0.07160537919505608,0.5552398796123834,-0.15524204100355724
commons-codec,oracle,123,0.95,0.1,0.06332098474256831,0.5482319016088237,-0.15524204100355724
commons-codec,oracle,123,0.95,0.25,0.08176656830121053,0.5922746239514227,-0.15524204100355724
commons-codec,oracle,123,0.99,0.0,0.0798395044238697,0.5651045698605796,-0.04607678839487306
commons-codec,oracle,123,0.99,0.05,0.08073351222151923,0.5706365880667992,-0.04607678839487306
commons-codec,oracle,123,0.99,0.1,0.07597012068935884,0.5671362323467751,-0.04607678839487306
commons-codec,oracle,123,0.99,0.25,0.08073485072620722,0.5791962858840042,-0.04607678839487306
commons-codec,oracle,123,0.995,0.0,0.08497850061976915,0.5723111638598781,0.004983484943564929
commons-codec,oracle,123,0.995,0.05,0.08622743845627309,0.578287051951529,0.004983484943564929
commons-codec,oracle,123,0.995,0.1,0.08223857151144826,0.5756569237993672,0.004983484943564929
commons-codec,oracle,123,0.995,0.25,0.08434963045966212,0.5838446604530098,0.004983484943564929
commons-codec,oracle,123,0.999,0.0,0.08929690046108821,0.5747794439469798,0.057180250660465635
commons-codec,oracle,123,0.999,0.05,0.09084163813697796,0.5809334932901309,0.057180250660465635
commons-codec,oracle,123,0.999,0.1,0.08749371523502275,0.5788196384218363,0.057180250660465635
commons-codec,oracle,123,0.999,0.25,0.0876304695857942,0.5835906438542205,0.057180250660465635
commons-codec,oracle,202,0.9,0.0,0.09847188674473879,0.5543481479347583,-0.09388361452488576
commons-codec,oracle,202,0.9,0.05,0.09967316235635484,0.558018965792311,-0.09388361452488576
commons-codec,oracle,202,0.9,0.1,0.08987045492911393,0.548578046110771,-0.09388361452488576
commons-codec,oracle,202,0.9,0.25,0.09236233495827106,0.5719851008960671,-0.09388361452488576
commons-codec,oracle,202,0.95,0.0,0.10134114564503477,0.5624625054358432,-0.07961567995157941
commons-codec,oracle,202,0.95,0.05,0.10300847086393299,0.5674858112598176,-0.07961567995157941
commons-codec,oracle,202,0.95,0.1,0.09543764267418725,0.560360627816057,-0.07961567995157941
commons-codec,oracle,202,0.95,0.25,0.0983365755379737,0.5767802997972251,-0.07961567995157941
commons-codec,oracle,202,0.99,0.0,0.09674179989848343,0.5660160720017033,0.057528529873085134
commons-codec,oracle,202,0.99,0.05,0.09876472644433934,0.5718589531297417,0.057528529873085134
commons-codec,oracle,202,0.99,0.1,0.09449510636878612,0.5679932657799844,0.057528529873085134
commons-codec,oracle,202,0.99,0.25,0.08919613992043345,0.5677015398659802,0.057528529873085134
commons-codec,oracle,202,0.995,0.0,0.095142903990881,0.5662391504657195,0.08813424832583536
commons-codec,oracle,202,0.995,0.05,0.09716882370282548,0.5721541873476086,0.08813424832583536
commons-codec,oracle,202,0.995,0.1,0.09334629181596275,0.5688028825864829,0.08813424832583536
commons-codec,oracle,202,0.995,0.25,0.08613442929677669,0.5656696081613459,0.08813424832583536
commons-codec,oracle,202,0.999,0.0,0.09875614445349881,0.5717733858809018,0.0955099862132224
commons-codec,oracle,202,0.999,0.05,0.10104208777695695,0.5780237292841832,0.0955099862132224
commons-codec,oracle,202,0.999,0.1,0.09787056679473241,0.5754092412163188,0.0955099862132224
commons-codec,oracle,202,0.999,0.25,0.09037711393294531,0.5714385341504357,0.0955099862132224
commons-codec,oracle,314,0.9,0.0,0.0771209381161452,0.5443876116437396,0.23490725386985145
commons-codec,oracle,314,0.9,0.05,0.07720003385516573,0.5475349158373107,0.23490725386985145
commons-codec,oracle,314,0.9,0.1,0.06615064192712893,0.5375123992239604,0.23490725386985145
commons-codec,oracle,314,0.9,0.25,0.06647330136476463,0.5604957093931796,0.23490725386985145
commons-codec,oracle,314,0.95,0.0,0.07715392435214347,0.5369452949670699,0.1802083035301365
commons-codec,oracle,314,0.95,0.05,0.07754999865938213,0.5406274472670975,0.1802083035301365
commons-codec,oracle,314,0.95,0.1,0.06856687566120873,0.5320123107843248,0.1802083035301365
commons-codec,oracle,314,0.95,0.25,0.06789615397399916,0.5440004658614382,0.1802083035301365
commons-codec,oracle,314,0.99,0.0,0.07425097449722316,0.5403290912353451,0.08336748467599044
commons-codec,oracle,314,0.99,0.05,0.07509181063471408,0.5448218959192318,0.08336748467599044
commons-codec,oracle,314,0.99,0.1,0.06950894851424735,0.5394563426220302,0.08336748467599044
commons-codec,oracle,314,0.99,0.25,0.06003570588696528,0.5339123714632059,0.08336748467599044
commons-codec,oracle,314,0.995,0.0,0.0793274878027382,0.548581869818514,0.06265130550606056
commons-codec,oracle,314,0.995,0.05,0.08052216848957974,0.5535688615211586,0.06265130550606056
commons-codec,oracle,314,0.995,0.1,0.07577617251789465,0.5491865459842591,0.06265130550606056
commons-codec,oracle,314,0.995,0.25,0.06569259223410352,0.5424854944984255,0.06265130550606056
commons-codec,oracle,314,0.999,0.0,0.09034878406595667,0.5632892191946225,0.0656291236682737
commons-codec,oracle,314,0.999,0.05,0.09219284676047065,0.569093645123383,0.0656291236682737
commons-codec,oracle,314,0.999,0.1,0.08853041897733156,0.5659837655254304,0.0656291236682737
commons-codec,oracle,314,0.999,0.25,0.07966754227316426,0.5604083174302709,0.0656291236682737
commons-codec,oracle,999,0.9,0.0,0.08568714101487133,0.5316888346092401,-0.09388557115844151
commons-codec,oracle,999,0.9,0.05,0.08621646595188855,0.534168706538204,-0.09388557115844151
commons-codec,oracle,999,0.9,0.1,0.07566725565841445,0.5234047067812536,-0.09388557115844151
commons-codec,oracle,999,0.9,0.25,0.0771825885592777,0.5425302270859191,-0.09388557115844151
commons-codec,oracle,999,0.95,0.0,0.08756571273095776,0.5389727730615166,-0.07990617533461013
commons-codec,oracle,999,0.95,0.05,0.08850901796267073,0.5427614871424419,-0.07990617533461013
commons-codec,oracle,999,0.95,0.1,0.08013384056088414,0.5342647353534838,-0.07990617533461013
commons-codec,oracle,999,0.95,0.25,0.08121601775692705,0.5461002240513826,-0.07990617533461013
commons-codec,oracle,999,0.99,0.0,0.08545060091848766,0.5480070408729294,0.02618639408811629
commons-codec,oracle,999,0.99,0.05,0.08688007578904643,0.5529033892445451,0.02618639408811629
commons-codec,oracle,999,0.99,0.1,0.08195116122458644,0.5479861523653903,0.02618639408811629
commons-codec,oracle,999,0.99,0.25,0.07472783111293262,0.5439953374439306,0.02618639408811629
commons-codec,oracle,999,0.995,0.0,0.08911307546567554,0.5552530073443898,0.05683547577270247
commons-codec,oracle,999,0.995,0.05,0.09082207472954557,0.5605906259156144,0.05683547577270247
commons-codec,oracle,999,0.995,0.1,0.08664746041788776,0.5565978389144656,0.05683547577270247
commons-codec,oracle,999,0.995,0.25,0.0785540259137406,0.5512659480944936,0.05683547577270247
commons-codec,oracle,999,0.999,0.0,0.09826855268200248,0.5686128206185823,0.07982661349590951
commons-codec,oracle,999,0.999,0.05,0.10052886877542346,0.5746970485585606,0.07982661349590951
commons-codec,oracle,999,0.999,0.1,0.09732887725004816,0.5718980146986178,0.07982661349590951
commons-codec,oracle,999,0.999,0.25,0.09008393305802254,0.5674193272850317,0.07982661349590951
commons-codec,BSZZ,7,0.9,0.0,0.03524310903107764,0.4384354841596855,0.5243287003902921
commons-codec,BSZZ,7,0.9,0.05,0.03893816331953403,0.44287048815737573,0.5243287003902921
commons-codec,BSZZ,7,0.9,0.1,0.03168750453766905,0.4323116171525024,0.5243287003902921
commons-codec,BSZZ,7,0.9,0.25,0.05238346822032381,0.47014046286527694,0.5243287003902921
commons-codec,BSZZ,7,0.95,0.0,0.0388728921665676,0.4711535592272198,0.39831001495712165
commons-codec,BSZZ,7,0.95,0.05,0.04377296161832186,0.47758757855568423,0.39831001495712165
commons-codec,BSZZ,7,0.95,0.1,0.03895484403247312,0.47097589164622644,0.39831001495712165
commons-codec,BSZZ,7,0.95,0.25,0.060401160206214444,0.5022663278391032,0.39831001495712165
commons-codec,BSZZ,7,0.99,0.0,0.03764300217682465,0.523603397942868,0.11057808130896114
commons-codec,BSZZ,7,0.99,0.05,0.04356320211540368,0.5328420927993063,0.11057808130896114
commons-codec,BSZZ,7,0.99,0.1,0.04220205208835502,0.5326642151501945,0.11057808130896114
commons-codec,BSZZ,7,0.99,0.25,0.053242499758980155,0.5460920917614884,0.11057808130896114
commons-codec,BSZZ,7,0.995,0.0,0.03109711687305824,0.5240792515443348,0.08922292309751782
commons-codec,BSZZ,7,0.995,0.05,0.036811138807059836,0.5333293509424639,0.08922292309751782
commons-codec,BSZZ,7,0.995,0.1,0.03563008986746736,0.5337169718579898,0.08922292309751782
commons-codec,BSZZ,7,0.995,0.25,0.04282413308748159,0.5432229642774968,0.08922292309751782
commons-codec,BSZZ,7,0.999,0.0,0.01808076766487979,0.5117740985026166,0.06378573066730696
commons-codec,BSZZ,7,0.999,0.05,0.023219407082809302,0.5203629006991789,0.06378573066730696
commons-codec,BSZZ,7,0.999,0.1,0.021744527924573466,0.5204720097674074,0.06378573066730696
commons-codec,BSZZ,7,0.999,0.25,0.024280672848106175,0.5245533859978273,0.06378573066730696
commons-codec,BSZZ,13,0.9,0.0,0.029227691203842783,0.44354773166169276,0.468842257298772
commons-codec,BSZZ,13,0.9,0.05,0.032678555540511245,0.44840155855139263,0.468842257298772
commons-codec,BSZZ,13,0.9,0.1,0.025174699844030934,0.43823162983139957,0.468842257298772
commons-codec,BSZZ,13,0.9,0.25,0.05434132303050885,0.4813556768581082,0.468842257298772
commons-codec,BSZZ,13,0.95,0.0,0.03749559222845,0.4968695233654224,0.3409222115835453
commons-codec,BSZZ,13,0.95,0.05,0.042419792948646444,0.5047866054173727,0.3409222115835453
commons-codec,BSZZ,13,0.95,0.1,0.03755488994282635,0.49971228258978095,0.3409222115835453
commons-codec,BSZZ,13,0.95,0.25,0.06881105291301312,0.5419131050614769,0.3409222115835453
commons-codec,BSZZ,13,0.99,0.0,0.03769143998746257,0.5376111099271293,0.12712108917256618
commons-codec,BSZZ,13,0.99,0.05,0.04371452823780466,0.5476921762620562,0.12712108917256618
commons-codec,BSZZ,13,0.99,0.1,0.04238076134742396,0.548359867415148,0.12712108917256618
commons-codec,BSZZ,13,0.99,0.25,0.06121631455259397,0.5703835333313495,0.12712108917256618
commons-codec,BSZZ,13,0.995,0.0,0.024578447970139652,0.5243685810721461,0.11059259671364001
commons-codec,BSZZ,13,0.995,0.05,0.030049271220721,0.5337363336414115,0.11059259671364001
commons-codec,BSZZ,13,0.995,0.1,0.028514247754227097,0.5341705170345086,0.11059259671364001
commons-codec,BSZZ,13,0.995,0.25,0.041284007611560494,0.5489785086194386,0.11059259671364001
commons-codec,BSZZ,13,0.999,0.0,0.004433015539327224,0.500866704534243,0.06879612941464701
commons-codec,BSZZ,13,0.999,0.05,0.008952795411859914,0.5089816570524514,0.06879612941464701
commons-codec,BSZZ,13,0.999,0.1,0.006709830384367205,0.5084855762130369,0.06879612941464701
commons-codec,BSZZ,13,0.999,0.25,0.012550696569958027,0.5150981340449581,0.06879612941464701
commons-codec,BSZZ,21,0.9,0.0,0.020955390640991445,0.3826123179235177,0.5183294963768061
commons-codec,BSZZ,21,0.9,0.05,0.024046044759448083,0.38451465532781426,0.5183294963768061
commons-codec,BSZZ,21,0.9,0.1,0.016592647496858147,0.3712956685728526,0.5183294963768061
commons-codec,BSZZ,21,0.9,0.25,0.018780362364253917,0.3523589399344418,0.5183294963768061
commons-codec,BSZZ,21,0.95,0.0,0.023448490358858414,0.4520440404155834,0.36942212504536887
commons-codec,BSZZ,21,0.95,0.05,0.027720394434840968,0.45777509134754923,0.36942212504536887
commons-codec,BSZZ,21,0.95,0.1,0.022698857975759996,0.4507875799117254,0.36942212504536887
commons-codec,BSZZ,21,0.95,0.25,0.024405860601772834,0.4422224952396929,0.36942212504536887
commons-codec,BSZZ,21,0.99,0.0,0.034923486802884006,0.5242505847511595,0.07010640332244114
commons-codec,BSZZ,21,0.99,0.05,0.04088324355127609,0.533737988323867,0.07010640332244114
commons-codec,BSZZ,21,0.99,0.1,0.04007574497393148,0.5343809063780128,0.07010640332244114
commons-codec,BSZZ,21,0.99,0.25,0.03920226593754996,0.5338053332138778,0.07010640332244114
commons-codec,BSZZ,21,0.995,0.0,0.03725111590805845,0.5323215054579834,0.05133920630637665
commons-codec,BSZZ,21,0.995,0.05,0.04346840568285929,0.5422087436833457,0.05133920630637665
commons-codec,BSZZ,21,0.995,0.1,0.04335729218105147,0.5438538321329188,0.05133920630637665
commons-codec,BSZZ,21,0.995,0.25,0.042285721772669024,0.5443906276450202,0.05133920630637665
commons-codec,BSZZ,21,0.999,0.0,0.03626822617265502,0.5310458432435268,0.050275580351627165
commons-codec,BSZZ,21,0.999,0.05,0.04254001838804324,0.5408429537620302,0.050275580351627165
commons-codec,BSZZ,21,0.999,0.1,0.042835484840053964,0.5428456300979312,0.050275580351627165
commons-codec,BSZZ,21,0.999,0.25,0.04124696618253805,0.5429698196333074,0.050275580351627165
commons-codec,BSZZ,42,0.9,0.0,-0.001905770450804615,0.3593703044246337,0.5245278208342794
commons-codec,BSZZ,42,0.9,0.05,-0.00016321605212903144,0.35964973880969325,0.5245278208342794
commons-codec,BSZZ,42,0.9,0.1,-0.00940820158693164,0.34462809701318553,0.5245278208342794
commons-codec,BSZZ,42,0.9,0.25,0.006625805956375884,0.3686035030254189,0.5245278208342794
commons-codec,BSZZ,42,0.95,0.0,0.00047392277933200273,0.41801073010918555,0.39936999442845156
commons-codec,BSZZ,42,0.95,0.05,0.0033557891374279623,0.4216516270220409,0.39936999442845156
commons-codec,BSZZ,42,0.95,0.1,-0.003619859162520759,0.4120235803148059,0.39936999442845156
commons-codec,BSZZ,42,0.95,0.25,0.012830470697588997,0.434165863341606,0.39936999442845156
commons-codec,BSZZ,42,0.99,0.0,-0.001131276411203856,0.48439821311420583,0.10919424912572451
commons-codec,BSZZ,42,0.99,0.05,0.002750994638931081,0.4915763311746701,0.10919424912572451
commons-codec,BSZZ,42,0.99,0.1,-0.0008417417623972633,0.4891456965991934,0.10919424912572451
commons-codec,BSZZ,42,0.99,0.25,0.004637202915876888,0.4961353856465815,0.10919424912572451
commons-codec,BSZZ,42,0.995,0.0,-0.0079121256970583,0.48397088395269394,0.07439092496433275
commons-codec,BSZZ,42,0.995,0.05,-0.0042483820724127565,0.4911129363681366,0.07439092496433275
commons-codec,BSZZ,42,0.995,0.1,-0.007679217911419917,0.4891900221912625,0.07439092496433275
commons-codec,BSZZ,42,0.995,0.25,-0.006251220798270944,0.4920339335225013,0.07439092496433275
commons-codec,BSZZ,42,0.999,0.0,-0.018871487231299996,0.47412362491481636,0.03223662888158008
commons-codec,BSZZ,42,0.999,0.05,-0.015675013354248535,0.48073356404590645,0.03223662888158008
commons-codec,BSZZ,42,0.999,0.1,-0.019282811900269054,0.47867192503180644,0.03223662888158008
commons-codec,BSZZ,42,0.999,0.25,-0.022211291741296664,0.47659753502376434,0.03223662888158008
commons-codec,BSZZ,77,0.9,0.0,0.017112560354626608,0.3954521824604764,0.37817498583262454
commons-codec,BSZZ,77,0.9,0.05,0.020218078262630126,0.3987162086763066,0.37817498583262454
commons-codec,BSZZ,77,0.9,0.1,0.013191449340140195,0.38691899877485514,0.37817498583262454
commons-codec,BSZZ,77,0.9,0.25,0.021755626716405616,0.389078269796635,0.37817498583262454
commons-codec,BSZZ,77,0.95,0.0,0.02122615937506205,0.4527088087816169,0.30964446959613856
commons-codec,BSZZ,77,0.95,0.05,0.02567131020504313,0.4589820660082603,0.30964446959613856
commons-codec,BSZZ,77,0.95,0.1,0.02122871923372437,0.45281767619054303,0.30964446959613856
commons-codec,BSZZ,77,0.95,0.25,0.03115648960948741,0.45831871267978347,0.30964446959613856
commons-codec,BSZZ,77,0.99,0.0,0.02632107600224083,0.5173287585127634,0.0724396524803125
commons-codec,BSZZ,77,0.99,0.05,0.03212131537002684,0.526801600285332,0.0724396524803125
commons-codec,BSZZ,77,0.99,0.1,0.031567313017682355,0.5278857953435888,0.0724396524803125
commons-codec,BSZZ,77,0.99,0.25,0.03847534871656363,0.5355733028178876,0.0724396524803125
commons-codec,BSZZ,77,0.995,0.0,0.023150633051947016,0.5193987633278592,0.05867080921040406
commons-codec,BSZZ,77,0.995,0.05,0.02891437272678117,0.52893662946152,0.05867080921040406
commons-codec,BSZZ,77,0.995,0.1,0.028740140792861996,0.530669816948053,0.05867080921040406
commons-codec,BSZZ,77,0.995,0.25,0.03396085044286717,0.5372519811170302,0.05867080921040406
commons-codec,BSZZ,77,0.999,0.0,0.014605490261558945,0.5102873387873345,0.0467933204126593
commons-codec,BSZZ,77,0.999,0.05,0.020021362292339747,0.5193079120416373,0.0467933204126593
commons-codec,BSZZ,77,0.999,0.1,0.019815125517585897,0.5209365015625377,0.0467933204126593
commons-codec,BSZZ,77,0.999,0.25,0.02248441969200854,0.52459394725159,0.0467933204126593
commons-codec,BSZZ,101,0.9,0.0,0.039113025877720885,0.46095764919914306,0.5146997284797789
commons-codec,BSZZ,101,0.9,0.05,0.04308345137290575,0.46672652016411703,0.5146997284797789
commons-codec,BSZZ,101,0.9,0.1,0.036156801576616666,0.45757315865767656,0.5146997284797789
commons-codec,BSZZ,101,0.9,0.25,0.052073385039154665,0.4774508738274065,0.5146997284797789
commons-codec,BSZZ,101,0.95,0.0,0.04442921545568923,0.4904179351047706,0.37321910693180693
commons-codec,BSZZ,101,0.95,0.05,0.04971783897344458,0.4979959295302968,0.37321910693180693
commons-codec,BSZZ,101,0.95,0.1,0.04525779107556951,0.4925448976753926,0.37321910693180693
commons-codec,BSZZ,101,0.95,0.25,0.06225295121650032,0.5101863174868057,0.37321910693180693
commons-codec,BSZZ,101,0.99,0.0,0.046896313689199096,0.5370358689947153,0.09808766045747262
commons-codec,BSZZ,101,0.99,0.05,0.05340319889758542,0.5470867013663895,0.09808766045747262
commons-codec,BSZZ,101,0.99,0.1,0.052606905708039275,0.5477208041311085,0.09808766045747262
commons-codec,BSZZ,101,0.99,0.25,0.06094570609782118,0.5570218218508812,0.09808766045747262
commons-codec,BSZZ,101,0.995,0.0,0.042778045305411745,0.5380848774502778,0.08398714953210312
commons-codec,BSZZ,101,0.995,0.05,0.049205417240281255,0.5481735418623773,0.08398714953210312
commons-codec,BSZZ,101,0.995,0.1,0.04873307048728119,0.5494086214779512,0.08398714953210312
commons-codec,BSZZ,101,0.995,0.25,0.05424796038939682,0.5565244974354279,0.08398714953210312
commons-codec,BSZZ,101,0.999,0.0,0.032502063498631516,0.5268223290006163,0.07006390927737693
commons-codec,BSZZ,101,0.999,0.05,0.03849711836764217,0.5363014775488691,0.07006390927737693
commons-codec,BSZZ,101,0.999,0.1,0.037893108482222056,0.5373209487953875,0.07006390927737693
commons-codec,BSZZ,101,0.999,0.25,0.03982423035075882,0.5404873056015514,0.07006390927737693
commons-codec,BSZZ,123,0.9,0.0,0.038507313840734074,0.4092880296029312,0.47241706832424757
commons-codec,BSZZ,123,0.9,0.05,0.04237393076095664,0.41219107886596484,0.47241706832424757
commons-codec,BSZZ,123,0.9,0.1,0.03548867015885075,0.4000841391455715,0.47241706832424757
commons-codec,BSZZ,123,0.9,0.25,0.035871562730189495,0.39754635870105876,0.47241706832424757
commons-codec,BSZZ,123,0.95,0.0,0.04121944763305581,0.4664680973548485,0.3475776800592829
commons-codec,BSZZ,123,0.95,0.05,0.04624284918401691,0.4726558545102146,0.3475776800592829
commons-codec,BSZZ,123,0.95,0.1,0.04164633706183519,0.4658572394008636,0.3475776800592829
commons-codec,BSZZ,123,0.95,0.25,0.04579227520407632,0.46725829821167497,0.3475776800592829
commons-codec,BSZZ,123,0.99,0.0,0.04826805203441511,0.5392478964349452,0.07838171843106931
commons-codec,BSZZ,123,0.99,0.05,0.05474669166122159,0.5493088470904138,0.07838171843106931
commons-codec,BSZZ,123,0.99,0.1,0.05403838808740717,0.550080892229971,0.07838171843106931
commons-codec,BSZZ,123,0.99,0.25,0.0606002792007907,0.5577650069195953,0.07838171843106931
commons-codec,BSZZ,123,0.995,0.0,0.04554624359816966,0.541969130038055,0.07067693399630243
commons-codec,BSZZ,123,0.995,0.05,0.05201969404607752,0.5521594996751349,0.07067693399630243
commons-codec,BSZZ,123,0.995,0.1,0.05171029892605231,0.5536231101780651,0.07067693399630243
commons-codec,BSZZ,123,0.995,0.25,0.0572623894206199,0.5609422041644847,0.07067693399630243
commons-codec,BSZZ,123,0.999,0.0,0.03643280478345228,0.5316625347179901,0.06640539645232774
commons-codec,BSZZ,123,0.999,0.05,0.04253600493513802,0.5412966489148072,0.06640539645232774
commons-codec,BSZZ,123,0.999,0.1,0.04215743076137544,0.542594713878836,0.06640539645232774
commons-codec,BSZZ,123,0.999,0.25,0.04538307953945184,0.5470780921958465,0.06640539645232774
commons-codec,BSZZ,202,0.9,0.0,-0.009529233923731811,0.3487565641997898,0.518270240397651
commons-codec,BSZZ,202,0.9,0.05,-0.008187359486288926,0.3484781533171535,0.518270240397651
commons-codec,BSZZ,202,0.9,0.1,-0.017877479985322298,0.33283677393127864,0.518270240397651
commons-codec,BSZZ,202,0.9,0.25,-0.012909341045594169,0.32553490691057363,0.518270240397651
commons-codec,BSZZ,202,0.95,0.0,-0.007441485173642837,0.42034841664452743,0.36794005961948906
commons-codec,BSZZ,202,0.95,0.05,-0.004975643023310425,0.42411217951636343,0.36794005961948906
commons-codec,BSZZ,202,0.95,0.1,-0.012413472961373092,0.41462063061173327,0.36794005961948906
commons-codec,BSZZ,202,0.95,0.25,-0.007358419379131145,0.41355014122068884,0.36794005961948906
commons-codec,BSZZ,202,0.99,0.0,-0.0015692681728696428,0.4847294711908647,0.06330047051632201
commons-codec,BSZZ,202,0.99,0.05,0.0022899825633741397,0.49192499977264714,0.06330047051632201
commons-codec,BSZZ,202,0.99,0.1,-0.001328328230466846,0.48951370739676614,0.06330047051632201
commons-codec,BSZZ,202,0.99,0.25,-0.0016912689741326078,0.4887893085996368,0.06330047051632201
commons-codec,BSZZ,202,0.995,0.0,-0.0005363124505717184,0.49148694102075174,0.03240924780511943
commons-codec,BSZZ,202,0.995,0.05,0.003515094940832456,0.4990240282475169,0.03240924780511943
commons-codec,BSZZ,202,0.995,0.1,0.0005149337390564188,0.4975399775617617,0.03240924780511943
commons-codec,BSZZ,202,0.995,0.25,-0.0011805593067611665,0.49627822953668693,0.03240924780511943
commons-codec,BSZZ,202,0.999,0.0,-0.00066376400550187,0.4931668816195454,0.01574522076348362
commons-codec,BSZZ,202,0.999,0.05,0.003489685642753364,0.5007777111445217,0.01574522076348362
commons-codec,BSZZ,202,0.999,0.1,0.0009450382819679816,0.4998280102176441,0.01574522076348362
commons-codec,BSZZ,202,0.999,0.25,-0.001910383659053284,0.4976223623692243,0.01574522076348362
commons-codec,BSZZ,314,0.9,0.0,-0.0027504105468715615,0.37466293371713216,-0.1593890209346098
commons-codec,BSZZ,314,0.9,0.05,-0.0010522494035909327,0.37574613008437013,-0.1593890209346098
commons-codec,BSZZ,314,0.9,0.1,-0.010346553576868794,0.36161742678193204,-0.1593890209346098
commons-codec,BSZZ,314,0.9,0.25,0.006785036318017563,0.388970748504897,-0.1593890209346098
commons-codec,BSZZ,314,0.95,0.0,0.0005051879543964022,0.42463210766021103,-0.1222873059324964
commons-codec,BSZZ,314,0.95,0.05,0.0033886975720393148,0.4286210161179336,-0.1222873059324964
commons-codec,BSZZ,314,0.95,0.1,-0.0035851251505149002,0.41937959245543427,-0.1222873059324964
commons-codec,BSZZ,314,0.95,0.25,0.014243282102360309,0.4433910436286483,-0.1222873059324964
commons-codec,BSZZ,314,0.99,0.0,0.0013031933978553782,0.4814339830665917,-0.049706986198824576
commons-codec,BSZZ,314,0.99,0.05,0.005313417218037684,0.4884563048036682,-0.049706986198824576
commons-codec,BSZZ,314,0.99,0.1,0.0018628298064991972,0.4858525884733037,-0.049706986198824576
commons-codec,BSZZ,314,0.99,0.25,0.008648949168976081,0.4926479418558547,-0.049706986198824576
commons-codec,BSZZ,314,0.995,0.0,-0.0009578089179874728,0.4880461297621028,-0.011608219107540552
commons-codec,BSZZ,314,0.995,0.05,0.0030714451321140752,0.4954023721370995,-0.011608219107540552
commons-codec,BSZZ,314,0.995,0.1,4.667270007336975e-05,0.49371741206127734,-0.011608219107540552
commons-codec,BSZZ,314,0.995,0.25,0.0035962416918219227,0.49783663357038577,-0.011608219107540552
commons-codec,BSZZ,314,0.999,0.0,-0.006303804661207971,0.48598780510262163,0.006063244809810787
commons-codec,BSZZ,314,0.999,0.05,-0.0024467886850368745,0.4932213111038868,0.006063244809810787
commons-codec,BSZZ,314,0.999,0.1,-0.005320758709261715,0.4918524230214704,0.006063244809810787
commons-codec,BSZZ,314,0.999,0.25,-0.0050376910749033365,0.49269445134659884,0.006063244809810787
commons-codec,BSZZ,999,0.9,0.0,0.02174467022516878,0.40258521469724046,0.37677648578223044
commons-codec,BSZZ,999,0.9,0.05,0.02473026299962166,0.40513597216716735,0.37677648578223044
commons-codec,BSZZ,999,0.9,0.1,0.01686622958739793,0.39263765426494285,0.37677648578223044
commons-codec,BSZZ,999,0.9,0.25,0.03130939099322958,0.40090904424235774,0.37677648578223044
commons-codec,BSZZ,999,0.95,0.0,0.027366516702444495,0.46144080332320603,0.3193323222965673
commons-codec,BSZZ,999,0.95,0.05,0.031661825064798095,0.4673643320232438,0.3193323222965673
commons-codec,BSZZ,999,0.95,0.1,0.026256438611915157,0.46027217260074704,0.3193323222965673
commons-codec,BSZZ,999,0.95,0.25,0.04216778543849612,0.471804288601431,0.3193323222965673
commons-codec,BSZZ,999,0.99,0.0,0.032763499597823535,0.5261050306536151,0.10740832480077724
commons-codec,BSZZ,999,0.99,0.05,0.03842723881994055,0.5354752082804661,0.10740832480077724
commons-codec,BSZZ,999,0.99,0.1,0.0368136225337631,0.5354798398802013,0.10740832480077724
commons-codec,BSZZ,999,0.99,0.25,0.04629152236842089,0.5458480872177067,0.10740832480077724
commons-codec,BSZZ,999,0.995,0.0,0.0275142490205136,0.5253897606340113,0.08784616920298557
commons-codec,BSZZ,999,0.995,0.05,0.033039959781075795,0.5347087387948067,0.08784616920298557
commons-codec,BSZZ,999,0.995,0.1,0.03167767429306508,0.535204277891237,0.08784616920298557
commons-codec,BSZZ,999,0.995,0.25,0.03814112685271651,0.5431321027598612,0.08784616920298557
commons-codec,BSZZ,999,0.999,0.0,0.016093336000584973,0.512513859486972,0.06331568700451752
commons-codec,BSZZ,999,0.999,0.05,0.02112751842924311,0.5211415426204713,0.06331568700451752
commons-codec,BSZZ,999,0.999,0.1,0.019561320186540374,0.5213215140966392,0.06331568700451752
commons-codec,BSZZ,999,0.999,0.25,0.02211073010077796,0.5248695413950224,0.06331568700451752
commons-codec,AGSZZ,7,0.9,0.0,0.014949584221699452,0.2965960229705728,-0.12409478323162997
commons-codec,AGSZZ,7,0.9,0.05,0.01804908349755193,0.31218474893583115,-0.12409478323162997
commons-codec,AGSZZ,7,0.9,0.1,0.02195871211933311,0.32950302697898676,-0.12409478323162997
commons-codec,AGSZZ,7,0.9,0.25,0.023090522984911956,0.3539478677853574,-0.12409478323162997
commons-codec,AGSZZ,7,0.95,0.0,0.013260698791262428,0.346949586612052,-0.09897122486351731
commons-codec,AGSZZ,7,0.95,0.05,0.017034370097311322,0.3651848345944282,-0.09897122486351731
commons-codec,AGSZZ,7,0.95,0.1,0.022078743326474106,0.3854432633748491,-0.09897122486351731
commons-codec,AGSZZ,7,0.95,0.25,0.026608850387078407,0.41554207405238053,-0.09897122486351731
commons-codec,AGSZZ,7,0.99,0.0,0.008778917299239545,0.41088593588450234,-0.05779231339070346
commons-codec,AGSZZ,7,0.99,0.05,0.012822277286067477,0.4324816005644624,-0.05779231339070346
commons-codec,AGSZZ,7,0.99,0.1,0.018745105922358566,0.45647328059577563,-0.05779231339070346
commons-codec,AGSZZ,7,0.99,0.25,0.02975870934023686,0.5082178524467926,-0.05779231339070346
commons-codec,AGSZZ,7,0.995,0.0,0.0004998024039846242,0.4081533760828066,-0.016522756611215415
commons-codec,AGSZZ,7,0.995,0.05,0.0041555710849303686,0.4296054207455268,-0.016522756611215415
commons-codec,AGSZZ,7,0.995,0.1,0.009748313991257996,0.45343754627593563,-0.016522756611215415
commons-codec,AGSZZ,7,0.995,0.25,0.020733772185016777,0.5079812476704645,-0.016522756611215415
commons-codec,AGSZZ,7,0.999,0.0,-0.017764681893264207,0.38148465816873695,-0.0011842225418365966
commons-codec,AGSZZ,7,0.999,0.05,-0.015033977171145923,0.40153502747774383,-0.0011842225418365966
commons-codec,AGSZZ,7,0.999,0.1,-0.010384112422175705,0.42380996330862597,-0.0011842225418365966
commons-codec,AGSZZ,7,0.999,0.25,-0.0018710020049039241,0.47556891609946594,-0.0011842225418365966
commons-codec,AGSZZ,13,0.9,0.0,-0.008370213282973752,0.26718763073661844,-0.1432367254550183
commons-codec,AGSZZ,13,0.9,0.05,-0.006496374180257625,0.28123068740050705,-0.1432367254550183
commons-codec,AGSZZ,13,0.9,0.1,-0.003948391385858575,0.2968318058256447,-0.1432367254550183
commons-codec,AGSZZ,13,0.9,0.25,-0.0015009529781242642,0.31554907154292955,-0.1432367254550183
commons-codec,AGSZZ,13,0.95,0.0,-0.010902022794904988,0.29370134874406423,-0.10976747391907073
commons-codec,AGSZZ,13,0.95,0.05,-0.008398314725750094,0.30913793415523216,-0.10976747391907073
commons-codec,AGSZZ,13,0.95,0.1,-0.004764805764144001,0.3262871918163983,-0.10976747391907073
commons-codec,AGSZZ,13,0.95,0.25,-0.0007297356235508096,0.34543499027052904,-0.10976747391907073
commons-codec,AGSZZ,13,0.99,0.0,-0.01211187178353659,0.3788867450943256,-0.09093843449471281
commons-codec,AGSZZ,13,0.99,0.05,-0.009166506243659545,0.39880057125419344,-0.09093843449471281
commons-codec,AGSZZ,13,0.99,0.1,-0.004463493336024846,0.42092381462303924,-0.09093843449471281
commons-codec,AGSZZ,13,0.99,0.25,0.004851699106155387,0.46613952288021937,-0.09093843449471281
commons-codec,AGSZZ,13,0.995,0.0,-0.013863337942691555,0.3883124856781809,-0.05734368731362981
commons-codec,AGSZZ,13,0.995,0.05,-0.010962478436259918,0.4087217172905887,-0.05734368731362981
commons-codec,AGSZZ,13,0.995,0.1,-0.006208401050815832,0.4313953308045191,-0.05734368731362981
commons-codec,AGSZZ,13,0.995,0.25,0.004154211861656211,0.4820042388740256,-0.05734368731362981
commons-codec,AGSZZ,13,0.999,0.0,-0.023481400804812994,0.37188148937869625,-0.029413197296699577
commons-codec,AGSZZ,13,0.999,0.05,-0.021051159870576947,0.39142712782460287,-0.029413197296699577
commons-codec,AGSZZ,13,0.999,0.1,-0.016735095037779542,0.4131413334557487,-0.029413197296699577
commons-codec,AGSZZ,13,0.999,0.25,-0.007245636861936708,0.4631500029452876,-0.029413197296699577
commons-codec,AGSZZ,21,0.9,0.0,-0.013147866164128691,0.25310647846460743,-0.12409479869261636
commons-codec,AGSZZ,21,0.9,0.05,-0.011525134681722223,0.2664094469039644,-0.12409479869261636
commons-codec,AGSZZ,21,0.9,0.1,-0.009256119623170848,0.28118836512637413,-0.12409479869261636
commons-codec,AGSZZ,21,0.9,0.25,-0.010575054027756046,0.2963162903412957,-0.12409479869261636
commons-codec,AGSZZ,21,0.95,0.0,-0.01711369206484314,0.28291403942988735,-0.0990541380242287
commons-codec,AGSZZ,21,0.95,0.05,-0.014936461771978219,0.29778365699328396,-0.0990541380242287
commons-codec,AGSZZ,21,0.95,0.1,-0.011665652938484056,0.3143030423447362,-0.0990541380242287
commons-codec,AGSZZ,21,0.95,0.25,-0.009698280526484995,0.33083911782485304,-0.0990541380242287
commons-codec,AGSZZ,21,0.99,0.0,-0.019339644198018674,0.3722595567187152,-0.08341972196852773
commons-codec,AGSZZ,21,0.99,0.05,-0.016774161578958117,0.3918250659238482,-0.08341972196852773
commons-codec,AGSZZ,21,0.99,0.1,-0.012493179186274295,0.41356134695320046,-0.08341972196852773
commons-codec,AGSZZ,21,0.99,0.25,-0.004516881519740652,0.457323120987158,-0.08341972196852773
commons-codec,AGSZZ,21,0.995,0.0,-0.023247730384692692,0.37976603986810303,-0.04996705903818358
commons-codec,AGSZZ,21,0.995,0.05,-0.020840103122792226,0.3997260806910462,-0.04996705903818358
commons-codec,AGSZZ,21,0.995,0.1,-0.016633981559374764,0.42190066618923566,-0.04996705903818358
commons-codec,AGSZZ,21,0.995,0.25,-0.008049532454265257,0.4706423826998239,-0.04996705903818358
commons-codec,AGSZZ,21,0.999,0.0,-0.03561792493667245,0.36137359801950236,-0.03085019658831543
commons-codec,AGSZZ,21,0.999,0.05,-0.03382556493882735,0.3803669544852576,-0.03085019658831543
commons-codec,AGSZZ,21,0.999,0.1,-0.030218153233903686,0.40146760305524265,-0.03085019658831543
commons-codec,AGSZZ,21,0.999,0.25,-0.023103628736704098,0.44917861177424445,-0.03085019658831543
commons-codec,AGSZZ,42,0.9,0.0,-0.019796899447379005,0.2492856246106824,-0.2177587635521284
commons-codec,AGSZZ,42,0.9,0.05,-0.018523633061464255,0.26238777362203225,-0.2177587635521284
commons-codec,AGSZZ,42,0.9,0.1,-0.016642855869234335,0.2769435917207727,-0.2177587635521284
commons-codec,AGSZZ,42,0.9,0.25,-0.019331160484516493,0.29129021329582555,-0.2177587635521284
commons-codec,AGSZZ,42,0.95,0.0,-0.026032519714087238,0.2759943773934038,-0.17954194540313345
commons-codec,AGSZZ,42,0.95,0.05,-0.02432405214690873,0.2905003059424347,-0.17954194540313345
commons-codec,AGSZZ,42,0.95,0.1,-0.02157401475027202,0.3066156513815771,-0.17954194540313345
commons-codec,AGSZZ,42,0.95,0.25,-0.021475654460494008,0.3216764157793879,-0.17954194540313345
commons-codec,AGSZZ,42,0.99,0.0,-0.03192586702445328,0.35719672168971445,-0.11159999123256242
commons-codec,AGSZZ,42,0.99,0.05,-0.03002190095781944,0.37597054661946433,-0.11159999123256242
commons-codec,AGSZZ,42,0.99,0.1,-0.02647582965476587,0.39682730686988715,-0.11159999123256242
commons-codec,AGSZZ,42,0.99,0.25,-0.02131403406186775,0.4372581532809398,-0.11159999123256242
commons-codec,AGSZZ,42,0.995,0.0,-0.03465172623789893,0.3658655932899582,-0.07643236485928545
commons-codec,AGSZZ,42,0.995,0.05,-0.03284347911766076,0.3850950435596933,-0.07643236485928545
commons-codec,AGSZZ,42,0.995,0.1,-0.029303238266367385,0.40645798028271274,-0.07643236485928545
commons-codec,AGSZZ,42,0.995,0.25,-0.023285733572960272,0.4521207596678555,-0.07643236485928545
commons-codec,AGSZZ,42,0.999,0.0,-0.04399055628274276,0.35097925232503063,-0.05117400692457501
commons-codec,AGSZZ,42,0.999,0.05,-0.04263825159769251,0.36942629463257026,-0.05117400692457501
commons-codec,AGSZZ,42,0.999,0.1,-0.0395197188607059,0.3899200160866399,-0.05117400692457501
commons-codec,AGSZZ,42,0.999,0.25,-0.03430883235175384,0.4353262457960056,-0.05117400692457501
commons-codec,AGSZZ,77,0.9,0.0,-0.018016934954832097,0.22506405646826236,-0.12806294429372192
commons-codec,AGSZZ,77,0.9,0.05,-0.016650115801674224,0.23689314933934663,-0.12806294429372192
commons-codec,AGSZZ,77,0.9,0.1,-0.014665406265105587,0.2500346671129162,-0.12806294429372192
commons-codec,AGSZZ,77,0.9,0.25,-0.01828992713389974,0.25884783943823597,-0.12806294429372192
commons-codec,AGSZZ,77,0.95,0.0,-0.028418486703288465,0.24704785977633387,-0.10648277671369093
commons-codec,AGSZZ,77,0.95,0.05,-0.026835422656980842,0.2600323945916875,-0.10648277671369093
commons-codec,AGSZZ,77,0.95,0.1,-0.02422470216455251,0.2744575493281607,-0.10648277671369093
commons-codec,AGSZZ,77,0.95,0.25,-0.026053615567315107,0.2828360829265337,-0.10648277671369093
commons-codec,AGSZZ,77,0.99,0.0,-0.04032136035579529,0.33038758770723786,-0.10411757550653483
commons-codec,AGSZZ,77,0.99,0.05,-0.038858651200075686,0.3477523571856266,-0.10411757550653483
commons-codec,AGSZZ,77,0.99,0.1,-0.03580279377907429,0.36704372882512115,-0.10411757550653483
commons-codec,AGSZZ,77,0.99,0.25,-0.03349812111240327,0.40132440671827085,-0.10411757550653483
commons-codec,AGSZZ,77,0.995,0.0,-0.04028698422056707,0.3479371835004378,-0.08429564432214878
commons-codec,AGSZZ,77,0.995,0.05,-0.03877491940093939,0.3662243383732132,-0.08429564432214878
commons-codec,AGSZZ,77,0.995,0.1,-0.03556372195222205,0.3865404330566907,-0.08429564432214878
commons-codec,AGSZZ,77,0.995,0.25,-0.03167870818696229,0.4280577586958424,-0.08429564432214878
commons-codec,AGSZZ,77,0.999,0.0,-0.043792893872967545,0.3424334876964094,-0.059100650934834846
commons-codec,AGSZZ,77,0.999,0.05,-0.04243020029224446,0.36043137501655265,-0.059100650934834846
commons-codec,AGSZZ,77,0.999,0.1,-0.039300126022984806,0.38042610822914963,-0.059100650934834846
commons-codec,AGSZZ,77,0.999,0.25,-0.034827540551606105,0.42379816618717725,-0.059100650934834846
commons-codec,AGSZZ,101,0.9,0.0,-0.004220558366695643,0.27792836899349627,-0.12587485756048486
commons-codec,AGSZZ,101,0.9,0.05,-0.0021286184523355727,0.2925359457870687,-0.12587485756048486
commons-codec,AGSZZ,101,0.9,0.1,0.0006616631999627965,0.3087642172321908,-0.12587485756048486
commons-codec,AGSZZ,101,0.9,0.25,-0.002458476156539309,0.32906856012063723,-0.12587485756048486
commons-codec,AGSZZ,101,0.95,0.0,-0.0112019118833714,0.29427194295226794,-0.10265990572032274
commons-codec,AGSZZ,101,0.95,0.05,-0.008713965619696068,0.30973851810051994,-0.10265990572032274
commons-codec,AGSZZ,101,0.95,0.1,-0.005097967218630045,0.3269210928272641,-0.10265990572032274
commons-codec,AGSZZ,101,0.95,0.25,-0.0059936832791148455,0.3453359675285703,-0.10265990572032274
commons-codec,AGSZZ,101,0.99,0.0,-0.018921228300666483,0.37255847563335664,-0.08775433863077403
commons-codec,AGSZZ,101,0.99,0.05,-0.01633375425131633,0.39213969565281387,-0.08775433863077403
commons-codec,AGSZZ,101,0.99,0.1,-0.012028340503230475,0.41389343059413786,-0.08775433863077403
commons-codec,AGSZZ,101,0.99,0.25,-0.007158647580128275,0.45713694657792775,-0.08775433863077403
commons-codec,AGSZZ,101,0.995,0.0,-0.02290769852432926,0.378693365269903,-0.0548157172891255
commons-codec,AGSZZ,101,0.995,0.05,-0.020482199601718133,0.3985970276215715,-0.0548157172891255
commons-codec,AGSZZ,101,0.995,0.1,-0.01625622353640166,0.4207089795188265,-0.0548157172891255
commons-codec,AGSZZ,101,0.995,0.25,-0.010462564428725547,0.4687184311579956,-0.0548157172891255
commons-codec,AGSZZ,101,0.999,0.0,-0.03443634509940742,0.3606655230742867,-0.03498913697499531
commons-codec,AGSZZ,101,0.999,0.05,-0.03258188270347647,0.3796216639827554,-0.03498913697499531
commons-codec,AGSZZ,101,0.999,0.1,-0.028905478407394658,0.4006809679701198,-0.03498913697499531
commons-codec,AGSZZ,101,0.999,0.25,-0.024090153843564138,0.44782222291754525,-0.03498913697499531
commons-codec,AGSZZ,123,0.9,0.0,-0.0030538988438272986,0.25275782156654697,-0.14883647619170517
commons-codec,AGSZZ,123,0.9,0.05,-0.0009006407249457937,0.2660424650237099,-0.14883647619170517
commons-codec,AGSZZ,123,0.9,0.1,0.001957762319528942,0.280801025127215,-0.14883647619170517
commons-codec,AGSZZ,123,0.9,0.25,0.0006273670272791824,0.2957150024230246,-0.14883647619170517
commons-codec,AGSZZ,123,0.95,0.0,-0.007305585074430576,0.28514651537542735,-0.12434459432359561
commons-codec,AGSZZ,123,0.95,0.05,-0.004612852616094456,0.3001334691572617,-0.12434459432359561
commons-codec,AGSZZ,123,0.95,0.1,-0.0007693472162884856,0.3167832090521171,-0.12434459432359561
commons-codec,AGSZZ,123,0.95,0.25,0.0008574016273194671,0.3334581351282687,-0.12434459432359561
commons-codec,AGSZZ,123,0.99,0.0,-0.009843366755261068,0.38002828062606253,-0.09636857419364792
commons-codec,AGSZZ,123,0.99,0.05,-0.006778771352210483,0.40000210450405754,-0.09636857419364792
commons-codec,AGSZZ,123,0.99,0.1,-0.0019433001586267873,0.4221920022721658,-0.09636857419364792
commons-codec,AGSZZ,123,0.99,0.25,0.006037444943336418,0.4672981076341186,-0.09636857419364792
commons-codec,AGSZZ,123,0.995,0.0,-0.014384833856484591,0.3889579690438246,-0.05495282087240485
commons-codec,AGSZZ,123,0.995,0.05,-0.011511383540542772,0.40940112647628013,-0.05495282087240485
commons-codec,AGSZZ,123,0.995,0.1,-0.006787756365263284,0.4321124298428475,-0.05495282087240485
commons-codec,AGSZZ,123,0.995,0.25,0.0018513385650662311,0.4825675690226008,-0.05495282087240485
commons-codec,AGSZZ,123,0.999,0.0,-0.028191490169210392,0.37073611102519893,-0.027624198980976174
commons-codec,AGSZZ,123,0.999,0.05,-0.026008805799078206,0.39022154977894374,-0.027624198980976174
commons-codec,AGSZZ,123,0.999,0.1,-0.021967763660124675,0.4118688766279947,-0.027624198980976174
commons-codec,AGSZZ,123,0.999,0.25,-0.014935117499401119,0.4613815975733061,-0.027624198980976174
commons-codec,AGSZZ,202,0.9,0.0,0.007966338001322385,0.2799348871418393,-0.16552150641406846
commons-codec,AGSZZ,202,0.9,0.05,0.010698806355495296,0.29464792408705354,-0.16552150641406846
commons-codec,AGSZZ,202,0.9,0.1,0.014200682376695238,0.3109933563721748,-0.16552150641406846
commons-codec,AGSZZ,202,0.9,0.25,0.004503067760708914,0.3120049917656773,-0.16552150641406846
commons-codec,AGSZZ,202,0.95,0.0,0.0057916049200147,0.3125545405927601,-0.12661263171243756
commons-codec,AGSZZ,202,0.95,0.05,0.009172709743204102,0.32898202682031874,-0.12661263171243756
commons-codec,AGSZZ,202,0.95,0.1,0.013780961668051447,0.3472321246585262,-0.12661263171243756
commons-codec,AGSZZ,202,0.95,0.25,0.00986086472103493,0.354973874202755,-0.12661263171243756
commons-codec,AGSZZ,202,0.99,0.0,0.008288429412301603,0.4070612633415908,-0.09607944605935176
commons-codec,AGSZZ,202,0.99,0.05,0.012306009952789786,0.42845590788789856,-0.09607944605935176
commons-codec,AGSZZ,202,0.99,0.1,0.01820019894139539,0.4522242648218257,-0.09607944605935176
commons-codec,AGSZZ,202,0.99,0.25,0.027383983187184057,0.497276222467533,-0.09607944605935176
commons-codec,AGSZZ,202,0.995,0.0,0.005705632670486823,0.41669806234632534,-0.04993698225013205
commons-codec,AGSZZ,202,0.995,0.05,0.009635013453959652,0.43859920531888463,-0.04993698225013205
commons-codec,AGSZZ,202,0.995,0.1,0.015531725426014456,0.46293025612489574,-0.04993698225013205
commons-codec,AGSZZ,202,0.995,0.25,0.026642467713935372,0.5147302576312426,-0.04993698225013205
commons-codec,AGSZZ,202,0.999,0.0,-0.006567081744956404,0.3994835014714744,-0.01199393815881015
commons-codec,AGSZZ,202,0.999,0.05,-0.0032478447882106016,0.42047986807716736,-0.01199393815881015
commons-codec,AGSZZ,202,0.999,0.1,0.0020558492024406977,0.4438057585690395,-0.01199393815881015
commons-codec,AGSZZ,202,0.999,0.25,0.01249032035099789,0.49580619390998776,-0.01199393815881015
commons-codec,AGSZZ,314,0.9,0.0,-0.012892959618305265,0.20202353173548476,-0.13025362082095163
commons-codec,AGSZZ,314,0.9,0.05,-0.011256830558110022,0.21264164267040653,-0.13025362082095163
commons-codec,AGSZZ,314,0.9,0.1,-0.008972931475183073,0.22443782138788892,-0.13025362082095163
commons-codec,AGSZZ,314,0.9,0.25,-0.023297152009057534,0.20816866695966013,-0.13025362082095163
commons-codec,AGSZZ,314,0.95,0.0,-0.018372342861465465,0.2559740890476719,-0.10462042105100847
commons-codec,AGSZZ,314,0.95,0.05,-0.016261265722503238,0.26942777560896025,-0.10462042105100847
commons-codec,AGSZZ,314,0.95,0.1,-0.013063949662906804,0.2843741339639099,-0.10462042105100847
commons-codec,AGSZZ,314,0.95,0.25,-0.022343626105070853,0.27956630217856565,-0.10462042105100847
commons-codec,AGSZZ,314,0.99,0.0,-0.017880482475513455,0.3714224280666776,-0.08515046165955735
commons-codec,AGSZZ,314,0.99,0.05,-0.015238308092337824,0.39094393880877126,-0.08515046165955735
commons-codec,AGSZZ,314,0.99,0.1,-0.010872125068279443,0.4126313397937833,-0.08515046165955735
commons-codec,AGSZZ,314,0.99,0.25,-0.007492622673809396,0.4497785803585856,-0.08515046165955735
commons-codec,AGSZZ,314,0.995,0.0,-0.022235627449550925,0.3823127609678955,-0.05007895035167327
commons-codec,AGSZZ,314,0.995,0.05,-0.019774805289261274,0.4024066543521002,-0.05007895035167327
commons-codec,AGSZZ,314,0.995,0.1,-0.015509586911720916,0.4247299432066693,-0.05007895035167327
commons-codec,AGSZZ,314,0.995,0.25,-0.010596234477568528,0.46890326227400064,-0.05007895035167327
commons-codec,AGSZZ,314,0.999,0.0,-0.03530677489093644,0.36722010446975833,-0.031109499754213673
commons-codec,AGSZZ,314,0.999,0.05,-0.033498061225403976,0.38652074619845933,-0.031109499754213673
commons-codec,AGSZZ,314,0.999,0.1,-0.02987248143126851,0.4079627729948702,-0.031109499754213673
commons-codec,AGSZZ,314,0.999,0.25,-0.02581249310625396,0.45280716568178125,-0.031109499754213673
commons-codec,AGSZZ,999,0.9,0.0,0.0008326914276335464,0.27062572973039256,-0.12409494987925032
commons-codec,AGSZZ,999,0.9,0.05,0.0031902240006167278,0.28484948869270915,-0.12409494987925032
commons-codec,AGSZZ,999,0.9,0.1,0.006275565526217565,0.30065135813843613,-0.12409494987925032
commons-codec,AGSZZ,999,0.9,0.25,0.0068021943524620805,0.319744449608632,-0.12409494987925032
commons-codec,AGSZZ,999,0.95,0.0,-0.0005440901276403174,0.3029346312568806,-0.09909319120875847
commons-codec,AGSZZ,999,0.95,0.05,0.0025040182753403844,0.31885650675862537,-0.09909319120875847
commons-codec,AGSZZ,999,0.95,0.1,0.006742328191751499,0.3365448969145783,-0.09909319120875847
commons-codec,AGSZZ,999,0.95,0.25,0.011066133577377959,0.3573729105985042,-0.09909319120875847
commons-codec,AGSZZ,999,0.99,0.0,0.0018096330191875525,0.3963364886083396,-0.08075253903269143
commons-codec,AGSZZ,999,0.99,0.05,0.005486695906925612,0.4171674520483355,-0.08075253903269143
commons-codec,AGSZZ,999,0.99,0.1,0.011002587182038025,0.44030958807437437,-0.08075253903269143
commons-codec,AGSZZ,999,0.99,0.25,0.022514781320399156,0.4892013336236259,-0.08075253903269143
commons-codec,AGSZZ,999,0.995,0.0,-0.0021788747415196707,0.4032703137505918,-0.03929087395475828
commons-codec,AGSZZ,999,0.995,0.05,0.0013361059290122885,0.42446571060055377,-0.03929087395475828
commons-codec,AGSZZ,999,0.995,0.1,0.006772440549318183,0.4480127135243801,-0.03929087395475828
commons-codec,AGSZZ,999,0.995,0.25,0.01897612169187509,0.5017872334746917,-0.03929087395475828
commons-codec,AGSZZ,999,0.999,0.0,-0.016473962621079464,0.38154157685545514,-0.01117698939044922
commons-codec,AGSZZ,999,0.999,0.05,-0.013675419265015098,0.4015949377413573,-0.01117698939044922
commons-codec,AGSZZ,999,0.999,0.1,-0.008950189259938355,0.4238731970613158,-0.01117698939044922
commons-codec,AGSZZ,999,0.999,0.25,0.0014545748007524996,0.4759052786373889,-0.01117698939044922
commons-codec,MASZZ,7,0.9,0.0,0.03181676995206629,0.34550505049177316,-0.12784882579936446
commons-codec,MASZZ,7,0.9,0.05,0.035802787979998904,0.36366437541388574,-0.12784882579936446
commons-codec,MASZZ,7,0.9,0.1,0.040697293638762545,0.38383845755363416,-0.12784882579936446
commons-codec,MASZZ,7,0.9,0.25,0.04557025738212589,0.41913135280047736,-0.12784882579936446
commons-codec,MASZZ,7,0.95,0.0,0.03113563639427116,0.365673622680914,-0.10408653244268393
commons-codec,MASZZ,7,0.95,0.05,0.03584879266424028,0.3848929832090949,-0.10408653244268393
commons-codec,MASZZ,7,0.95,0.1,0.04193688568543709,0.40624471074478186,-0.10408653244268393
commons-codec,MASZZ,7,0.95,0.25,0.05043166565133346,0.44049652492524216,-0.10408653244268393
commons-codec,MASZZ,7,0.99,0.0,0.02284371005755056,0.4248670488511849,-0.058301192249536844
commons-codec,MASZZ,7,0.99,0.05,0.027626298432782123,0.44719754381155147,-0.058301192249536844
commons-codec,MASZZ,7,0.99,0.1,0.03437037203779606,0.47200558273832366,-0.058301192249536844
commons-codec,MASZZ,7,0.99,0.25,0.04850355573091057,0.5268511746318111,-0.058301192249536844
commons-codec,MASZZ,7,0.995,0.0,0.012179721886813677,0.4216282245143124,-0.005495678558130572
commons-codec,MASZZ,7,0.995,0.05,0.01644937291955403,0.4437884908096705,-0.005495678558130572
commons-codec,MASZZ,7,0.995,0.1,0.022724107752473924,0.4684074143874332,-0.005495678558130572
commons-codec,MASZZ,7,0.995,0.25,0.03630017976195707,0.5259398460178828,-0.005495678558130572
commons-codec,MASZZ,7,0.999,0.0,-0.01083770513265391,0.3905243251839111,0.013918362185249226
commons-codec,MASZZ,7,0.999,0.05,-0.00774292694317298,0.411049808388598,0.013918362185249226
commons-codec,MASZZ,7,0.999,0.1,-0.0026885951742568223,0.4338525714816881,0.013918362185249226
commons-codec,MASZZ,7,0.999,0.25,0.007360923239972496,0.4876165283561166,0.013918362185249226
commons-codec,MASZZ,13,0.9,0.0,0.005270497242442153,0.3200080230907871,-0.12012187190357348
commons-codec,MASZZ,13,0.9,0.05,0.007861275487572948,0.3368272552864301,-0.12012187190357348
commons-codec,MASZZ,13,0.9,0.1,0.011205741037267705,0.35551256287896194,-0.12012187190357348
commons-codec,MASZZ,13,0.9,0.25,0.016678698002333715,0.38594542632668144,-0.12012187190357348
commons-codec,MASZZ,13,0.95,0.0,0.0026917744483747567,0.3298650155426802,-0.09723008149927174
commons-codec,MASZZ,13,0.95,0.05,0.005909955954935778,0.3472023192641489,-0.09723008149927174
commons-codec,MASZZ,13,0.95,0.1,0.010337208399558024,0.36646317785106525,-0.09723008149927174
commons-codec,MASZZ,13,0.95,0.25,0.017387391700680162,0.39363210136290516,-0.09723008149927174
commons-codec,MASZZ,13,0.99,0.0,-0.001008398946701855,0.39836614339414383,-0.08027398305004439
commons-codec,MASZZ,13,0.99,0.05,0.002520551610878815,0.41930378301928556,-0.08027398305004439
commons-codec,MASZZ,13,0.99,0.1,0.007871897654969658,0.4425644308364138,-0.08027398305004439
commons-codec,MASZZ,13,0.99,0.25,0.019649847668031448,0.4921006824356687,-0.08027398305004439
commons-codec,MASZZ,13,0.995,0.0,-0.005985492788178435,0.39965087763392565,-0.03943409807631495
commons-codec,MASZZ,13,0.995,0.05,-0.002670583328950807,0.42065604132699513,-0.03943409807631495
commons-codec,MASZZ,13,0.995,0.1,0.0025434823982126067,0.44399170493345613,-0.03943409807631495
commons-codec,MASZZ,13,0.995,0.25,0.014653406542189454,0.4971154757887749,-0.03943409807631495
commons-codec,MASZZ,13,0.999,0.0,-0.020897829267622,0.3741738072029065,-0.012825408990000621
commons-codec,MASZZ,13,0.999,0.05,-0.018331798957987252,0.39383992708355714,-0.012825408990000621
commons-codec,MASZZ,13,0.999,0.1,-0.013864879067265164,0.41568798143271807,-0.012825408990000621
commons-codec,MASZZ,13,0.999,0.25,-0.0038023830269063247,0.4662050885218619,-0.012825408990000621
commons-codec,MASZZ,21,0.9,0.0,0.021847827528494658,0.35726675593544704,-0.1595592453230996
commons-codec,MASZZ,21,0.9,0.05,0.025309890076350205,0.37604426177991035,-0.1595592453230996
commons-codec,MASZZ,21,0.9,0.1,0.02962230796819611,0.396905111338504,-0.1595592453230996
commons-codec,MASZZ,21,0.9,0.25,0.036065441418980146,0.4351358545362326,-0.1595592453230996
commons-codec,MASZZ,21,0.95,0.0,0.0235867084453115,0.3752322815347186,-0.16406512745674873
commons-codec,MASZZ,21,0.95,0.05,0.02790310225046671,0.39495403353792646,-0.16406512745674873
commons-codec,MASZZ,21,0.95,0.1,0.03355041244578994,0.4168638923327312,-0.16406512745674873
commons-codec,MASZZ,21,0.95,0.25,0.04454516043363354,0.4538762145705212,-0.16406512745674873
commons-codec,MASZZ,21,0.99,0.0,0.020926931191662824,0.4276499545149531,-0.09169222073782131
commons-codec,MASZZ,21,0.99,0.05,0.02560877600271216,0.45012671560979156,-0.09169222073782131
commons-codec,MASZZ,21,0.99,0.1,0.032240928655401055,0.4750972487385099,-0.09169222073782131
commons-codec,MASZZ,21,0.99,0.25,0.04914837920100824,0.5311446493986064,-0.09169222073782131
commons-codec,MASZZ,21,0.995,0.0,0.01230311142188972,0.42411321642499616,-0.031574983828181254
commons-codec,MASZZ,21,0.995,0.05,0.016579247658410002,0.4464040908705699,-0.031574983828181254
commons-codec,MASZZ,21,0.995,0.1,0.022861187221368616,0.47116811342981324,-0.031574983828181254
commons-codec,MASZZ,21,0.995,0.25,0.03933083639829029,0.529746062839571,-0.031574983828181254
commons-codec,MASZZ,21,0.999,0.0,-0.009044186628828176,0.39352055250868984,0.0021281174511342364
commons-codec,MASZZ,21,0.999,0.05,-0.005855143289768584,0.41420351377470666,0.0021281174511342364
commons-codec,MASZZ,21,0.999,0.1,-0.0006960877561380094,0.4371812269476102,0.0021281174511342364
commons-codec,MASZZ,21,0.999,0.25,0.012312509358338794,0.49202245129486033,0.0021281174511342364
commons-codec,MASZZ,42,0.9,0.0,0.022691721932494992,0.34911186054940746,-0.17371682664168267
commons-codec,MASZZ,42,0.9,0.05,0.026198138543078082,0.36746075501811765,-0.17371682664168267
commons-codec,MASZZ,42,0.9,0.1,0.030559831532348314,0.3878454392381007,-0.17371682664168267
commons-codec,MASZZ,42,0.9,0.25,0.03729553105678669,0.424333585536403,-0.17371682664168267
commons-codec,MASZZ,42,0.95,0.0,0.023128853290679156,0.367987065197842,-0.17330681163762096
commons-codec,MASZZ,42,0.95,0.05,0.027421182786185633,0.3873280174489044,-0.17330681163762096
commons-codec,MASZZ,42,0.95,0.1,0.033041758763052397,0.40881482717599676,-0.17330681163762096
commons-codec,MASZZ,42,0.95,0.25,0.04404414388736454,0.4442796301737443,-0.17330681163762096
commons-codec,MASZZ,42,0.99,0.0,0.017567901291347898,0.42258422958627,-0.08995447952780677
commons-codec,MASZZ,42,0.99,0.05,0.022073199579282495,0.44479474234460786,-0.08995447952780677
commons-codec,MASZZ,42,0.99,0.1,0.02850921806541617,0.4694694871754036,-0.08995447952780677
commons-codec,MASZZ,42,0.99,0.25,0.044648763991240306,0.5244033258015682,-0.08995447952780677
commons-codec,MASZZ,42,0.995,0.0,0.007853045548748447,0.41921403859062834,-0.029848628215776874
commons-codec,MASZZ,42,0.995,0.05,0.011895291739377496,0.44124741821226576,-0.029848628215776874
commons-codec,MASZZ,42,0.995,0.1,0.017917391411937225,0.4657253771787856,-0.029848628215776874
commons-codec,MASZZ,42,0.995,0.25,0.033362482415899015,0.5232208767848607,-0.029848628215776874
commons-codec,MASZZ,42,0.999,0.0,-0.014442081702560394,0.38884869005547384,0.00041075897944117156
commons-codec,MASZZ,42,0.999,0.05,-0.011536745158524063,0.40928610391731074,0.00041075897944117156
commons-codec,MASZZ,42,0.999,0.1,-0.006692873378196722,0.43199102647038773,0.00041075897944117156
commons-codec,MASZZ,42,0.999,0.25,0.005071884207823722,0.48579672235093957,0.00041075897944117156
commons-codec,MASZZ,77,0.9,0.0,0.030210608123880028,0.37007197619929066,-0.13771640776011312
commons-codec,MASZZ,77,0.9,0.05,0.034112208241064264,0.38952250883493794,-0.13771640776011312
commons-codec,MASZZ,77,0.9,0.1,0.03891292991431037,0.41113105677030676,-0.13771640776011312
commons-codec,MASZZ,77,0.9,0.25,0.04598530978886721,0.45210708097118263,-0.13771640776011312
commons-codec,MASZZ,77,0.95,0.0,0.030038225277597738,0.3855574153869381,-0.10165020265996896
commons-codec,MASZZ,77,0.95,0.05,0.03469370295498929,0.40582184385817416,-0.10165020265996896
commons-codec,MASZZ,77,0.95,0.1,0.040717718006913775,0.4283345884809634,-0.10165020265996896
commons-codec,MASZZ,77,0.95,0.25,0.051854541731203976,0.46743463252315354,-0.10165020265996896
commons-codec,MASZZ,77,0.99,0.0,0.021920267319762172,0.43127107972179496,-0.061876048006810944
commons-codec,MASZZ,77,0.99,0.05,0.026654320668664598,0.4539381627500498,-0.061876048006810944
commons-codec,MASZZ,77,0.99,0.1,0.03334447433931873,0.4791201338223153,-0.061876048006810944
commons-codec,MASZZ,77,0.99,0.25,0.04945438092104545,0.5357768365310169,-0.061876048006810944
commons-codec,MASZZ,77,0.995,0.0,0.011437681949735396,0.42353159339433977,-0.008396204423810841
commons-codec,MASZZ,77,0.995,0.05,0.015668332266557394,0.4457918984413452,-0.008396204423810841
commons-codec,MASZZ,77,0.995,0.1,0.021899739296829285,0.4705219599607191,-0.008396204423810841
commons-codec,MASZZ,77,0.995,0.25,0.03725731800498197,0.5288061753845629,-0.008396204423810841
commons-codec,MASZZ,77,0.999,0.0,-0.011580418776763132,0.3882274678999419,0.013859713618260201
commons-codec,MASZZ,77,0.999,0.05,-0.008524676712422113,0.40863223108140495,0.013859713618260201
commons-codec,MASZZ,77,0.999,0.1,-0.003513712083989844,0.4313008803968697,0.013859713618260201
commons-codec,MASZZ,77,0.999,0.25,0.008103621529324806,0.4848300732535314,0.013859713618260201
commons-codec,MASZZ,101,0.9,0.0,0.029009506372085846,0.3650860597449392,-0.12010683771973048
commons-codec,MASZZ,101,0.9,0.05,0.0328479780431177,0.3842745386803578,-0.12010683771973048
commons-codec,MASZZ,101,0.9,0.1,0.037578567238229534,0.40559195834437767,-0.12010683771973048
commons-codec,MASZZ,101,0.9,0.25,0.041828878075006605,0.445227934309513,-0.12010683771973048
commons-codec,MASZZ,101,0.95,0.0,0.029971689160830043,0.3810481657753028,-0.09685021437396409
commons-codec,MASZZ,101,0.95,0.05,0.034623669780908764,0.40107559357538786,-0.09685021437396409
commons-codec,MASZZ,101,0.95,0.1,0.04064379978084047,0.4233250425620517,-0.09685021437396409
commons-codec,MASZZ,101,0.95,0.25,0.04888041548557394,0.46098694050287764,-0.09685021437396409
commons-codec,MASZZ,101,0.99,0.0,0.02172789828722522,0.4288121526433607,-0.0573174241630684
commons-codec,MASZZ,101,0.99,0.05,0.026451840953919628,0.45134999745725796,-0.0573174241630684
commons-codec,MASZZ,101,0.99,0.1,0.033130762173244836,0.4763883914767847,-0.0573174241630684
commons-codec,MASZZ,101,0.99,0.25,0.04701645808254352,0.5321090099835548,-0.0573174241630684
commons-codec,MASZZ,101,0.995,0.0,0.010877932767722804,0.4214697714320474,-0.0045347626068624886
commons-codec,MASZZ,101,0.995,0.05,0.01507916334883736,0.4436217096262629,-0.0045347626068624886
commons-codec,MASZZ,101,0.995,0.1,0.02127788655593647,0.46823138110917967,-0.0045347626068624886
commons-codec,MASZZ,101,0.995,0.25,0.034565220883448926,0.5257286677418693,-0.0045347626068624886
commons-codec,MASZZ,101,0.999,0.0,-0.012229926549567033,0.3866360452606842,0.014680999523348191
commons-codec,MASZZ,101,0.999,0.05,-0.009208321823215699,0.4069571652052291,0.014680999523348191
commons-codec,MASZZ,101,0.999,0.1,-0.004235282033046438,0.4295328911582199,0.014680999523348191
commons-codec,MASZZ,101,0.999,0.25,0.0055054407561355686,0.4824344249908352,0.014680999523348191
commons-codec,MASZZ,123,0.9,0.0,0.01159680244897472,0.307691661939065,-0.17185926568476953
commons-codec,MASZZ,123,0.9,0.05,0.014520083595693668,0.32386356118344184,-0.17185926568476953
commons-codec,MASZZ,123,0.9,0.1,0.01823394287985352,0.3418297149425233,-0.17185926568476953
commons-codec,MASZZ,123,0.9,0.25,0.02015308276076839,0.36892805412790414,-0.17185926568476953
commons-codec,MASZZ,123,0.95,0.0,0.007839373542840184,0.3230101896377286,-0.12307801191711747
commons-codec,MASZZ,123,0.95,0.05,0.011328106592402146,0.33998721205298954,-0.12307801191711747
commons-codec,MASZZ,123,0.95,0.1,0.01605592797749699,0.358847816517243,-0.12307801191711747
commons-codec,MASZZ,123,0.95,0.25,0.021041838593594504,0.38392093042355985,-0.12307801191711747
commons-codec,MASZZ,123,0.99,0.0,0.0031329541057543166,0.4020994297080184,-0.07849245801492633
commons-codec,MASZZ,123,0.99,0.05,0.006879569139121055,0.4232332863178451,-0.07849245801492633
commons-codec,MASZZ,123,0.99,0.1,0.012472729294267671,0.44671192117927305,-0.07849245801492633
commons-codec,MASZZ,123,0.99,0.25,0.02333163088945324,0.4967134219097199,-0.07849245801492633
commons-codec,MASZZ,123,0.995,0.0,-0.004012044123404722,0.40314788662565404,-0.031385151091308204
commons-codec,MASZZ,123,0.995,0.05,-0.0005934126043411335,0.42433684885494144,-0.031385151091308204
commons-codec,MASZZ,123,0.995,0.1,0.004735883031632752,0.44787670324397477,-0.031385151091308204
commons-codec,MASZZ,123,0.995,0.25,0.0156756695403268,0.5014791754670354,-0.031385151091308204
commons-codec,MASZZ,123,0.999,0.0,-0.022315478823634043,0.3759211783836151,-0.007397936309793008
commons-codec,MASZZ,123,0.999,0.05,-0.01982395844917005,0.3956791379667098,-0.007397936309793008
commons-codec,MASZZ,123,0.999,0.1,-0.015439815289345701,0.41762922153274623,-0.007397936309793008
commons-codec,MASZZ,123,0.999,0.25,-0.00710386595126872,0.4682919938250658,-0.007397936309793008
commons-codec,MASZZ,202,0.9,0.0,0.03751022274548483,0.3785934384704175,-0.12002689583279284
commons-codec,MASZZ,202,0.9,0.05,0.04179548172244914,0.3984918487911309,-0.12002689583279284
commons-codec,MASZZ,202,0.9,0.1,0.04702242878590344,0.42059796595034704,-0.12002689583279284
commons-codec,MASZZ,202,0.9,0.25,0.04387766721834048,0.44349213285332695,-0.12002689583279284
commons-codec,MASZZ,202,0.95,0.0,0.03801802301723604,0.39382275463973776,-0.09624284992148287
commons-codec,MASZZ,202,0.95,0.05,0.043092909151206095,0.4145215992819369,-0.09624284992148287
commons-codec,MASZZ,202,0.95,0.1,0.04958286556876012,0.43751695807421953,-0.09624284992148287
commons-codec,MASZZ,202,0.95,0.25,0.05281060933046652,0.4632840508923346,-0.09624284992148287
commons-codec,MASZZ,202,0.99,0.0,0.03158146613996188,0.44374601779261647,-0.05593828738876848
commons-codec,MASZZ,202,0.99,0.05,0.036823300339718514,0.4670687683819933,-0.05593828738876848
commons-codec,MASZZ,202,0.99,0.1,0.044077572590664686,0.49297915261340314,-0.05593828738876848
commons-codec,MASZZ,202,0.99,0.25,0.05842776768762096,0.5461678129005113,-0.05593828738876848
commons-codec,MASZZ,202,0.995,0.0,0.022429564222550546,0.43923884146777176,-0.0016328328777714207
commons-codec,MASZZ,202,0.995,0.05,0.027237934492853833,0.4623247003554278,-0.0016328328777714207
commons-codec,MASZZ,202,0.995,0.1,0.03411115887290568,0.4879719100101815,-0.0016328328777714207
commons-codec,MASZZ,202,0.995,0.25,0.04893128016773659,0.5447714711363576,-0.0016328328777714207
commons-codec,MASZZ,202,0.999,0.0,0.0014597615706173623,0.40839401955362403,0.023164849419274443
commons-codec,MASZZ,202,0.999,0.05,0.00520087964215127,0.42985871214427085,0.023164849419274443
commons-codec,MASZZ,202,0.999,0.1,0.010973261995362797,0.45370488887636184,0.023164849419274443
commons-codec,MASZZ,202,0.999,0.25,0.023188092265449094,0.507681682982695,0.023164849419274443
commons-codec,MASZZ,314,0.9,0.0,0.02719870416044505,0.3512736610284132,-0.1585239725694189
commons-codec,MASZZ,314,0.9,0.05,0.03094200227125235,0.36973617709906287,-0.1585239725694189
commons-codec,MASZZ,314,0.9,0.1,0.03556685850383735,0.39024708911331746,-0.1585239725694189
commons-codec,MASZZ,314,0.9,0.25,0.030134995338804094,0.40708171142886934,-0.1585239725694189
commons-codec,MASZZ,314,0.95,0.0,0.02766460060119963,0.37012137655056476,-0.12444096559271095
commons-codec,MASZZ,314,0.95,0.05,0.03219532345465879,0.3895745056085474,-0.12444096559271095
commons-codec,MASZZ,314,0.95,0.1,0.03808074227152843,0.4111859380364668,-0.12444096559271095
commons-codec,MASZZ,314,0.95,0.25,0.03901209013851608,0.43169604962112507,-0.12444096559271095
commons-codec,MASZZ,314,0.99,0.0,0.022450586667642956,0.42773533383784945,-0.07420267789143806
commons-codec,MASZZ,314,0.99,0.05,0.02721251295599141,0.4502165823659799,-0.07420267789143806
commons-codec,MASZZ,314,0.99,0.1,0.033933632038205284,0.47519210080380064,-0.07420267789143806
commons-codec,MASZZ,314,0.99,0.25,0.046258592068646014,0.5248295808697272,-0.07420267789143806
commons-codec,MASZZ,314,0.995,0.0,0.014024894270796182,0.4278484029833062,-0.02127848416100655
commons-codec,MASZZ,314,0.995,0.05,0.01839152531818568,0.45033559428809955,-0.02127848416100655
commons-codec,MASZZ,314,0.995,0.1,0.024773999992197548,0.47531771484714735,-0.02127848416100655
commons-codec,MASZZ,314,0.995,0.25,0.03772995996933891,0.5295908692332431,-0.02127848416100655
commons-codec,MASZZ,314,0.999,0.0,-0.005985986521953498,0.40331755893006327,0.006231781875691015
commons-codec,MASZZ,314,0.999,0.05,-0.0026362079075671553,0.4245154389291537,0.006231781875691015
commons-codec,MASZZ,314,0.999,0.1,0.0027014163042001333,0.4480652005047855,0.006231781875691015
commons-codec,MASZZ,314,0.999,0.25,0.013264774755035041,0.5009160323092628,0.006231781875691015
commons-codec,MASZZ,999,0.9,0.0,0.035623085477824744,0.3846307827959148,-0.1379433698618131
commons-codec,MASZZ,999,0.9,0.05,0.039809158816931395,0.404846508586018,-0.1379433698618131
commons-codec,MASZZ,999,0.9,0.1,0.04492591570460516,0.4273051470185271,-0.1379433698618131
commons-codec,MASZZ,999,0.9,0.25,0.053472916696356766,0.47202762658998065,-0.1379433698618131
commons-codec,MASZZ,999,0.95,0.0,0.037011530133387205,0.39848851251583034,-0.10201202411132371
commons-codec,MASZZ,999,0.95,0.05,0.04203351622643574,0.4194325837130662,-0.10201202411132371
commons-codec,MASZZ,999,0.95,0.1,0.048464703401447755,0.4427003766781706,-0.10201202411132371
commons-codec,MASZZ,999,0.95,0.25,0.06127667828664246,0.4848567309949478,-0.10201202411132371
commons-codec,MASZZ,999,0.99,0.0,0.03126532721113499,0.4419955772879387,-0.06002672322136713
commons-codec,MASZZ,999,0.99,0.05,0.036490545533581206,0.46522632685493964,-0.06002672322136713
commons-codec,MASZZ,999,0.99,0.1,0.04372635839382196,0.4910345026512721,-0.06002672322136713
commons-codec,MASZZ,999,0.99,0.25,0.06181534877389218,0.5500711757345191,-0.06002672322136713
commons-codec,MASZZ,999,0.995,0.0,0.021499993366628133,0.4333659352701694,-0.004117973950982309
commons-codec,MASZZ,999,0.995,0.05,0.026259506524172013,0.4561431213562917,-0.004117973950982309
commons-codec,MASZZ,999,0.995,0.1,0.03307845314829699,0.4814474113001444,-0.004117973950982309
commons-codec,MASZZ,999,0.995,0.25,0.05056539274897145,0.5419078485331448,-0.004117973950982309
commons-codec,MASZZ,999,0.999,0.0,-0.0012417117913827605,0.39637342086095495,0.022653301562312232
commons-codec,MASZZ,999,0.999,0.05,0.002357420128344781,0.41720632541519603,0.022653301562312232
commons-codec,MASZZ,999,0.999,0.1,0.007972063121666309,0.44035061791998065,0.022653301562312232
commons-codec,MASZZ,999,0.999,0.25,0.021778139524170497,0.4956790847183731,0.022653301562312232
commons-codec,LSZZ,7,0.9,0.0,0.04187186707103029,0.3681027020971698,-0.07276153038337757
commons-codec,LSZZ,7,0.9,0.05,0.046386368764966546,0.38744973208291317,-0.07276153038337757
commons-codec,LSZZ,7,0.9,0.1,0.05186799277384519,0.4089432938626952,-0.07276153038337757
commons-codec,LSZZ,7,0.9,0.25,0.04942556371627276,0.4481970852211168,-0.07276153038337757
commons-codec,LSZZ,7,0.95,0.0,0.047176890999378655,0.38273060291571187,-0.07792910360569703
commons-codec,LSZZ,7,0.95,0.05,0.05273315608676699,0.4028464575641172,-0.07792910360569703
commons-codec,LSZZ,7,0.95,0.1,0.059757899925563816,0.42519414426110475,-0.07792910360569703
commons-codec,LSZZ,7,0.95,0.25,0.05924089551692945,0.4617588116861843,-0.07792910360569703
commons-codec,LSZZ,7,0.99,0.0,0.04301583094709175,0.43764347680202353,-0.04434059873154695
commons-codec,LSZZ,7,0.99,0.05,0.048858641443765304,0.46064548526464727,-0.04434059873154695
commons-codec,LSZZ,7,0.99,0.1,0.056780567653768106,0.4861995413815182,-0.04434059873154695
commons-codec,LSZZ,7,0.99,0.25,0.06596135341162457,0.5426794153421787,-0.04434059873154695
commons-codec,LSZZ,7,0.995,0.0,0.03243104244976139,0.4304699418793855,0.01220403215711585
commons-codec,LSZZ,7,0.995,0.05,0.03776507824238004,0.45309491807774877,0.01220403215711585
commons-codec,LSZZ,7,0.995,0.1,0.04522229015890196,0.4782301106134486,0.01220403215711585
commons-codec,LSZZ,7,0.995,0.25,0.05515844759265954,0.5367118328604479,0.01220403215711585
commons-codec,LSZZ,7,0.999,0.0,0.008856386855592984,0.3920625453006301,0.03381346308421226
commons-codec,LSZZ,7,0.999,0.05,0.012986262549297124,0.41266887548240594,0.03381346308421226
commons-codec,LSZZ,7,0.999,0.1,0.01919053475721163,0.43556145543617447,0.03381346308421226
commons-codec,LSZZ,7,0.999,0.25,0.02658197097324002,0.4888215790024537,0.03381346308421226
commons-codec,LSZZ,13,0.9,0.0,0.04580199867646984,0.3791006868563766,-0.07287491498224137
commons-codec,LSZZ,13,0.9,0.05,0.05052306330402533,0.3990257575348583,-0.07287491498224137
commons-codec,LSZZ,13,0.9,0.1,0.056234168177844455,0.4211614929893468,-0.07287491498224137
commons-codec,LSZZ,13,0.9,0.25,0.054663444892699205,0.46285464459371983,-0.07287491498224137
commons-codec,LSZZ,13,0.95,0.0,0.05229615434548939,0.39251614091905634,-0.07903024589698852
commons-codec,LSZZ,13,0.95,0.05,0.05812148168343402,0.4131463115344424,-0.07903024589698852
commons-codec,LSZZ,13,0.95,0.1,0.06544513993489268,0.43606537699182757,-0.07903024589698852
commons-codec,LSZZ,13,0.95,0.25,0.0660635915000998,0.47480048317575557,-0.07903024589698852
commons-codec,LSZZ,13,0.99,0.0,0.051540300695441646,0.44581436161340227,-0.04955497760615968
commons-codec,LSZZ,13,0.99,0.05,0.05783114694652363,0.4692458218365133,-0.04955497760615968
commons-codec,LSZZ,13,0.99,0.1,0.06625081798733638,0.49527697691649497,-0.04955497760615968
commons-codec,LSZZ,13,0.99,0.25,0.07732233673648319,0.5535691584970984,-0.04955497760615968
commons-codec,LSZZ,13,0.995,0.0,0.042898590115013326,0.43886622917501905,0.00892475539103177
commons-codec,LSZZ,13,0.995,0.05,0.04878278747233402,0.46193250401409347,0.00892475539103177
commons-codec,LSZZ,13,0.995,0.1,0.05685120077679499,0.48755795679151753,0.00892475539103177
commons-codec,LSZZ,13,0.995,0.25,0.0691090671605347,0.5479019810775708,0.00892475539103177
commons-codec,LSZZ,13,0.999,0.0,0.02121137016769674,0.4001510355037417,0.03847782542353427
commons-codec,LSZZ,13,0.999,0.05,0.025990608746407715,0.42118248688568116,0.03847782542353427
commons-codec,LSZZ,13,0.999,0.1,0.032916289940439304,0.4445473547713102,0.03847782542353427
commons-codec,LSZZ,13,0.999,0.25,0.04304806957308409,0.4996015107792803,0.03847782542353427
commons-codec,LSZZ,21,0.9,0.0,0.007584535243760178,0.32542428638493537,0.5398600749012511
commons-codec,LSZZ,21,0.9,0.05,0.010296936509707134,0.3425281907869099,0.5398600749012511
commons-codec,LSZZ,21,0.9,0.1,0.01377651902121372,0.3615297546553808,0.5398600749012511
commons-codec,LSZZ,21,0.9,0.25,0.027749564000075257,0.4285015595147396,0.5398600749012511
commons-codec,LSZZ,21,0.95,0.0,0.004025511233391989,0.34728045038150535,0.35807397821940107
commons-codec,LSZZ,21,0.95,0.05,0.00731379232201477,0.36553308816089297,0.35807397821940107
commons-codec,LSZZ,21,0.95,0.1,0.011818921820577161,0.38581083611726363,0.35807397821940107
commons-codec,LSZZ,21,0.95,0.25,0.026356869392469277,0.458411988970161,0.35807397821940107
commons-codec,LSZZ,21,0.99,0.0,-0.013422401390248426,0.3522317637210851,0.06179642588479717
commons-codec,LSZZ,21,0.99,0.05,-0.010545915691388047,0.37074463650310613,0.06179642588479717
commons-codec,LSZZ,21,0.99,0.1,-0.005919424767714934,0.39131149225072376,0.06179642588479717
commons-codec,LSZZ,21,0.99,0.25,0.006820305483680731,0.46695407004923956,0.06179642588479717
commons-codec,LSZZ,21,0.995,0.0,-0.021164958064933372,0.33754412855991967,0.020208657223898037
commons-codec,LSZZ,21,0.995,0.05,-0.018647862824954276,0.35528503711493614,0.020208657223898037
commons-codec,LSZZ,21,0.995,0.1,-0.014320127931145793,0.37499428004977936,0.020208657223898037
commons-codec,LSZZ,21,0.995,0.25,-0.002709382074468912,0.4477895565532605,0.020208657223898037
commons-codec,LSZZ,21,0.999,0.0,-0.0343941100680976,0.30363329196966216,-0.009460178579470764
commons-codec,LSZZ,21,0.999,0.05,-0.032537427850327406,0.31959188822809537,-0.009460178579470764
commons-codec,LSZZ,21,0.999,0.1,-0.02885855744560376,0.33732107326848604,-0.009460178579470764
commons-codec,LSZZ,21,0.999,0.25,-0.019615060651145776,0.4029279079874415,-0.009460178579470764
commons-codec,LSZZ,42,0.9,0.0,0.02028294225644102,0.32213378246884317,0.3963171984850227
commons-codec,LSZZ,42,0.9,0.05,0.023662756339098732,0.3390647419900272,0.3963171984850227
commons-codec,LSZZ,42,0.9,0.1,0.02788380038858616,0.35787417293253965,0.3963171984850227
commons-codec,LSZZ,42,0.9,0.25,0.04467336038650278,0.4241161418612437,0.3963171984850227
commons-codec,LSZZ,42,0.95,0.0,0.017530769809787197,0.35753293353872057,0.2882670374014264
commons-codec,LSZZ,42,0.95,0.05,0.021528870851249562,0.3763244293540337,0.2882670374014264
commons-codec,LSZZ,42,0.95,0.1,0.026822574049243954,0.3972008210554254,0.2882670374014264
commons-codec,LSZZ,42,0.95,0.25,0.04435599684717463,0.4720759814091116,0.2882670374014264
commons-codec,LSZZ,42,0.99,0.0,0.00015318733966474451,0.3738397190022687,0.06742337601703507
commons-codec,LSZZ,42,0.99,0.05,0.0037431894586312086,0.3934882796137297,0.06742337601703507
commons-codec,LSZZ,42,0.99,0.1,0.009162360667998826,0.41531682651200946,0.06742337601703507
commons-codec,LSZZ,42,0.99,0.25,0.024913165419694603,0.4957520629896612,0.06742337601703507
commons-codec,LSZZ,42,0.995,0.0,-0.011975384241133175,0.35251494817491236,0.037612729509191756
commons-codec,LSZZ,42,0.995,0.05,-0.008975296186071903,0.3710427047871484,0.037612729509191756
commons-codec,LSZZ,42,0.995,0.1,-0.004110980953172141,0.3916260957096472,0.037612729509191756
commons-codec,LSZZ,42,0.995,0.25,0.009538018415744667,0.4677419098404924,0.037612729509191756
commons-codec,LSZZ,42,0.999,0.0,-0.030583403800040772,0.3110429462903922,0.005154988159711011
commons-codec,LSZZ,42,0.999,0.05,-0.028526435499025542,0.32739098496125657,0.005154988159711011
commons-codec,LSZZ,42,0.999,0.1,-0.024625057489412155,0.34555282062334086,0.005154988159711011
commons-codec,LSZZ,42,0.999,0.25,-0.014536343540828355,0.41280312153923754,0.005154988159711011
commons-codec,LSZZ,77,0.9,0.0,0.06362348176750099,0.48287115951122395,-0.1396494636623923
commons-codec,LSZZ,77,0.9,0.05,0.06928122185488939,0.5082502799281345,-0.1396494636623923
commons-codec,LSZZ,77,0.9,0.1,0.07603292530525277,0.5364451859679435,-0.1396494636623923
commons-codec,LSZZ,77,0.9,0.25,0.08169148946670123,0.6015129994985228,-0.1396494636623923
commons-codec,LSZZ,77,0.95,0.0,0.07010327868620107,0.47411438125756805,-0.10134383755710173
commons-codec,LSZZ,77,0.95,0.05,0.07686452680553857,0.4990332560677859,-0.10134383755710173
commons-codec,LSZZ,77,0.95,0.1,0.08522794522435484,0.5267168527547581,-0.10134383755710173
commons-codec,LSZZ,77,0.95,0.25,0.09359252441126832,0.5839234240893462,-0.10134383755710173
commons-codec,LSZZ,77,0.99,0.0,0.06331728191821201,0.469091013703255,-0.006682187285858378
commons-codec,LSZZ,77,0.99,0.05,0.07022711196800116,0.493745866429014,-0.006682187285858378
commons-codec,LSZZ,77,0.99,0.1,0.07933444238226814,0.5211361480703316,-0.006682187285858378
commons-codec,LSZZ,77,0.99,0.25,0.0949627686629003,0.5848030075176578,-0.006682187285858378
commons-codec,LSZZ,77,0.995,0.0,0.04971446864813344,0.4506789261657108,0.048549134292125665
commons-codec,LSZZ,77,0.995,0.05,0.055956900285203184,0.47436606198078274,0.048549134292125665
commons-codec,LSZZ,77,0.995,0.1,0.06442329357052405,0.5006812595797167,0.048549134292125665
commons-codec,LSZZ,77,0.995,0.25,0.07971781520780721,0.5638146323504165,0.048549134292125665
commons-codec,LSZZ,77,0.999,0.0,0.02284292888622937,0.4043771934984576,0.060455135724752994
commons-codec,LSZZ,77,0.999,0.05,0.02770792020533349,0.42563076660072785,0.060455135724752994
commons-codec,LSZZ,77,0.999,0.1,0.034728868312414965,0.44924240036835955,0.060455135724752994
commons-codec,LSZZ,77,0.999,0.25,0.04643574411834901,0.5053690222301086,0.060455135724752994
commons-codec,LSZZ,101,0.9,0.0,0.03122559496136975,0.3546633272302345,-0.07294551576950398
commons-codec,LSZZ,101,0.9,0.05,0.035180541551340455,0.373304000030717,-0.07294551576950398
commons-codec,LSZZ,101,0.9,0.1,0.040040528430120126,0.39401283506891743,-0.07294551576950398
commons-codec,LSZZ,101,0.9,0.25,0.059257175987992745,0.46746987839963033,-0.07294551576950398
commons-codec,LSZZ,101,0.95,0.0,0.03624800010069237,0.36223633272724054,-0.07930654614544165
commons-codec,LSZZ,101,0.95,0.05,0.04122985598455361,0.38127503347915626,-0.07930654614544165
commons-codec,LSZZ,101,0.95,0.1,0.047616460547607216,0.40242605723420444,-0.07930654614544165
commons-codec,LSZZ,101,0.95,0.25,0.06930137732244404,0.4783444346183299,-0.07930654614544165
commons-codec,LSZZ,101,0.99,0.0,0.03468882572798137,0.408174505818181,-0.05002312324588769
commons-codec,LSZZ,101,0.99,0.05,0.040093978965559225,0.42962766103407424,-0.05002312324588769
commons-codec,LSZZ,101,0.99,0.1,0.04752969032275642,0.4534610203323149,-0.05002312324588769
commons-codec,LSZZ,101,0.99,0.25,0.07094052236104129,0.5415117350858244,-0.05002312324588769
commons-codec,LSZZ,101,0.995,0.0,0.024233618063905962,0.39746275834247674,0.0067658305197610576
commons-codec,LSZZ,101,0.995,0.05,0.02913680720830539,0.41835291714885864,0.0067658305197610576
commons-codec,LSZZ,101,0.995,0.1,0.03611537051271805,0.441560816202372,0.0067658305197610576
commons-codec,LSZZ,101,0.995,0.25,0.05779555038445707,0.5276460841618874,0.0067658305197610576
commons-codec,LSZZ,101,0.999,0.0,-0.0007375182822128746,0.35260226254575416,0.030180447076310905
commons-codec,LSZZ,101,0.999,0.05,0.0028881134346771275,0.37113460829504696,0.030180447076310905
commons-codec,LSZZ,101,0.999,0.1,0.00853219634864191,0.39172309751433415,0.030180447076310905
commons-codec,LSZZ,101,0.999,0.25,0.02524074731568134,0.46819128208272337,0.030180447076310905
commons-codec,LSZZ,123,0.9,0.0,0.016580015547634972,0.31842070079719836,-0.07340925667688017
commons-codec,LSZZ,123,0.9,0.05,0.0197652083094979,0.33515650526510093,-0.07340925667688017
commons-codec,LSZZ,123,0.9,0.1,0.023770038015737398,0.3537491289148437,-0.07340925667688017
commons-codec,LSZZ,123,0.9,0.25,0.039738286436587895,0.41916753388905165,-0.07340925667688017
commons-codec,LSZZ,123,0.95,0.0,0.015100202773805187,0.3543053156688642,-0.08210666615047114
commons-codec,LSZZ,123,0.95,0.05,0.018970556170222853,0.37292717181743523,-0.08210666615047114
commons-codec,LSZZ,123,0.95,0.1,0.024122338261824527,0.3936151025167966,-0.08210666615047114
commons-codec,LSZZ,123,0.95,0.25,0.04111665969414081,0.4677743751062031,-0.08210666615047114
commons-codec,LSZZ,123,0.99,0.0,0.0010052124388465439,0.3739976047522457,-0.037011070645276915
commons-codec,LSZZ,123,0.99,0.05,0.004639995959983008,0.3936544636465546,-0.037011070645276915
commons-codec,LSZZ,123,0.99,0.1,0.010108917019060646,0.4154922295130788,-0.037011070645276915
commons-codec,LSZZ,123,0.99,0.25,0.026048701497588388,0.4959624851538161,-0.037011070645276915
commons-codec,LSZZ,123,0.995,0.0,-0.01054522234609737,0.3532995218611731,-0.007807513985703882
commons-codec,LSZZ,123,0.995,0.05,-0.007469966722555659,0.37186851471141463,-0.007807513985703882
commons-codec,LSZZ,123,0.995,0.1,-0.0025221441617528043,0.39249771698737623,-0.007807513985703882
commons-codec,LSZZ,123,0.995,0.25,0.01144406605518818,0.4687875500773479,-0.007807513985703882
commons-codec,LSZZ,123,0.999,0.0,-0.028884733867007156,0.31193916574117503,-0.006826293515114497
commons-codec,LSZZ,123,0.999,0.05,-0.026738485541849086,0.3283343086155383,-0.006826293515114497
commons-codec,LSZZ,123,0.999,0.1,-0.022737921987166055,0.3465484746409258,-0.006826293515114497
commons-codec,LSZZ,123,0.999,0.25,-0.012272441931303696,0.413997557619878,-0.006826293515114497
commons-codec,LSZZ,202,0.9,0.0,0.05702732039993592,0.4443695625137431,0.6343602954201343
commons-codec,LSZZ,202,0.9,0.05,0.062338374274367926,0.4677250858547145,0.6343602954201343
commons-codec,LSZZ,202,0.9,0.1,0.06870492705603085,0.4936718789386255,0.6343602954201343
commons-codec,LSZZ,202,0.9,0.25,0.07290045829206547,0.5502000129572218,0.6343602954201343
commons-codec,LSZZ,202,0.95,0.0,0.06384955728551722,0.4556021450964904,0.4216142680567595
commons-codec,LSZZ,202,0.95,0.05,0.07028211741975654,0.47954803930626433,0.4216142680567595
commons-codec,LSZZ,202,0.95,0.1,0.07828038028140533,0.5061507042604805,0.4216142680567595
commons-codec,LSZZ,202,0.95,0.25,0.08525787995256356,0.5592512494508521,0.4216142680567595
commons-codec,LSZZ,202,0.99,0.0,0.055332429964764195,0.4613008121248842,0.10535794399710999
commons-codec,LSZZ,202,0.99,0.05,0.06182258591464875,0.4855462213375338,0.10535794399710999
commons-codec,LSZZ,202,0.99,0.1,0.0704636798471239,0.5124816321562582,0.10535794399710999
commons-codec,LSZZ,202,0.99,0.25,0.08432096071793743,0.5744206197748555,0.10535794399710999
commons-codec,LSZZ,202,0.995,0.0,0.04007097551384719,0.44290126884401315,0.09330218293722024
commons-codec,LSZZ,202,0.995,0.05,0.04580655688936385,0.46617962045683825,0.09330218293722024
commons-codec,LSZZ,202,0.995,0.1,0.05370986543155787,0.49204067969385995,0.09330218293722024
commons-codec,LSZZ,202,0.995,0.25,0.06686545395528211,0.5534489629602032,0.09330218293722024
commons-codec,LSZZ,202,0.999,0.0,0.011808986367494374,0.3972482301038061,0.06626167178791667
commons-codec,LSZZ,202,0.999,0.05,0.016094047097785308,0.41812711356707677,0.06626167178791667
commons-codec,LSZZ,202,0.999,0.1,0.022470721952185285,0.4413224862905058,0.06626167178791667
commons-codec,LSZZ,202,0.999,0.25,0.031730262057478024,0.4958678993871494,0.06626167178791667
commons-codec,LSZZ,314,0.9,0.0,-0.010388228839182728,0.2568389739559018,-0.07292152123310071
commons-codec,LSZZ,314,0.9,0.05,-0.008620454177871772,0.2703381178152714,-0.07292152123310071
commons-codec,LSZZ,314,0.9,0.1,-0.0061903035585228645,0.28533497690575355,-0.07292152123310071
commons-codec,LSZZ,314,0.9,0.25,0.004856715656503743,0.3370947079465308,-0.07292152123310071
commons-codec,LSZZ,314,0.95,0.0,-0.013976233211251582,0.28082574541736033,-0.07968088416740271
commons-codec,LSZZ,314,0.95,0.05,-0.011634101899802315,0.29558560478922713,-0.07968088416740271
commons-codec,LSZZ,314,0.95,0.1,-0.008180096460260437,0.3119830543979725,-0.07968088416740271
commons-codec,LSZZ,314,0.95,0.25,0.003569021379192698,0.3698484562658214,-0.07968088416740271
commons-codec,LSZZ,314,0.99,0.0,-0.02532487136033564,0.32586161266474684,-0.08274214674134059
commons-codec,LSZZ,314,0.99,0.05,-0.023073964996002668,0.3429885024036962,-0.08274214674134059
commons-codec,LSZZ,314,0.99,0.1,-0.0191424607490819,0.36201560180711295,-0.08274214674134059
commons-codec,LSZZ,314,0.99,0.25,-0.0081810291174591,0.43181814757396353,-0.08274214674134059
commons-codec,LSZZ,314,0.995,0.0,-0.029154945919438797,0.32340337127132485,-0.05899745488800626
commons-codec,LSZZ,314,0.995,0.05,-0.027057794716072708,0.34040105883468635,-0.05899745488800626
commons-codec,LSZZ,314,0.995,0.1,-0.023196596189946714,0.3592846212225959,-0.05899745488800626
commons-codec,LSZZ,314,0.995,0.25,-0.012606367944366636,0.4289507591655976,-0.05899745488800626
commons-codec,LSZZ,314,0.999,0.0,-0.038841607892562004,0.29738870501102194,-0.04053473216253961
commons-codec,LSZZ,314,0.999,0.05,-0.037218680747170295,0.31301909337951267,-0.04053473216253961
commons-codec,LSZZ,314,0.999,0.1,-0.03379950028416931,0.3303836562239236,-0.04053473216253961
commons-codec,LSZZ,314,0.999,0.25,-0.02488603952625007,0.3946111989650654,-0.04053473216253961
commons-codec,LSZZ,999,0.9,0.0,0.051441404469819395,0.47768416632544175,0.3171696732015368
commons-codec,LSZZ,999,0.9,0.05,0.056458869401866285,0.5027906646938606,0.3171696732015368
commons-codec,LSZZ,999,0.9,0.1,0.06249925986943426,0.5306827015673886,0.3171696732015368
commons-codec,LSZZ,999,0.9,0.25,0.08619978725932408,0.6314258478417543,0.3171696732015368
commons-codec,LSZZ,999,0.95,0.0,0.059586340067579055,0.46630137041435116,0.27190075996279867
commons-codec,LSZZ,999,0.95,0.05,0.06579483069382164,0.4908096028842617,0.27190075996279867
commons-codec,LSZZ,999,0.95,0.1,0.07354416378089301,0.5180369969128776,0.27190075996279867
commons-codec,LSZZ,999,0.95,0.25,0.1004055396951249,0.6170370680332006,0.27190075996279867
commons-codec,LSZZ,999,0.99,0.0,0.05498737915467461,0.44403296498038164,0.11279418389286733
commons-codec,LSZZ,999,0.99,0.05,0.06145939965395971,0.4673707971646894,0.11279418389286733
commons-codec,LSZZ,999,0.99,0.1,0.07008034602744774,0.4932979362774751,0.11279418389286733
commons-codec,LSZZ,999,0.99,0.25,0.09799341055318411,0.5893020808343966,0.11279418389286733
commons-codec,LSZZ,999,0.995,0.0,0.03778099312645279,0.4168476371126187,0.1039436666186954
commons-codec,LSZZ,999,0.995,0.05,0.04339621581494181,0.4387566415528394,0.1039436666186954
commons-codec,LSZZ,999,0.995,0.1,0.05116581200556205,0.4630964260477413,0.1039436666186954
commons-codec,LSZZ,999,0.995,0.25,0.0758508085676412,0.553481272855544,0.1039436666186954
commons-codec,LSZZ,999,0.999,0.0,0.006158135534519911,0.361856738510368,0.07128763323385567
commons-codec,LSZZ,999,0.999,0.05,0.010146194422967094,0.38087548825226847,0.07128763323385567
commons-codec,LSZZ,999,0.999,0.1,0.01619291540635526,0.402004347454584,0.07128763323385567
commons-codec,LSZZ,999,0.999,0.25,0.034430926920819074,0.48052518087269047,0.07128763323385567
commons-codec,RSZZ,7,0.9,0.0,-0.05335491038881857,0.15846580820865563,-0.12017999700532327
commons-codec,RSZZ,7,0.9,0.05,-0.05384541221282734,0.1667945782113236,-0.12017999700532327
commons-codec,RSZZ,7,0.9,0.1,-0.05392409138227887,0.17604741612669625,-0.12017999700532327
commons-codec,RSZZ,7,0.9,0.25,-0.06855932048694688,0.15370675642715195,-0.12017999700532327
commons-codec,RSZZ,7,0.95,0.0,-0.06028011228797411,0.19400545164011057,-0.09731229812956528
commons-codec,RSZZ,7,0.95,0.05,-0.060371656501995725,0.20420214204443174,-0.09731229812956528
commons-codec,RSZZ,7,0.95,0.1,-0.059621340222867504,0.21553014408485277,-0.09731229812956528
commons-codec,RSZZ,7,0.95,0.25,-0.07415852007027796,0.19959410180212286,-0.09731229812956528
commons-codec,RSZZ,7,0.99,0.0,-0.06471860440770734,0.3014136120788343,-0.08642194193754468
commons-codec,RSZZ,7,0.99,0.05,-0.06453818470423207,0.31725554466389067,-0.08642194193754468
commons-codec,RSZZ,7,0.99,0.1,-0.06290688534623498,0.3348551223240773,-0.08642194193754468
commons-codec,RSZZ,7,0.99,0.25,-0.06944060629849949,0.3574457462822783,-0.08642194193754468
commons-codec,RSZZ,7,0.995,0.0,-0.07024932398785026,0.30463953003567107,-0.06646383895821362
commons-codec,RSZZ,7,0.995,0.05,-0.07031204327770636,0.32065101294211024,-0.06646383895821362
commons-codec,RSZZ,7,0.995,0.1,-0.06885035051120383,0.3384389523461981,-0.06646383895821362
commons-codec,RSZZ,7,0.995,0.25,-0.07445255154432164,0.3661100088722982,-0.06646383895821362
commons-codec,RSZZ,7,0.999,0.0,-0.08212730858554862,0.28407347998042565,-0.07102200907029031
commons-codec,RSZZ,7,0.999,0.05,-0.08277942518335676,0.29900403632794453,-0.07102200907029031
commons-codec,RSZZ,7,0.999,0.1,-0.08188770207593984,0.3155911215548962,-0.07102200907029031
commons-codec,RSZZ,7,0.999,0.25,-0.08830088573954598,0.3425430784014196,-0.07102200907029031
commons-codec,RSZZ,13,0.9,0.0,-0.024508272923701235,0.22454889213023344,0.31503916989889114
commons-codec,RSZZ,13,0.9,0.05,-0.02348263059325018,0.2363509085907437,0.31503916989889114
commons-codec,RSZZ,13,0.9,0.1,-0.02187695107431641,0.24946234585563168,0.31503916989889114
commons-codec,RSZZ,13,0.9,0.25,-0.032181263239587136,0.24106536012549623,0.31503916989889114
commons-codec,RSZZ,13,0.95,0.0,-0.0289806194055983,0.2801805808646723,0.2369504387536293
commons-codec,RSZZ,13,0.95,0.05,-0.027427100369923834,0.2949065311729123,0.2369504387536293
commons-codec,RSZZ,13,0.95,0.1,-0.024849202874709854,0.31126630954454837,0.2369504387536293
commons-codec,RSZZ,13,0.95,0.25,-0.034199011545228114,0.3138454550306869,0.2369504387536293
commons-codec,RSZZ,13,0.99,0.0,-0.03914211384182881,0.3470201473826198,0.06349814629232857
commons-codec,RSZZ,13,0.99,0.05,-0.03761742492465591,0.365259103953214,0.06349814629232857
commons-codec,RSZZ,13,0.99,0.1,-0.034492711155529036,0.38552165278565503,0.06349814629232857
commons-codec,RSZZ,13,0.99,0.25,-0.03642254550685999,0.41795844025080375,0.06349814629232857
commons-codec,RSZZ,13,0.995,0.0,-0.05282135218076382,0.3317367376097226,0.030231542002449725
commons-codec,RSZZ,13,0.995,0.05,-0.0519680784849086,0.34917241676486704,0.030231542002449725
commons-codec,RSZZ,13,0.995,0.1,-0.04948876431384211,0.36854256543211517,0.030231542002449725
commons-codec,RSZZ,13,0.995,0.25,-0.05213051735216869,0.4020172109748583,0.030231542002449725
commons-codec,RSZZ,13,0.999,0.0,-0.07335016622004625,0.29715346828525707,-0.025944359988977827
commons-codec,RSZZ,13,0.999,0.05,-0.0735409668982291,0.31277149289776024,-0.025944359988977827
commons-codec,RSZZ,13,0.999,0.1,-0.07213674537499488,0.33012232024099364,-0.025944359988977827
commons-codec,RSZZ,13,0.999,0.25,-0.07736996274942975,0.3598160991028095,-0.025944359988977827
commons-codec,RSZZ,21,0.9,0.0,-0.02042989399075895,0.2901455361836203,0.39740255433594346
commons-codec,RSZZ,21,0.9,0.05,-0.019189897027594466,0.30539523241457134,0.39740255433594346
commons-codec,RSZZ,21,0.9,0.1,-0.017346080464142575,0.3223368657455986,0.39740255433594346
commons-codec,RSZZ,21,0.9,0.25,-0.010163014932079686,0.3526099170211759,0.39740255433594346
commons-codec,RSZZ,21,0.95,0.0,-0.021219213582522035,0.32348021336425753,0.2948629784557227
commons-codec,RSZZ,21,0.95,0.05,-0.019257764503587675,0.3404819396544951,0.2948629784557227
commons-codec,RSZZ,21,0.95,0.1,-0.01622667757345287,0.35936998886160576,0.2948629784557227
commons-codec,RSZZ,21,0.95,0.25,-0.009697082821838005,0.38969890562560083,0.2948629784557227
commons-codec,RSZZ,21,0.99,0.0,-0.030602258777402906,0.3579133067453252,0.08452515757680411
commons-codec,RSZZ,21,0.99,0.05,-0.028628725472334884,0.37672479451340585,0.08452515757680411
commons-codec,RSZZ,21,0.99,0.1,-0.025005368521911382,0.39762339625283566,0.08452515757680411
commons-codec,RSZZ,21,0.99,0.25,-0.018231441531111014,0.439726417131595,0.08452515757680411
commons-codec,RSZZ,21,0.995,0.0,-0.04476188634490542,0.338353367438758,0.046699137638593874
commons-codec,RSZZ,21,0.995,0.05,-0.04348501693430245,0.35613680860428054,0.046699137638593874
commons-codec,RSZZ,21,0.995,0.1,-0.04053510956772788,0.37589330309619684,0.046699137638593874
commons-codec,RSZZ,21,0.995,0.25,-0.035869593111464745,0.41657570397650806,0.046699137638593874
commons-codec,RSZZ,21,0.999,0.0,-0.06692344999897099,0.2985900763293401,-0.011376028603743288
commons-codec,RSZZ,21,0.999,0.05,-0.06677647029485666,0.31428360731207167,-0.011376028603743288
commons-codec,RSZZ,21,0.999,0.1,-0.06499699202574191,0.3317183183746391,-0.011376028603743288
commons-codec,RSZZ,21,0.999,0.25,-0.06428070449841321,0.3663519771482311,-0.011376028603743288
commons-codec,RSZZ,42,0.9,0.0,-0.023921978885466818,0.27869218831714737,0.35313882765057314
commons-codec,RSZZ,42,0.9,0.05,-0.022865521653974392,0.2933399105246876,0.35313882765057314
commons-codec,RSZZ,42,0.9,0.1,-0.02122560835446765,0.3096127814735024,0.35313882765057314
commons-codec,RSZZ,42,0.9,0.25,-0.013932228959183536,0.33749055257194016,0.35313882765057314
commons-codec,RSZZ,42,0.95,0.0,-0.026505548674806277,0.31458782415928394,0.28971972270604496
commons-codec,RSZZ,42,0.95,0.05,-0.024821942934055607,0.33112217729628646,0.28971972270604496
commons-codec,RSZZ,42,0.95,0.1,-0.022099525756267915,0.3494909988105329,0.28971972270604496
commons-codec,RSZZ,42,0.95,0.25,-0.01570730557728537,0.3780839604530529,0.28971972270604496
commons-codec,RSZZ,42,0.99,0.0,-0.03862898976629644,0.3510169996152698,0.08334853714193037
commons-codec,RSZZ,42,0.99,0.05,-0.03707733167226293,0.3694660258744403,0.08334853714193037
commons-codec,RSZZ,42,0.99,0.1,-0.03392265652563105,0.3899619513974019,0.08334853714193037
commons-codec,RSZZ,42,0.99,0.25,-0.02800018718772648,0.4307302646464915,0.08334853714193037
commons-codec,RSZZ,42,0.995,0.0,-0.05303990159325197,0.33179207496830304,0.04290301352341214
commons-codec,RSZZ,42,0.995,0.05,-0.052198114588509516,0.34923066258766056,0.04290301352341214
commons-codec,RSZZ,42,0.995,0.1,-0.04973156154435813,0.36860404241004174,0.04290301352341214
commons-codec,RSZZ,42,0.995,0.25,-0.046049147650356774,0.4079953499802828,0.04290301352341214
commons-codec,RSZZ,42,0.999,0.0,-0.07514183838329362,0.2932169072246695,-0.018715505749202055
commons-codec,RSZZ,42,0.999,0.05,-0.0754268071696416,0.3086280309792164,-0.018715505749202055
commons-codec,RSZZ,42,0.999,0.1,-0.0741272016030697,0.3257490020408371,-0.018715505749202055
commons-codec,RSZZ,42,0.999,0.25,-0.07445632698487831,0.3593277853099149,-0.018715505749202055
commons-codec,RSZZ,77,0.9,0.0,-0.007994853704838954,0.30414308423746944,0.455374433579994
commons-codec,RSZZ,77,0.9,0.05,-0.006101286159565249,0.3201284745570045,0.455374433579994
commons-codec,RSZZ,77,0.9,0.1,-0.0035313860735073648,0.3378874264302397,0.455374433579994
commons-codec,RSZZ,77,0.9,0.25,-0.008875595938483525,0.3472496754735026,0.455374433579994
commons-codec,RSZZ,77,0.95,0.0,-0.010129718093064151,0.33924401360010037,0.31017538636644915
commons-codec,RSZZ,77,0.95,0.05,-0.007585418628791751,0.3570742660438123,0.31017538636644915
commons-codec,RSZZ,77,0.95,0.1,-0.003906814701223012,0.37688276547398003,0.31017538636644915
commons-codec,RSZZ,77,0.95,0.25,-0.007897005303783806,0.3927971407534888,0.31017538636644915
commons-codec,RSZZ,77,0.99,0.0,-0.02026251497306104,0.379133200673562,0.08630043699178884
commons-codec,RSZZ,77,0.99,0.05,-0.017745537318663837,0.39905998023870076,0.08630043699178884
commons-codec,RSZZ,77,0.99,0.1,-0.013518441463365153,0.42119761417894985,0.08630043699178884
commons-codec,RSZZ,77,0.99,0.25,-0.010410386316800056,0.4609518819009652,0.08630043699178884
commons-codec,RSZZ,77,0.995,0.0,-0.03312182462824098,0.3624728344188092,0.049480966075976705
commons-codec,RSZZ,77,0.995,0.05,-0.0312331677415201,0.38152396541177563,0.049480966075976705
commons-codec,RSZZ,77,0.995,0.1,-0.027603595748192638,0.4026887985295092,0.049480966075976705
commons-codec,RSZZ,77,0.995,0.25,-0.025135002156537734,0.443139534668136,0.049480966075976705
commons-codec,RSZZ,77,0.999,0.0,-0.05313837662781604,0.32725034264350017,-0.004246677453587237
commons-codec,RSZZ,77,0.999,0.05,-0.05226687024582635,0.344450222339839,-0.004246677453587237
commons-codec,RSZZ,77,0.999,0.1,-0.049682479857203365,0.3635584098565017,-0.004246677453587237
commons-codec,RSZZ,77,0.999,0.25,-0.04979044848680827,0.4000556382464218,-0.004246677453587237
commons-codec,RSZZ,101,0.9,0.0,-0.025794943695022336,0.2775320560416121,-0.1740795278820451
commons-codec,RSZZ,101,0.9,0.05,-0.02483692721423959,0.29211880310880606,-0.1740795278820451
commons-codec,RSZZ,101,0.9,0.1,-0.023306376558951958,0.30832393379221423,-0.1740795278820451
commons-codec,RSZZ,101,0.9,0.25,-0.017226471790746004,0.3357625715768754,-0.1740795278820451
commons-codec,RSZZ,101,0.95,0.0,-0.026603440973867933,0.31244382057902065,-0.138910486088184
commons-codec,RSZZ,101,0.95,0.05,-0.02492498033320625,0.32886548749742006,-0.138910486088184
commons-codec,RSZZ,101,0.95,0.1,-0.02220827909872913,0.34710912038048863,-0.138910486088184
commons-codec,RSZZ,101,0.95,0.25,-0.016851814504403255,0.3749507734576953,-0.138910486088184
commons-codec,RSZZ,101,0.99,0.0,-0.035827227329974905,0.35248548850254025,-0.04351988473894488
commons-codec,RSZZ,101,0.99,0.05,-0.034128312012455614,0.37101169675025325,-0.04351988473894488
commons-codec,RSZZ,101,0.99,0.1,-0.030810041614622738,0.3915933675188804,-0.04351988473894488
commons-codec,RSZZ,101,0.99,0.25,-0.025159458903287107,0.43248492912082287,-0.04351988473894488
commons-codec,RSZZ,101,0.995,0.0,-0.04986432850612286,0.33402167951876355,-0.014432453492067905
commons-codec,RSZZ,101,0.995,0.05,-0.048855637245072116,0.35157745243952837,-0.014432453492067905
commons-codec,RSZZ,101,0.995,0.1,-0.046203662100116887,0.37108101914420294,-0.014432453492067905
commons-codec,RSZZ,101,0.995,0.25,-0.04262759155274769,0.4107994153551673,-0.014432453492067905
commons-codec,RSZZ,101,0.999,0.0,-0.07193868924681443,0.29520695331126057,-0.03436343656509258
commons-codec,RSZZ,101,0.999,0.05,-0.0720553044132645,0.3107226714659326,-0.03436343656509258
commons-codec,RSZZ,101,0.999,0.1,-0.07056866657699574,0.3279598415618529,-0.03436343656509258
commons-codec,RSZZ,101,0.999,0.25,-0.07091787181433769,0.3618425764316365,-0.03436343656509258
commons-codec,RSZZ,123,0.9,0.0,-0.004704898061984643,0.3277826817944907,0.4516822426383434
commons-codec,RSZZ,123,0.9,0.05,-0.0026384144524945388,0.34501054058866865,0.4516822426383434
commons-codec,RSZZ,123,0.9,0.1,0.0001235865457804175,0.3641498114534416,0.4516822426383434
commons-codec,RSZZ,123,0.9,0.25,0.011679327094529138,0.40291588626065883,0.4516822426383434
commons-codec,RSZZ,123,0.95,0.0,-0.0031150570199124676,0.3609580084278267,0.3252598735392317
commons-codec,RSZZ,123,0.95,0.05,-0.0002020755075352827,0.37992952201047875,0.3252598735392317
commons-codec,RSZZ,123,0.95,0.1,0.003886115337709009,0.4010059042533957,0.3252598735392317
commons-codec,RSZZ,123,0.95,0.25,0.015466361934753493,0.43988380323477105,0.3252598735392317
commons-codec,RSZZ,123,0.99,0.0,-0.009142620265719895,0.39290905366687734,0.08825059027756114
commons-codec,RSZZ,123,0.99,0.05,-0.006041194480093142,0.4135598752980548,0.08825059027756114
commons-codec,RSZZ,123,0.99,0.1,-0.001164806613311704,0.4365018829788229,0.08825059027756114
commons-codec,RSZZ,123,0.99,0.25,0.011297758854197782,0.48656188134224165,0.08825059027756114
commons-codec,RSZZ,123,0.995,0.0,-0.024516249194058273,0.37178778954805813,0.05960033426658539
commons-codec,RSZZ,123,0.995,0.05,-0.022175293736799436,0.3913285032449132,0.05960033426658539
commons-codec,RSZZ,123,0.995,0.1,-0.018043241141750245,0.41303723773149237,0.05960033426658539
commons-codec,RSZZ,123,0.995,0.25,-0.008034262403795655,0.4612996210751929,0.05960033426658539
commons-codec,RSZZ,123,0.999,0.0,-0.05088874335059459,0.32796869954704344,0.009955616733616278
commons-codec,RSZZ,123,0.999,0.05,-0.04989899898169698,0.3452063352078839,0.009955616733616278
commons-codec,RSZZ,123,0.999,0.1,-0.047183252230976316,0.3643564676719709,0.009955616733616278
commons-codec,RSZZ,123,0.999,0.25,-0.04213302519874177,0.4056432213122381,0.009955616733616278
commons-codec,RSZZ,202,0.9,0.0,0.037916368657933845,0.3755799811949429,0.4743296217825625
commons-codec,RSZZ,202,0.9,0.05,0.04191758757460799,0.3953200078690893,0.4743296217825625
commons-codec,RSZZ,202,0.9,0.1,0.04680119949633093,0.4172501688895643,0.4743296217825625
commons-codec,RSZZ,202,0.9,0.25,0.05075260626794237,0.44234387283616594,0.4743296217825625
commons-codec,RSZZ,202,0.95,0.0,0.0417036378943146,0.41288723361601737,0.33693358235273224
commons-codec,RSZZ,202,0.95,0.05,0.04659281268220773,0.4345880840688648,0.33693358235273224
commons-codec,RSZZ,202,0.95,0.1,0.05275544345850441,0.45869662011940027,0.33693358235273224
commons-codec,RSZZ,202,0.95,0.25,0.05942300182619145,0.4908714434532511,0.33693358235273224
commons-codec,RSZZ,202,0.99,0.0,0.039860401271024894,0.45463994562424015,0.09062771941299222
commons-codec,RSZZ,202,0.99,0.05,0.04513334877299227,0.47853526780089456,0.09062771941299222
commons-codec,RSZZ,202,0.99,0.1,0.052152142844354536,0.5050817498102873,0.09062771941299222
commons-codec,RSZZ,202,0.99,0.25,0.06700096657534942,0.561366866971377,0.09062771941299222
commons-codec,RSZZ,202,0.995,0.0,0.025989102333528535,0.4394188613538444,0.07726926365582375
commons-codec,RSZZ,202,0.995,0.05,0.030580555732079587,0.46251418186760107,0.07726926365582375
commons-codec,RSZZ,202,0.995,0.1,0.03692250586758319,0.4881719029055119,0.07726926365582375
commons-codec,RSZZ,202,0.995,0.25,0.050726856168593924,0.545461968916683,0.07726926365582375
commons-codec,RSZZ,202,0.999,0.0,-0.00021028427198468305,0.4008995505307141,0.049270871893782216
commons-codec,RSZZ,202,0.999,0.05,0.003039586911809899,0.4219703429514155,0.049270871893782216
commons-codec,RSZZ,202,0.999,0.1,0.007960001746261854,0.44537891672098306,0.049270871893782216
commons-codec,RSZZ,202,0.999,0.25,0.017666989263753815,0.49798279320116856,0.049270871893782216
commons-codec,RSZZ,314,0.9,0.0,-0.04296054527908012,0.1842255975154955,-0.12051325432769266
commons-codec,RSZZ,314,0.9,0.05,-0.04290473192443046,0.19390827069058378,-0.12051325432769266
commons-codec,RSZZ,314,0.9,0.1,-0.042376482844306694,0.20466522585298114,-0.12051325432769266
commons-codec,RSZZ,314,0.9,0.25,-0.04067847863754168,0.21138263962746343,-0.12051325432769266
commons-codec,RSZZ,314,0.95,0.0,-0.04780731716636356,0.21433640622105804,-0.09876823711513115
commons-codec,RSZZ,314,0.95,0.05,-0.04724330645006541,0.22560166685231697,-0.09876823711513115
commons-codec,RSZZ,314,0.95,0.1,-0.04576470213885929,0.23811679581638714,-0.09876823711513115
commons-codec,RSZZ,314,0.95,0.25,-0.0458658357368327,0.24410791827623246,-0.09876823711513115
commons-codec,RSZZ,314,0.99,0.0,-0.06187677815563347,0.2934426247049245,-0.07116288038995645
commons-codec,RSZZ,314,0.99,0.05,-0.061546995523280204,0.30886561189550144,-0.07116288038995645
commons-codec,RSZZ,314,0.99,0.1,-0.05974976158298211,0.32599976262839053,-0.07116288038995645
commons-codec,RSZZ,314,0.99,0.25,-0.060753351750290285,0.3536460243645827,-0.07116288038995645
commons-codec,RSZZ,314,0.995,0.0,-0.07273552766329103,0.2881061724206707,-0.04691056835774093
commons-codec,RSZZ,314,0.995,0.05,-0.0729289187922436,0.3032486821744543,-0.04691056835774093
commons-codec,RSZZ,314,0.995,0.1,-0.07161239576231394,0.3200712368060298,-0.04691056835774093
commons-codec,RSZZ,314,0.995,0.25,-0.07394480779707502,0.34946964969204775,-0.04691056835774093
commons-codec,RSZZ,314,0.999,0.0,-0.09123611748283021,0.25767392925841603,-0.06256240710572258
commons-codec,RSZZ,314,0.999,0.05,-0.09236698198948579,0.2712169573522194,-0.06256240710572258
commons-codec,RSZZ,314,0.999,0.1,-0.09200712334722641,0.28626256958489726,-0.06256240710572258
commons-codec,RSZZ,314,0.999,0.25,-0.09742072332914725,0.31170080630952873,-0.06256240710572258
commons-codec,RSZZ,999,0.9,0.0,0.032504629987217724,0.3700909669608539,0.3465796341289015
commons-codec,RSZZ,999,0.9,0.05,0.03622141450626086,0.38954249772781435,0.3465796341289015
commons-codec,RSZZ,999,0.9,0.1,0.04078903434536017,0.4111521545360728,0.3465796341289015
commons-codec,RSZZ,999,0.9,0.25,0.04816088676955399,0.43683573602094455,0.3465796341289015
commons-codec,RSZZ,999,0.95,0.0,0.037238664857047334,0.4091347321953183,0.28390436628878013
commons-codec,RSZZ,999,0.95,0.05,0.04189316609664702,0.4306383557408537,0.28390436628878013
commons-codec,RSZZ,999,0.95,0.1,0.047795086551408954,0.4545277827746529,0.28390436628878013
commons-codec,RSZZ,999,0.95,0.25,0.05749644757707924,0.48742699447278365,0.28390436628878013
commons-codec,RSZZ,999,0.99,0.0,0.036043297011249795,0.4519829589924939,0.0926833031257428
commons-codec,RSZZ,999,0.99,0.05,0.04111562215931474,0.475738633185737,0.0926833031257428
commons-codec,RSZZ,999,0.99,0.1,0.04791153504626861,0.5021299734208582,0.0926833031257428
commons-codec,RSZZ,999,0.99,0.25,0.06426486155456704,0.5584644356126318,0.0926833031257428
commons-codec,RSZZ,999,0.995,0.0,0.021523721036198804,0.4363317733882002,0.07949825013698976
commons-codec,RSZZ,999,0.995,0.05,0.02588047942880443,0.4592648403159342,0.07949825013698976
commons-codec,RSZZ,999,0.995,0.1,0.031961695404418324,0.48474230591010276,0.07949825013698976
commons-codec,RSZZ,999,0.995,0.25,0.046751466156164705,0.5418233597533963,0.07949825013698976
commons-codec,RSZZ,999,0.999,0.0,-0.005570843002039444,0.39745291262184235,0.04850836216129693
commons-codec,RSZZ,999,0.999,0.05,-0.0026027162604884036,0.41834255394913133,0.04850836216129693
commons-codec,RSZZ,999,0.999,0.1,0.0020046948943324024,0.44154987810981317,0.04850836216129693
commons-codec,RSZZ,999,0.999,0.25,0.012187198896027285,0.4937468175692097,0.04850836216129693
commons-codec,RASZZ,7,0.9,0.0,0.025981550260875445,0.34440534435986925,-0.11932565006884546
commons-codec,RASZZ,7,0.9,0.05,0.029660876244181157,0.36250687006619714,-0.11932565006884546
commons-codec,RASZZ,7,0.9,0.1,0.026035947102196286,0.3546282415183971,-0.11932565006884546
commons-codec,RASZZ,7,0.9,0.25,0.032966145582343204,0.3520851463363416,-0.11932565006884546
commons-codec,RASZZ,7,0.95,0.0,0.022912659089285248,0.40326477387543225,-0.08363647134607816
commons-codec,RASZZ,7,0.95,0.05,0.02719362568070741,0.42445987955629866,-0.08363647134607816
commons-codec,RASZZ,7,0.95,0.1,0.024946680945140687,0.4220449755820364,-0.08363647134607816
commons-codec,RASZZ,7,0.95,0.25,0.0301845997783577,0.42313897502092446,-0.08363647134607816
commons-codec,RASZZ,7,0.99,0.0,0.01782205053460417,0.47078432149267785,0.009892675300493037
commons-codec,RASZZ,7,0.99,0.05,0.02234070659742637,0.4955281724148379,0.009892675300493037
commons-codec,RASZZ,7,0.99,0.1,0.022922985926607346,0.5013184505808239,0.009892675300493037
commons-codec,RASZZ,7,0.99,0.25,0.026899596809823498,0.5143339395170158,0.009892675300493037
commons-codec,RASZZ,7,0.995,0.0,0.008760420925628324,0.46788919548262464,0.03686072402374036
commons-codec,RASZZ,7,0.995,0.05,0.012850357661653544,0.4924808821055012,0.03686072402374036
commons-codec,RASZZ,7,0.995,0.1,0.013446550700156022,0.4989506190657543,0.03686072402374036
commons-codec,RASZZ,7,0.995,0.25,0.015827323181269906,0.5125214179749258,0.03686072402374036
commons-codec,RASZZ,7,0.999,0.0,-0.00706001653758671,0.45151583702243686,0.025852773615953985
commons-codec,RASZZ,7,0.999,0.05,-0.0037666876335655966,0.47524695985349164,0.025852773615953985
commons-codec,RASZZ,7,0.999,0.1,-0.0036449235079511126,0.4814885594428637,0.025852773615953985
commons-codec,RASZZ,7,0.999,0.25,-0.004236986783467107,0.4928437707107263,0.025852773615953985
commons-codec,RASZZ,13,0.9,0.0,0.005599723574751082,0.28296235930833435,-0.12012560934715825
commons-codec,RASZZ,13,0.9,0.05,0.008207805555189959,0.2978345165057294,-0.12012560934715825
commons-codec,RASZZ,13,0.9,0.1,0.0053259217479053175,0.28777510281680696,-0.12012560934715825
commons-codec,RASZZ,13,0.9,0.25,-0.014354041827318215,0.2586482791205651,-0.12012560934715825
commons-codec,RASZZ,13,0.95,0.0,-0.0005138649581186349,0.35517706024143364,-0.09573516530163971
commons-codec,RASZZ,13,0.95,0.05,0.002535832042983538,0.37384473422369435,-0.09573516530163971
commons-codec,RASZZ,13,0.95,0.1,0.0002577891582812811,0.3695153894074814,-0.09573516530163971
commons-codec,RASZZ,13,0.95,0.25,-0.015818524037156327,0.3506144968014497,-0.09573516530163971
commons-codec,RASZZ,13,0.99,0.0,0.003001722759055846,0.4458002928568163,-0.058762719333010784
commons-codec,RASZZ,13,0.99,0.05,0.006741440432568453,0.469231013643205,-0.058762719333010784
commons-codec,RASZZ,13,0.99,0.1,0.0072691027223553435,0.47395202648713297,-0.058762719333010784
commons-codec,RASZZ,13,0.99,0.25,0.0012879405896635448,0.47791505450995264,-0.058762719333010784
commons-codec,RASZZ,13,0.995,0.0,0.0024977603649780633,0.4542195479796468,-0.029444847170035406
commons-codec,RASZZ,13,0.995,0.05,0.006258539284537571,0.4780927745677886,-0.029444847170035406
commons-codec,RASZZ,13,0.995,0.1,0.007232173199496149,0.4840986476141752,-0.029444847170035406
commons-codec,RASZZ,13,0.995,0.25,0.0031563518968790337,0.49195710793902053,-0.029444847170035406
commons-codec,RASZZ,13,0.999,0.0,-0.0028100608982999306,0.4488717335894439,-0.012621332713162903
commons-codec,RASZZ,13,0.999,0.05,0.0007066405012853553,0.47246388556233304,-0.012621332713162903
commons-codec,RASZZ,13,0.999,0.1,0.0017664161347252768,0.4788442884692194,-0.012621332713162903
commons-codec,RASZZ,13,0.999,0.25,-0.0017014332105447839,0.48755418701982717,-0.012621332713162903
commons-codec,RASZZ,21,0.9,0.0,-0.030778100877629767,0.2563362294284661,-0.1382042816538234
commons-codec,RASZZ,21,0.9,0.05,-0.03008199307311132,0.2698089496473896,-0.1382042816538234
commons-codec,RASZZ,21,0.9,0.1,-0.037021125184522635,0.25678795471139304,-0.1382042816538234
commons-codec,RASZZ,21,0.9,0.25,-0.04505666498347824,0.23317054945332782,-0.1382042816538234
commons-codec,RASZZ,21,0.95,0.0,-0.03558644022429606,0.32240006852191716,-0.10554950897308343
commons-codec,RASZZ,21,0.95,0.05,-0.03438011509057251,0.33934502371394043,-0.10554950897308343
commons-codec,RASZZ,21,0.95,0.1,-0.04004282938717374,0.3322084197075474,-0.10554950897308343
commons-codec,RASZZ,21,0.95,0.25,-0.05053609209258787,0.3136514920178746,-0.10554950897308343
commons-codec,RASZZ,21,0.99,0.0,-0.030585906100289967,0.40883859035754333,-0.051252995321933004
commons-codec,RASZZ,21,0.99,0.05,-0.028611513318416562,0.43032664904853446,-0.051252995321933004
commons-codec,RASZZ,21,0.99,0.1,-0.030855780495515912,0.43249990840003955,-0.051252995321933004
commons-codec,RASZZ,21,0.99,0.25,-0.04003273170113949,0.43060301326762984,-0.051252995321933004
commons-codec,RASZZ,21,0.995,0.0,-0.032658876131842644,0.4153791877898584,-0.032246903861937626
commons-codec,RASZZ,21,0.995,0.05,-0.03074588723562918,0.4372110123209989,-0.032246903861937626
commons-codec,RASZZ,21,0.995,0.1,-0.032568172016246025,0.4406146835121847,-0.032246903861937626
commons-codec,RASZZ,21,0.995,0.25,-0.04157029091388058,0.4414365035947076,-0.032246903861937626
commons-codec,RASZZ,21,0.999,0.0,-0.03882064465141299,0.40974830578496474,-0.034372684278991414
commons-codec,RASZZ,21,0.999,0.05,-0.03719661570358192,0.4312841780115604,-0.034372684278991414
commons-codec,RASZZ,21,0.999,0.1,-0.03892935853659608,0.4350869663454678,-0.034372684278991414
commons-codec,RASZZ,21,0.999,0.25,-0.04854715266214771,0.43615011969674905,-0.034372684278991414
commons-codec,RASZZ,42,0.9,0.0,0.007796599596036951,0.2916673987370942,-0.12020852506939589
commons-codec,RASZZ,42,0.9,0.05,0.010520146706225286,0.30699708221151956,-0.12020852506939589
commons-codec,RASZZ,42,0.9,0.1,0.005833396071623892,0.29603907857105133,-0.12020852506939589
commons-codec,RASZZ,42,0.9,0.25,-0.016214053865337728,0.25551713263337533,-0.12020852506939589
commons-codec,RASZZ,42,0.95,0.0,0.004879800777361943,0.36498971211679127,-0.09406693975138704
commons-codec,RASZZ,42,0.95,0.05,0.008212982284616614,0.38417312713814394,-0.09406693975138704
commons-codec,RASZZ,42,0.95,0.1,0.004913096747514936,0.37952333762827606,-0.09406693975138704
commons-codec,RASZZ,42,0.95,0.25,-0.016092696638895242,0.3494763270264145,-0.09406693975138704
commons-codec,RASZZ,42,0.99,0.0,0.013665676086497715,0.46030615422468224,-0.05089360850804583
commons-codec,RASZZ,42,0.99,0.05,0.017965878167261765,0.4844992854287458,-0.05089360850804583
commons-codec,RASZZ,42,0.99,0.1,0.01830546628425843,0.4896777421268903,-0.05089360850804583
commons-codec,RASZZ,42,0.99,0.25,0.00843583518672036,0.48749103732502,-0.05089360850804583
commons-codec,RASZZ,42,0.995,0.0,0.014644068822382918,0.470419085077387,-0.019778137517931792
commons-codec,RASZZ,42,0.995,0.05,0.01904324293057505,0.4951437396181072,-0.019778137517931792
commons-codec,RASZZ,42,0.995,0.1,0.019982982889105282,0.5017611971411035,-0.019778137517931792
commons-codec,RASZZ,42,0.995,0.25,0.012853098769680632,0.5050585845715071,-0.019778137517931792
commons-codec,RASZZ,42,0.999,0.0,0.011185248874965463,0.4675956926463705,-0.00031576070176010754
commons-codec,RASZZ,42,0.999,0.05,0.015437526721831643,0.49217195311741074,-0.00031576070176010754
commons-codec,RASZZ,42,0.999,0.1,0.016624634125555753,0.4993524574425915,-0.00031576070176010754
commons-codec,RASZZ,42,0.999,0.25,0.010979933314198413,0.5050984811469243,-0.00031576070176010754
commons-codec,RASZZ,77,0.9,0.0,0.02071139114110883,0.30656115305634096,-0.11930342727420232
commons-codec,RASZZ,77,0.9,0.05,0.024113723975657787,0.3226736341298416,-0.11930342727420232
commons-codec,RASZZ,77,0.9,0.1,0.02018106959833878,0.31258527862498836,-0.11930342727420232
commons-codec,RASZZ,77,0.9,0.25,0.006098604711382122,0.2801564352924749,-0.11930342727420232
commons-codec,RASZZ,77,0.95,0.0,0.016274130638724668,0.38236233693164917,-0.0833610924356837
commons-codec,RASZZ,77,0.95,0.05,0.020206184254875314,0.4024588359681674,-0.0833610924356837
commons-codec,RASZZ,77,0.95,0.1,0.017571615031452215,0.39882343614522053,-0.0833610924356837
commons-codec,RASZZ,77,0.95,0.25,0.002390884864904678,0.37568381504375353,-0.0833610924356837
commons-codec,RASZZ,77,0.99,0.0,0.018094110334550127,0.46855517259051566,0.008984738975698162
commons-codec,RASZZ,77,0.99,0.05,0.022627065529319684,0.4931818621595884,0.008984738975698162
commons-codec,RASZZ,77,0.99,0.1,0.023225230463481614,0.49884198004864105,0.008984738975698162
commons-codec,RASZZ,77,0.99,0.25,0.015375684433857015,0.49938489951824877,0.008984738975698162
commons-codec,RASZZ,77,0.995,0.0,0.011513333440876341,0.46795694456307735,0.033279482763899575
commons-codec,RASZZ,77,0.995,0.05,0.015747959907993436,0.49255219199516165,0.033279482763899575
commons-codec,RASZZ,77,0.995,0.1,0.01650489584483301,0.4990258848325053,0.033279482763899575
commons-codec,RASZZ,77,0.995,0.25,0.009437035160404419,0.502421354967086,0.033279482763899575
commons-codec,RASZZ,77,0.999,0.0,-6.139447931491254e-05,0.4547223055712137,0.021985925641408614
commons-codec,RASZZ,77,0.999,0.05,0.0035997734817108007,0.4786219564864365,0.021985925641408614
commons-codec,RASZZ,77,0.999,0.1,0.004130188004961058,0.4850507821663954,0.021985925641408614
commons-codec,RASZZ,77,0.999,0.25,-0.003446792537744315,0.48841174758876504,0.021985925641408614
commons-codec,RASZZ,101,0.9,0.0,-0.005097905515219509,0.2644654772361567,-0.11933009788929658
commons-codec,RASZZ,101,0.9,0.05,-0.0030520778991220917,0.2783654608253323,-0.11933009788929658
commons-codec,RASZZ,101,0.9,0.1,-0.00849174026365518,0.2658191336627106,-0.11933009788929658
commons-codec,RASZZ,101,0.9,0.25,0.004575932909451431,0.2767320564342889,-0.11933009788929658
commons-codec,RASZZ,101,0.95,0.0,-0.010234502147274524,0.34647755071148106,-0.08383565962885843
commons-codec,RASZZ,101,0.95,0.05,-0.007695710005353436,0.3646879890614621,-0.08383565962885843
commons-codec,RASZZ,101,0.95,0.1,-0.01187812153810309,0.3589572721838366,-0.08383565962885843
commons-codec,RASZZ,101,0.95,0.25,-0.0007579393721731113,0.37449083809430733,-0.08383565962885843
commons-codec,RASZZ,101,0.99,0.0,-0.011615189202384264,0.43504886871137943,0.006873986920280456
commons-codec,RASZZ,101,0.99,0.05,-0.008643718630579438,0.45791450773078807,0.006873986920280456
commons-codec,RASZZ,101,0.99,0.1,-0.0097802833286455,0.46161818843984875,0.006873986920280456
commons-codec,RASZZ,101,0.99,0.25,-0.004149711528372973,0.4791764391004911,0.006873986920280456
commons-codec,RASZZ,101,0.995,0.0,-0.022915769913580266,0.42976116708002526,0.027452266204147244
commons-codec,RASZZ,101,0.995,0.05,-0.020490695213364073,0.45234889093762,0.027452266204147244
commons-codec,RASZZ,101,0.995,0.1,-0.02174407883070199,0.45659232765790303,0.027452266204147244
commons-codec,RASZZ,101,0.995,0.25,-0.019528624656866413,0.47191849126282553,0.027452266204147244
commons-codec,RASZZ,101,0.999,0.0,-0.04182029743750719,0.4096669722660366,0.0021086324363139945
commons-codec,RASZZ,101,0.999,0.05,-0.04035392658908355,0.43119856970187254,0.0021086324363139945
commons-codec,RASZZ,101,0.999,0.1,-0.04226181951501605,0.43499660896166586,0.0021086324363139945
commons-codec,RASZZ,101,0.999,0.25,-0.044793481001920224,0.4455407610087983,0.0021086324363139945
commons-codec,RASZZ,123,0.9,0.0,0.009122838475555022,0.29229794120636265,-0.1192989791930137
commons-codec,RASZZ,123,0.9,0.05,0.01191609108701817,0.3076607652255076,-0.1192989791930137
commons-codec,RASZZ,123,0.9,0.1,0.007306779702738131,0.29673957903691023,-0.1192989791930137
commons-codec,RASZZ,123,0.9,0.25,0.0041838995862684995,0.2768101831442216,-0.1192989791930137
commons-codec,RASZZ,123,0.95,0.0,0.003780723231912573,0.3672815097022801,-0.08316208496874958
commons-codec,RASZZ,123,0.95,0.05,0.007056138561121501,0.386585378815263,-0.08316208496874958
commons-codec,RASZZ,123,0.95,0.1,0.003692077751767534,0.38206940764660746,-0.08316208496874958
commons-codec,RASZZ,123,0.95,0.25,-0.0009066701044528883,0.3710897368811931,-0.08316208496874958
commons-codec,RASZZ,123,0.99,0.0,0.0037413568355232824,0.44965343363141025,0.009448858392803702
commons-codec,RASZZ,123,0.99,0.05,0.0075199487758488325,0.47328667080705833,0.009448858392803702
commons-codec,RASZZ,123,0.99,0.1,0.007280054678431352,0.47784311384735745,0.009448858392803702
commons-codec,RASZZ,123,0.99,0.25,0.004625413024542705,0.48441718826739,0.009448858392803702
commons-codec,RASZZ,123,0.995,0.0,-0.004951074100428067,0.4469483780887213,0.030165448512335716
commons-codec,RASZZ,123,0.995,0.05,-0.0015817968540157712,0.4704394408375061,0.030165448512335716
commons-codec,RASZZ,123,0.995,0.1,-0.0017862196864555295,0.47568644090989953,0.030165448512335716
commons-codec,RASZZ,123,0.995,0.25,-0.005482955757181076,0.48309833242053196,0.030165448512335716
commons-codec,RASZZ,123,0.999,0.0,-0.019288309877927522,0.43054346445692004,0.01077313540522906
commons-codec,RASZZ,123,0.999,0.05,-0.01663768518819818,0.4531723049124705,0.01077313540522906
commons-codec,RASZZ,123,0.999,0.1,-0.017229932605760393,0.45818932510365457,0.01077313540522906
commons-codec,RASZZ,123,0.999,0.25,-0.02317122085768247,0.46356508308099065,0.01077313540522906
commons-codec,RASZZ,202,0.9,0.0,-0.014699946970075475,0.24294386851198838,-0.11675166598259396
commons-codec,RASZZ,202,0.9,0.05,-0.013158790965713233,0.2557127025416641,-0.11675166598259396
commons-codec,RASZZ,202,0.9,0.1,-0.01915911770474333,0.24190972601440103,-0.11675166598259396
commons-codec,RASZZ,202,0.9,0.25,-0.027548185969032763,0.21101786294182812,-0.11675166598259396
commons-codec,RASZZ,202,0.95,0.0,-0.01838814773774838,0.3123241009950877,-0.08450752448858383
commons-codec,RASZZ,202,0.95,0.05,-0.01627790128384666,0.3287394755978723,-0.08450752448858383
commons-codec,RASZZ,202,0.95,0.1,-0.02093640517949083,0.3210145346156974,-0.08450752448858383
commons-codec,RASZZ,202,0.95,0.25,-0.030456394476950737,0.2978349291625317,-0.08450752448858383
commons-codec,RASZZ,202,0.99,0.0,-0.015719316815973695,0.4179634411253917,-0.025171842670291364
commons-codec,RASZZ,202,0.99,0.05,-0.012963554196197076,0.43993109086642185,-0.025171842670291364
commons-codec,RASZZ,202,0.99,0.1,-0.014339759407392294,0.44263715136986814,-0.025171842670291364
commons-codec,RASZZ,202,0.99,0.25,-0.02129101151259121,0.44218918210498237,-0.025171842670291364
commons-codec,RASZZ,202,0.995,0.0,-0.021549022085638317,0.42281829798628956,-0.0008578306417396731
commons-codec,RASZZ,202,0.995,0.05,-0.019052112783123656,0.4450411130948359,-0.0008578306417396731
commons-codec,RASZZ,202,0.995,0.1,-0.020225691827689112,0.4488791548398987,-0.0008578306417396731
commons-codec,RASZZ,202,0.995,0.25,-0.02758024114787721,0.45094757430041005,-0.0008578306417396731
commons-codec,RASZZ,202,0.999,0.0,-0.03369611679197094,0.4098811263997395,-0.011157933342324204
commons-codec,RASZZ,202,0.999,0.05,-0.03180274889717057,0.431423979516185,-0.011157933342324204
commons-codec,RASZZ,202,0.999,0.1,-0.03323626992194586,0.4352345232620277,-0.011157933342324204
commons-codec,RASZZ,202,0.999,0.25,-0.04234718641248785,0.43603691636400305,-0.011157933342324204
commons-codec,RASZZ,314,0.9,0.0,0.006386791097489923,0.2843967371824259,-0.12007935257322673
commons-codec,RASZZ,314,0.9,0.05,0.009036240388944117,0.29934428353502923,-0.12007935257322673
commons-codec,RASZZ,314,0.9,0.1,0.004267170863749018,0.287961745077471,-0.12007935257322673
commons-codec,RASZZ,314,0.9,0.25,-0.01643832165888413,0.258652218411307,-0.12007935257322673
commons-codec,RASZZ,314,0.95,0.0,0.00102868349268964,0.3570186546513487,-0.09488712544020872
commons-codec,RASZZ,314,0.95,0.05,0.00415945496285227,0.3757831205942964,-0.09488712544020872
commons-codec,RASZZ,314,0.95,0.1,0.0006347022166600101,0.37066790006447786,-0.09488712544020872
commons-codec,RASZZ,314,0.95,0.25,-0.016624562320450228,0.35154348211348646,-0.09488712544020872
commons-codec,RASZZ,314,0.99,0.0,0.005440447004061571,0.4468739828913775,-0.05510177433839473
commons-codec,RASZZ,314,0.99,0.05,0.009308341055596603,0.4703611355191401,-0.05510177433839473
commons-codec,RASZZ,314,0.99,0.1,0.00916765704085126,0.4747552860909122,-0.05510177433839473
commons-codec,RASZZ,314,0.99,0.25,0.001201596696767628,0.47797239781256357,-0.05510177433839473
commons-codec,RASZZ,314,0.995,0.0,0.0050567973247717,0.45524856163510086,-0.02608334875475456
commons-codec,RASZZ,314,0.995,0.05,0.008952076112204178,0.47917587192850863,-0.02608334875475456
commons-codec,RASZZ,314,0.995,0.1,0.009332014115846691,0.48490752073295773,-0.02608334875475456
commons-codec,RASZZ,314,0.995,0.25,0.0031757409800514153,0.4919797175947271,-0.02608334875475456
commons-codec,RASZZ,314,0.999,0.0,0.00010373089092515094,0.4500684791053799,-0.010562024010491841
commons-codec,RASZZ,314,0.999,0.05,0.003773577640428214,0.47372353056596705,-0.010562024010491841
commons-codec,RASZZ,314,0.999,0.1,0.004313633854235055,0.47988061874960786,-0.010562024010491841
commons-codec,RASZZ,314,0.999,0.25,-0.0012227867731194,0.4878354504357319,-0.010562024010491841
commons-codec,RASZZ,999,0.9,0.0,0.04360255645400948,0.39083659752095723,-0.11933009788148942
commons-codec,RASZZ,999,0.9,0.05,0.04820802107540522,0.41137849337959675,-0.11933009788148942
commons-codec,RASZZ,999,0.9,0.1,0.04561198463938607,0.4062109913805693,-0.11933009788148942
commons-codec,RASZZ,999,0.9,0.25,0.043547084043897115,0.40238519391490146,-0.11933009788148942
commons-codec,RASZZ,999,0.95,0.0,0.045115593548552504,0.446281391935303,-0.08383526107814357
commons-codec,RASZZ,999,0.95,0.05,0.050563519350835175,0.4697373987036868,-0.08383526107814357
commons-codec,RASZZ,999,0.95,0.1,0.049613006672881384,0.46983424031716287,-0.08383526107814357
commons-codec,RASZZ,999,0.95,0.25,0.04960380969920448,0.47258418252233225,-0.08383526107814357
commons-codec,RASZZ,999,0.99,0.0,0.04958410577820843,0.5073077976238006,0.010405556181087298
commons-codec,RASZZ,999,0.99,0.05,0.05577213680542479,0.5339712779968357,0.010405556181087298
commons-codec,RASZZ,999,0.99,0.1,0.05820900642351661,0.5418941663994875,0.010405556181087298
commons-codec,RASZZ,999,0.99,0.25,0.0642498464792705,0.5600997473011069,0.010405556181087298
commons-codec,RASZZ,999,0.995,0.0,0.04449958346682664,0.505042326538454,0.0445216426992193
commons-codec,RASZZ,999,0.995,0.05,0.05046792708606837,0.5315867365086632,0.0445216426992193
commons-codec,RASZZ,999,0.995,0.1,0.053150934194830364,0.5402258493336173,0.0445216426992193
commons-codec,RASZZ,999,0.995,0.25,0.059359506046461306,0.5597006818494502,0.0445216426992193
commons-codec,RASZZ,999,0.999,0.0,0.03304139770499411,0.4881856393792527,0.049891124504629576
commons-codec,RASZZ,999,0.999,0.05,0.03844240813213843,0.5138440823895039,0.049891124504629576
commons-codec,RASZZ,999,0.999,0.1,0.04090569873818612,0.5222268362217496,0.049891124504629576
commons-codec,RASZZ,999,0.999,0.25,0.04579297065456285,0.5397945610375572,0.049891124504629576
commons-collections,oracle,7,0.9,0.0,0.042871450186716176,0.3248008057324082,0.017370685746142138
commons-collections,oracle,7,0.9,0.05,0.04593622998099376,0.3418659750867091,0.017370685746142138
commons-collections,oracle,7,0.9,0.1,0.04848724900412949,0.3608238079525778,0.017370685746142138
commons-collections,oracle,7,0.9,0.25,0.05816352868074111,0.4328303134869738,0.017370685746142138
commons-collections,oracle,7,0.95,0.0,0.052837801950495346,0.36056621523763943,0.09330864127743875
commons-collections,oracle,7,0.95,0.05,0.057061293082457505,0.37951051407518277,0.09330864127743875
commons-collections,oracle,7,0.95,0.1,0.0603203074185315,0.4005558868849584,0.09330864127743875
commons-collections,oracle,7,0.95,0.25,0.07237446972214505,0.4804913818554215,0.09330864127743875
commons-collections,oracle,7,0.99,0.0,0.05726311099493492,0.40655899372102766,0.1561543943025679
commons-collections,oracle,7,0.99,0.05,0.06260828178818885,0.4279197722594881,0.1561543943025679
commons-collections,oracle,7,0.99,0.1,0.06705794103610119,0.45164963165961813,0.1561543943025679
commons-collections,oracle,7,0.99,0.25,0.08161105917989998,0.5417814660478314,0.1561543943025679
commons-collections,oracle,7,0.995,0.0,0.0548874811988917,0.4176626213354541,0.14389639711479807
commons-collections,oracle,7,0.995,0.05,0.06023452445737628,0.4396067890846034,0.14389639711479807
commons-collections,oracle,7,0.995,0.1,0.06482851687797302,0.4639847402160469,0.14389639711479807
commons-collections,oracle,7,0.995,0.25,0.07968976784836265,0.5565781861802142,0.14389639711479807
commons-collections,oracle,7,0.999,0.0,0.05715722715386009,0.43795792969069286,0.10680545028070616
commons-collections,oracle,7,0.999,0.05,0.06272341972019643,0.460968421377675,0.10680545028070616
commons-collections,oracle,7,0.999,0.1,0.06771053347446099,0.48653096028405424,0.10680545028070616
commons-collections,oracle,7,0.999,0.25,0.08401169311053505,0.5836237615688108,0.10680545028070616
commons-collections,oracle,13,0.9,0.0,0.04647074132750969,0.3298039359207492,0.017326480757717193
commons-collections,oracle,13,0.9,0.05,0.049724629374565676,0.3471319718149687,0.017326480757717193
commons-collections,oracle,13,0.9,0.1,0.05248947444546565,0.36638182521848006,0.017326480757717193
commons-collections,oracle,13,0.9,0.25,0.06296693970581795,0.4394974964791855,0.017326480757717193
commons-collections,oracle,13,0.95,0.0,0.05696196550622704,0.36563479514552516,0.0921628467493696
commons-collections,oracle,13,0.95,0.05,0.061402141905840237,0.38484539927845973,0.0921628467493696
commons-collections,oracle,13,0.95,0.1,0.06492911653625938,0.4061866127667839,0.0921628467493696
commons-collections,oracle,13,0.95,0.25,0.07796116768688685,0.48724578329699736,0.0921628467493696
commons-collections,oracle,13,0.99,0.0,0.06108245548115098,0.4109171085151588,0.1596572607689687
commons-collections,oracle,13,0.99,0.05,0.06662829622142898,0.43250686421659035,0.1596572607689687
commons-collections,oracle,13,0.99,0.1,0.07137307137921871,0.4564910961749753,0.1596572607689687
commons-collections,oracle,13,0.99,0.25,0.08724310951565045,0.5475891000169112,0.1596572607689687
commons-collections,oracle,13,0.995,0.0,0.05787311646440528,0.4213590444139924,0.14994023147560825
commons-collections,oracle,13,0.995,0.05,0.06337702624088164,0.44349742376830725,0.14994023147560825
commons-collections,oracle,13,0.995,0.1,0.0682190196559021,0.4680911261223084,0.14994023147560825
commons-collections,oracle,13,0.995,0.25,0.0842332962310873,0.5615040482212779,0.14994023147560825
commons-collections,oracle,13,0.999,0.0,0.057964321383428094,0.4394149932507074,0.11143990704987111
commons-collections,oracle,13,0.999,0.05,0.06357291901609856,0.4625020396628403,0.11143990704987111
commons-collections,oracle,13,0.999,0.1,0.06867988785895762,0.4881496238245212,0.11143990704987111
commons-collections,oracle,13,0.999,0.25,0.08564103412374384,0.5855654478772218,0.11143990704987111
commons-collections,oracle,21,0.9,0.0,0.04315450425116308,0.32628604741497985,0.01772865513197136
commons-collections,oracle,21,0.9,0.05,0.046234155823653506,0.34342925198470453,0.01772865513197136
commons-collections,oracle,21,0.9,0.1,0.048805194644620034,0.36247377479433773,0.01772865513197136
commons-collections,oracle,21,0.9,0.25,0.0585465408368091,0.43480955002741833,0.01772865513197136
commons-collections,oracle,21,0.95,0.0,0.05297426388971423,0.3615747055838119,0.10155998242536447
commons-collections,oracle,21,0.95,0.05,0.057204924788690784,0.380571990923377,0.10155998242536447
commons-collections,oracle,21,0.95,0.1,0.06049281631195946,0.4016762268612365,0.10155998242536447
commons-collections,oracle,21,0.95,0.25,0.07261473551876813,0.4818352984497727,0.10155998242536447
commons-collections,oracle,21,0.99,0.0,0.05680487468597721,0.40657331587667306,0.1701790604304286
commons-collections,oracle,21,0.99,0.05,0.06212596955306767,0.42793484690714484,0.1701790604304286
commons-collections,oracle,21,0.99,0.1,0.06659073134888843,0.45166554225665745,0.1701790604304286
commons-collections,oracle,21,0.99,0.25,0.08124418267681409,0.5418005517859465,0.1701790604304286
commons-collections,oracle,21,0.995,0.0,0.054475929400949606,0.4175133487259294,0.15105759338276648
commons-collections,oracle,21,0.995,0.05,0.05980134955688642,0.4394496736301208,0.15105759338276648
commons-collections,oracle,21,0.995,0.1,0.06441528544423575,0.46381891208249193,0.15105759338276648
commons-collections,oracle,21,0.995,0.25,0.07939109895727031,0.5563792651515856,0.15105759338276648
commons-collections,oracle,21,0.999,0.0,0.05661138888120934,0.437509253677969,0.10773677180898313
commons-collections,oracle,21,0.999,0.05,0.06214890287779326,0.4604961717407261,0.10773677180898313
commons-collections,oracle,21,0.999,0.1,0.06714907045387372,0.4860325225197669,0.10773677180898313
commons-collections,oracle,21,0.999,0.25,0.08353108123640313,0.5830258548647205,0.10773677180898313
commons-collections,oracle,42,0.9,0.0,0.04397646455925606,0.32631502534213874,0.01732647944259496
commons-collections,oracle,42,0.9,0.05,0.047099302268026215,0.3434597524242026,0.01732647944259496
commons-collections,oracle,42,0.9,0.1,0.049718562471957814,0.3625059666049475,0.01732647944259496
commons-collections,oracle,42,0.9,0.25,0.05964218219571931,0.4348481660809349,0.01732647944259496
commons-collections,oracle,42,0.95,0.0,0.053858734970746516,0.3621901598318331,0.09215422983642241
commons-collections,oracle,42,0.95,0.05,0.05813586634799899,0.38121978139343643,0.09215422983642241
commons-collections,oracle,42,0.95,0.1,0.06148171296149947,0.4023599398984959,0.09215422983642241
commons-collections,oracle,42,0.95,0.25,0.07380157843055431,0.48265545422034495,0.09215422983642241
commons-collections,oracle,42,0.99,0.0,0.05846004501627581,0.4080019048449413,0.1575922738190454
commons-collections,oracle,42,0.99,0.05,0.06386810322058172,0.4294384945336768,0.1575922738190454
commons-collections,oracle,42,0.99,0.1,0.06845981465925072,0.4532525731458428,0.1575922738190454
commons-collections,oracle,42,0.99,0.25,0.08354941746482905,0.5437042927867894,0.1575922738190454
commons-collections,oracle,42,0.995,0.0,0.055798823276176295,0.41882965285661466,0.14679007235243793
commons-collections,oracle,42,0.995,0.05,0.06119374882625032,0.4408351369270257,0.14679007235243793
commons-collections,oracle,42,0.995,0.1,0.0659146707941462,0.46528120484924346,0.14679007235243793
commons-collections,oracle,42,0.995,0.25,0.0812742917089508,0.5581333751152109,0.14679007235243793
commons-collections,oracle,42,0.999,0.0,0.056978014947748706,0.43803677585449824,0.10867462649886615
commons-collections,oracle,42,0.999,0.05,0.06253479163027667,0.4610514101517034,0.10867462649886615
commons-collections,oracle,42,0.999,0.1,0.06758419216593901,0.48661855111684976,0.10867462649886615
commons-collections,oracle,42,0.999,0.25,0.084151401551256,0.5837288321511334,0.10867462649886615
commons-collections,oracle,77,0.9,0.0,0.04314516435372874,0.325240208127321,0.01732646460498955
commons-collections,oracle,77,0.9,0.05,0.04622432520412535,0.34232846386611215,0.01732646460498955
commons-collections,oracle,77,0.9,0.1,0.048794818878000426,0.3613119435808082,0.01732646460498955
commons-collections,oracle,77,0.9,0.25,0.05853409446764041,0.4334158621462765,0.01732646460498955
commons-collections,oracle,77,0.95,0.0,0.05301207266317558,0.36111173958306925,0.09212644267300181
commons-collections,oracle,77,0.95,0.05,0.05724472005082707,0.38008470049649834,0.09212644267300181
commons-collections,oracle,77,0.95,0.1,0.06053481838022274,0.401161914235183,0.09212644267300181
commons-collections,oracle,77,0.95,0.25,0.0726651195787243,0.4812183488742217,0.09212644267300181
commons-collections,oracle,77,0.99,0.0,0.05752957793465073,0.40705042962778976,0.155725786383049
commons-collections,oracle,77,0.99,0.05,0.06288874901168881,0.4284370284130835,0.155725786383049
commons-collections,oracle,77,0.99,0.1,0.06739580997310038,0.4521955717315421,0.155725786383049
commons-collections,oracle,77,0.99,0.25,0.08220992392120868,0.5424363546867402,0.155725786383049
commons-collections,oracle,77,0.995,0.0,0.05508134274990592,0.4180270875454154,0.14440814106910185
commons-collections,oracle,77,0.995,0.05,0.06043857157486988,0.4399904045007461,0.14440814106910185
commons-collections,oracle,77,0.995,0.1,0.06508784396656808,0.4643896286382037,0.14440814106910185
commons-collections,oracle,77,0.995,0.25,0.08019787420226106,0.5570638747041611,0.14440814106910185
commons-collections,oracle,77,0.999,0.0,0.05684300951125397,0.43777162459131475,0.10729707571058647
commons-collections,oracle,77,0.999,0.05,0.062392692952026145,0.4607723277309277,0.10729707571058647
commons-collections,oracle,77,0.999,0.1,0.06740637966080326,0.48632399246189323,0.10729707571058647
commons-collections,oracle,77,0.999,0.25,0.08383973942980326,0.5833754909575781,0.10729707571058647
commons-collections,oracle,101,0.9,0.0,0.04433959551488087,0.32690298136827456,0.019710798305090222
commons-collections,oracle,101,0.9,0.05,0.04748151227501468,0.3440785999043675,0.019710798305090222
commons-collections,oracle,101,0.9,0.1,0.05012325022224486,0.3631591316479979,0.019710798305090222
commons-collections,oracle,101,0.9,0.25,0.06012764096314076,0.43563167765669925,0.019710798305090222
commons-collections,oracle,101,0.95,0.0,0.0543368277510802,0.3624812709812225,0.10690286551968693
commons-collections,oracle,101,0.95,0.05,0.058639078321756695,0.3815261876436309,0.10690286551968693
commons-collections,oracle,101,0.95,0.1,0.06203876012430612,0.4026833375982746,0.10690286551968693
commons-collections,oracle,101,0.95,0.25,0.07447461973502144,0.483043389618983,0.10690286551968693
commons-collections,oracle,101,0.99,0.0,0.057848893053420364,0.40776533014788563,0.17053063682587588
commons-collections,oracle,101,0.99,0.05,0.06322484107953931,0.4291894901036925,0.17053063682587588
commons-collections,oracle,101,0.99,0.1,0.06790159286195664,0.45298976042632266,0.17053063682587588
commons-collections,oracle,101,0.99,0.25,0.08318686474466472,0.5433890327921019,0.17053063682587588
commons-collections,oracle,101,0.995,0.0,0.05495422544119812,0.41835735612361585,0.15337382683695852
commons-collections,oracle,101,0.995,0.05,0.06030477546991936,0.44033802552733925,0.15337382683695852
commons-collections,oracle,101,0.995,0.1,0.06509661233636613,0.46475652663823985,0.15337382683695852
commons-collections,oracle,101,0.995,0.25,0.08069563139016911,0.5575039913840291,0.15337382683695852
commons-collections,oracle,101,0.999,0.0,0.055578139062585935,0.43682481227645076,0.10896426511942874
commons-collections,oracle,101,0.999,0.05,0.061061365684172905,0.45977576950344673,0.10896426511942874
commons-collections,oracle,101,0.999,0.1,0.06614280711616496,0.48527217110296744,0.10896426511942874
commons-collections,oracle,101,0.999,0.25,0.08288586067338473,0.5821137666520246,0.10896426511942874
commons-collections,oracle,123,0.9,0.0,0.044085351995020367,0.3258797589538705,0.01732648075764416
commons-collections,oracle,123,0.9,0.05,0.04721391069493056,0.34300161695895265,0.01732648075764416
commons-collections,oracle,123,0.9,0.1,0.049840568703969544,0.3620224256995161,0.01732648075764416
commons-collections,oracle,123,0.9,0.25,0.05978854672827079,0.43426812907376167,0.01732648075764416
commons-collections,oracle,123,0.95,0.0,0.05411419807883221,0.361908761120406,0.0921627737558306
commons-collections,oracle,123,0.95,0.05,0.05840475159398067,0.3809235978767321,0.0921627737558306
commons-collections,oracle,123,0.95,0.1,0.06178585556032512,0.40204733182358315,0.0921627737558306
commons-collections,oracle,123,0.95,0.25,0.07417078357828716,0.48228046163925437,0.0921627737558306
commons-collections,oracle,123,0.99,0.0,0.058262375909099245,0.40777808832824436,0.15893603801753917
commons-collections,oracle,123,0.99,0.05,0.06366004849634219,0.429202918604151,0.15893603801753917
commons-collections,oracle,123,0.99,0.1,0.06833271515902674,0.45300393359073093,0.15893603801753917
commons-collections,oracle,123,0.99,0.25,0.0836518877829505,0.5434060343730918,0.15893603801753917
commons-collections,oracle,123,0.995,0.0,0.055299555502500666,0.41843888522598405,0.14828879316610408
commons-collections,oracle,123,0.995,0.05,0.06066824931619796,0.44042383820263786,0.14828879316610408
commons-collections,oracle,123,0.995,0.1,0.06545171713324974,0.46484709796890245,0.14828879316610408
commons-collections,oracle,123,0.995,0.25,0.08104864567553723,0.5576126372565562,0.14828879316610408
commons-collections,oracle,123,0.999,0.0,0.05579183541629352,0.43695422858971233,0.10855695707769307
commons-collections,oracle,123,0.999,0.05,0.0612862897331388,0.459911985403606,0.10855695707769307
commons-collections,oracle,123,0.999,0.1,0.0663528805302714,0.48541594071849214,0.10855695707769307
commons-collections,oracle,123,0.999,0.25,0.08304959213260772,0.5822862271338053,0.10855695707769307
commons-collections,oracle,202,0.9,0.0,0.042914863489445905,0.3254935586280422,0.017131383065897475
commons-collections,oracle,202,0.9,0.05,0.045981924236696003,0.34259512550746,0.017131383065897475
commons-collections,oracle,202,0.9,0.1,0.04854001120852194,0.3615933926745404,0.017131383065897475
commons-collections,oracle,202,0.9,0.25,0.05822919560263408,0.4337534776161702,0.017131383065897475
commons-collections,oracle,202,0.95,0.0,0.052608873978522465,0.36125065055975686,0.08905658461293159
commons-collections,oracle,202,0.95,0.05,0.056820337139670794,0.3802309099136471,0.08905658461293159
commons-collections,oracle,202,0.95,0.1,0.06010430136022066,0.4013162315481028,0.08905658461293159
commons-collections,oracle,202,0.95,0.25,0.07216633062085494,0.48140346196669354,0.08905658461293159
commons-collections,oracle,202,0.99,0.0,0.057164369110926226,0.4072084800277611,0.14782114746121014
commons-collections,oracle,202,0.99,0.05,0.06250435196454691,0.42860338284677174,0.14782114746121014
commons-collections,oracle,202,0.99,0.1,0.06706232046684019,0.45237115118257676,0.14782114746121014
commons-collections,oracle,202,0.99,0.25,0.08202614369941967,0.5426469730194506,0.14782114746121014
commons-collections,oracle,202,0.995,0.0,0.05484717555263039,0.4181761914915007,0.1389484111851497
commons-collections,oracle,202,0.995,0.05,0.06019210113570517,0.4401473424301419,0.1389484111851497
commons-collections,oracle,202,0.995,0.1,0.06490001865845606,0.4645552694021972,0.1389484111851497
commons-collections,oracle,202,0.995,0.25,0.08022778366447905,0.5572625709714952,0.1389484111851497
commons-collections,oracle,202,0.999,0.0,0.05627371749100259,0.4373870277934392,0.1060625436385038
commons-collections,oracle,202,0.999,0.05,0.061793490092373574,0.4603675240574131,0.1060625436385038
commons-collections,oracle,202,0.999,0.1,0.06684311594269558,0.485896740808921,0.1060625436385038
commons-collections,oracle,202,0.999,0.25,0.08343995047744449,0.5828629763650873,0.1060625436385038
commons-collections,oracle,314,0.9,0.0,0.04393260246310505,0.32596660924654347,0.01732648075764416
commons-collections,oracle,314,0.9,0.05,0.04705313563910977,0.34309303040210665,0.01732648075764416
commons-collections,oracle,314,0.9,0.1,0.049669835719195296,0.3621189083829669,0.01732648075764416
commons-collections,oracle,314,0.9,0.25,0.059583731463787086,0.4343838659769362,0.01732648075764416
commons-collections,oracle,314,0.95,0.0,0.05407658787916478,0.36187466851136946,0.09216277371945832
commons-collections,oracle,314,0.95,0.05,0.058365165338787973,0.38088771402784444,0.09216277371945832
commons-collections,oracle,314,0.95,0.1,0.06172372749656743,0.4020094580720454,0.09216277371945832
commons-collections,oracle,314,0.95,0.25,0.07409188972590995,0.48223502974870364,0.09216277371945832
commons-collections,oracle,314,0.99,0.0,0.058047210072057806,0.407609952299745,0.15855871899495172
commons-collections,oracle,314,0.99,0.05,0.0634335777567772,0.42902594863881927,0.15855871899495172
commons-collections,oracle,314,0.99,0.1,0.06800119302408351,0.4528171499344516,0.15855871899495172
commons-collections,oracle,314,0.99,0.25,0.08299927265246838,0.5431819759082128,0.15855871899495172
commons-collections,oracle,314,0.995,0.0,0.05532383510496095,0.41842068403408256,0.14674178073530572
commons-collections,oracle,314,0.995,0.05,0.06069380457906464,0.4404046807125476,0.14674178073530572
commons-collections,oracle,314,0.995,0.1,0.06538700264294231,0.4648268781195201,0.14674178073530572
commons-collections,oracle,314,0.995,0.25,0.0806413213609058,0.5575883823056524,0.14674178073530572
commons-collections,oracle,314,0.999,0.0,0.05683514216209094,0.4378947805544267,0.10788406819071297
commons-collections,oracle,314,0.999,0.05,0.06238441224906761,0.46090195435953807,0.10788406819071297
commons-collections,oracle,314,0.999,0.1,0.06742547364780732,0.4864608074044607,0.10788406819071297
commons-collections,oracle,314,0.999,0.25,0.08396100894288311,0.5835396088821052,0.10788406819071297
commons-collections,oracle,999,0.9,0.0,0.04386657389522067,0.32707586695758956,0.019852217110074136
commons-collections,oracle,999,0.9,0.05,0.04698363790282037,0.34426056897441437,0.019852217110074136
commons-collections,oracle,999,0.9,0.1,0.04959658384231341,0.3633511916293027,0.019852217110074136
commons-collections,oracle,999,0.9,0.25,0.05949586463379188,0.4358620653974311,0.019852217110074136
commons-collections,oracle,999,0.95,0.0,0.054075703938464,0.36244354522014977,0.10950167161822172
commons-collections,oracle,999,0.95,0.05,0.05836423495547533,0.3814864797553886,0.10950167161822172
commons-collections,oracle,999,0.95,0.1,0.061726280320704374,0.4026414277491365,0.10950167161822172
commons-collections,oracle,999,0.95,0.25,0.07409633250015758,0.48299311618153,0.10950167161822172
commons-collections,oracle,999,0.99,0.0,0.058011249059650494,0.40788400222440957,0.16843686058785917
commons-collections,oracle,999,0.99,0.05,0.06339572733782886,0.4293143972604495,0.16843686058785917
commons-collections,oracle,999,0.99,0.1,0.06797979808474322,0.45312159418348485,0.16843686058785917
commons-collections,oracle,999,0.99,0.25,0.08304549778327867,0.5435471754788733,0.16843686058785917
commons-collections,oracle,999,0.995,0.0,0.055483284698217984,0.4187875089538742,0.15089746834504397
commons-collections,oracle,999,0.995,0.05,0.06086163172023529,0.44079077876611583,0.15089746834504397
commons-collections,oracle,999,0.995,0.1,0.06558195184745746,0.46523438685125684,0.15089746834504397
commons-collections,oracle,999,0.995,0.25,0.08096434769757478,0.5580772140518366,0.15089746834504397
commons-collections,oracle,999,0.999,0.0,0.05683186526713668,0.43799351248541907,0.10896837517681095
commons-collections,oracle,999,0.999,0.05,0.06238096318469023,0.461005873707228,0.10896837517681095
commons-collections,oracle,999,0.999,0.1,0.06743804058601705,0.4865704894947709,0.10896837517681095
commons-collections,oracle,999,0.999,0.25,0.08407372373360844,0.5836711792842975,0.10896837517681095
commons-collections,BSZZ,7,0.9,0.0,0.009757143133228443,0.2791918552521066,-0.0033209768414176736
commons-collections,BSZZ,7,0.9,0.05,0.012807099888894972,0.2938607113883317,-0.0033209768414176736
commons-collections,BSZZ,7,0.9,0.1,0.013597281453779472,0.31015646077062187,-0.0033209768414176736
commons-collections,BSZZ,7,0.9,0.25,0.020987956155828606,0.3720517193893205,-0.0033209768414176736
commons-collections,BSZZ,7,0.95,0.0,0.0008216241629594454,0.3039568901471085,-0.026938521229281663
commons-collections,BSZZ,7,0.95,0.05,0.0047135986342883894,0.31992691151165054,-0.026938521229281663
commons-collections,BSZZ,7,0.95,0.1,0.0060151984402921415,0.3376681357331985,-0.026938521229281663
commons-collections,BSZZ,7,0.95,0.25,0.014427438433578058,0.40505366282030614,-0.026938521229281663
commons-collections,BSZZ,7,0.99,0.0,-0.019173549844865502,0.3422425832034969,-0.039154105735202935
commons-collections,BSZZ,7,0.99,0.05,-0.01466704369064544,0.3602241507967522,-0.039154105735202935
commons-collections,BSZZ,7,0.99,0.1,-0.010433405496682448,0.380200017781825,-0.039154105735202935
commons-collections,BSZZ,7,0.99,0.25,0.00334334345659144,0.456073266944426,-0.039154105735202935
commons-collections,BSZZ,7,0.995,0.0,-0.030482030996196122,0.3304267555200835,-0.0004220906305037735
commons-collections,BSZZ,7,0.995,0.05,-0.02635799755866262,0.34778751461496077,-0.0004220906305037735
commons-collections,BSZZ,7,0.995,0.1,-0.022152692270004718,0.3670737204833103,-0.0004220906305037735
commons-collections,BSZZ,7,0.995,0.25,-0.008617725794247499,0.44032746733414624,-0.0004220906305037735
commons-collections,BSZZ,7,0.999,0.0,-0.0600781617232245,0.28778644082279514,0.009744962726949467
commons-collections,BSZZ,7,0.999,0.05,-0.057345302918161735,0.30290686005771117,0.009744962726949467
commons-collections,BSZZ,7,0.999,0.1,-0.054404823358663056,0.31970425449113693,0.009744962726949467
commons-collections,BSZZ,7,0.999,0.25,-0.04552747812825534,0.3835048842251138,0.009744962726949467
commons-collections,BSZZ,13,0.9,0.0,0.0422975099850476,0.3403028056498613,-0.00015888050024089048
commons-collections,BSZZ,13,0.9,0.05,0.047057151142282,0.35818245652407465,-0.00015888050024089048
commons-collections,BSZZ,13,0.9,0.1,0.049762159658813185,0.3780451034123688,-0.00015888050024089048
commons-collections,BSZZ,13,0.9,0.25,0.06563445233188649,0.4534883148389599,-0.00015888050024089048
commons-collections,BSZZ,13,0.95,0.0,0.03901077875016722,0.359887530740322,-0.002768329056226201
commons-collections,BSZZ,13,0.95,0.05,0.0449092272789072,0.37879617121224424,-0.002768329056226201
commons-collections,BSZZ,13,0.95,0.1,0.04855088242234292,0.3998019308589927,-0.002768329056226201
commons-collections,BSZZ,13,0.95,0.25,0.06668535532505476,0.47958696530673023,-0.002768329056226201
commons-collections,BSZZ,13,0.99,0.0,0.027045534112815125,0.3947160299183673,0.012834275770590826
commons-collections,BSZZ,13,0.99,0.05,0.03398041015164773,0.41545457421546395,0.012834275770590826
commons-collections,BSZZ,13,0.99,0.1,0.04111027333455654,0.43849318862960607,0.012834275770590826
commons-collections,BSZZ,13,0.99,0.25,0.06644613374843596,0.5259995047815669,0.012834275770590826
commons-collections,BSZZ,13,0.995,0.0,0.016457954574440485,0.38497811880187577,0.04955403285718323
commons-collections,BSZZ,13,0.995,0.05,0.023048234367013202,0.4052050292008196,0.04955403285718323
commons-collections,BSZZ,13,0.995,0.1,0.03017888650219011,0.42767526543316237,0.04955403285718323
commons-collections,BSZZ,13,0.995,0.25,0.055260108724486695,0.5130227416489909,0.04955403285718323
commons-collections,BSZZ,13,0.999,0.0,-0.014426771389746712,0.34512468335578395,0.06385867027794331
commons-collections,BSZZ,13,0.999,0.05,-0.00929536955907973,0.36325767768914213,0.06385867027794331
commons-collections,BSZZ,13,0.999,0.1,-0.003519927065489911,0.3834017658486254,0.06385867027794331
commons-collections,BSZZ,13,0.999,0.25,0.016439169398788582,0.45991396034911863,0.06385867027794331
commons-collections,BSZZ,21,0.9,0.0,0.00403398115244868,0.2783010966132667,-0.0037937197665829083
commons-collections,BSZZ,21,0.9,0.05,0.0067832405985014926,0.29292315192031476,-0.0037937197665829083
commons-collections,BSZZ,21,0.9,0.1,0.007245311745298457,0.30916690988786416,-0.0037937197665829083
commons-collections,BSZZ,21,0.9,0.25,0.013883231265070519,0.3708646923435564,-0.0037937197665829083
commons-collections,BSZZ,21,0.95,0.0,-0.006167685190914877,0.29803829084563394,-0.028930268738585632
commons-collections,BSZZ,21,0.95,0.05,-0.0026429319385250613,0.3136973465424888,-0.028930268738585632
commons-collections,BSZZ,21,0.95,0.1,-0.0017013043033768142,0.3310931165213837,-0.028930268738585632
commons-collections,BSZZ,21,0.95,0.25,0.005859305387413025,0.39716652354648446,-0.028930268738585632
commons-collections,BSZZ,21,0.99,0.0,-0.026518732150668703,0.32319620965928436,-0.040692237089105986
commons-collections,BSZZ,21,0.99,0.05,-0.02239814492822005,0.3401770728688656,-0.040692237089105986
commons-collections,BSZZ,21,0.99,0.1,-0.0184944113866618,0.35904124936555476,-0.040692237089105986
commons-collections,BSZZ,21,0.99,0.25,-0.005659979198400539,0.43069202500648773,-0.040692237089105986
commons-collections,BSZZ,21,0.995,0.0,-0.03732250939118047,0.31048348170171963,-0.004701579886315985
commons-collections,BSZZ,21,0.995,0.05,-0.03355787753213632,0.32679641289967365,-0.004701579886315985
commons-collections,BSZZ,21,0.995,0.1,-0.029656626469311952,0.34491857839258677,-0.004701579886315985
commons-collections,BSZZ,21,0.995,0.25,-0.017104762103560583,0.41375101399286174,-0.004701579886315985
commons-collections,BSZZ,21,0.999,0.0,-0.06643870430132774,0.26753618619028924,0.0042454045181407425
commons-collections,BSZZ,21,0.999,0.05,-0.06404003104742396,0.28159264862869354,0.0042454045181407425
commons-collections,BSZZ,21,0.999,0.1,-0.061381120202355366,0.2972080849633743,0.0042454045181407425
commons-collections,BSZZ,21,0.999,0.25,-0.05350859963736108,0.3565193475328196,0.0042454045181407425
commons-collections,BSZZ,42,0.9,0.0,0.05094473342455539,0.3512599871691565,0.015908592009521456
commons-collections,BSZZ,42,0.9,0.05,0.05616425521423152,0.3697153329153419,0.015908592009521456
commons-collections,BSZZ,42,0.9,0.1,0.05936037477041894,0.39021752383264613,0.015908592009521456
commons-collections,BSZZ,42,0.9,0.25,0.07594796921219121,0.4680898805624066,0.015908592009521456
commons-collections,BSZZ,42,0.95,0.0,0.04707521584725077,0.3666905947077046,0.07569917062088302
commons-collections,BSZZ,42,0.95,0.05,0.05340980058039533,0.38595667098853664,0.07569917062088302
commons-collections,BSZZ,42,0.95,0.1,0.05743019853634002,0.40735950892879075,0.07569917062088302
commons-collections,BSZZ,42,0.95,0.25,0.07619296564278939,0.4886527442632644,0.07569917062088302
commons-collections,BSZZ,42,0.99,0.0,0.03187862336930731,0.3937040533829011,0.11011542896969755
commons-collections,BSZZ,42,0.99,0.05,0.039082374021683526,0.41438942801214124,0.11011542896969755
commons-collections,BSZZ,42,0.99,0.1,0.04636599482899431,0.43736897581781153,0.11011542896969755
commons-collections,BSZZ,42,0.99,0.25,0.07159330767083999,0.5246509424832081,0.11011542896969755
commons-collections,BSZZ,42,0.995,0.0,0.022411741810941844,0.38578482412332726,0.10357503207310371
commons-collections,BSZZ,42,0.995,0.05,0.029329242246619393,0.40605411915521117,0.10357503207310371
commons-collections,BSZZ,42,0.995,0.1,0.03669284937312275,0.42857144081464094,0.10357503207310371
commons-collections,BSZZ,42,0.995,0.25,0.062080712342588946,0.5140977590473873,0.10357503207310371
commons-collections,BSZZ,42,0.999,0.0,-0.0033494867406846517,0.35610879993659345,0.0799606118412359
commons-collections,BSZZ,42,0.999,0.05,0.0023777405296691845,0.3748189043212528,0.0799606118412359
commons-collections,BSZZ,42,0.999,0.1,0.008699319524277552,0.39560410864375983,0.0799606118412359
commons-collections,BSZZ,42,0.999,0.25,0.030288457374572197,0.4745514197985452,0.0799606118412359
commons-collections,BSZZ,77,0.9,0.0,0.022923155755979228,0.2970294031552173,-0.003318065064650331
commons-collections,BSZZ,77,0.9,0.05,0.02667710912392304,0.3126354514734187,-0.003318065064650331
commons-collections,BSZZ,77,0.9,0.1,0.02825331000626853,0.3299723351322128,-0.003318065064650331
commons-collections,BSZZ,77,0.9,0.25,0.03875324348318138,0.395822077450264,-0.003318065064650331
commons-collections,BSZZ,77,0.95,0.0,0.017941170436205606,0.32221780011424866,-0.026814469559367903
commons-collections,BSZZ,77,0.95,0.05,0.02276697269318809,0.33914725727960465,-0.026814469559367903
commons-collections,BSZZ,77,0.95,0.1,0.025205313477241503,0.3579543263913927,-0.026814469559367903
commons-collections,BSZZ,77,0.95,0.25,0.037593405516123966,0.42938819415809604,-0.026814469559367903
commons-collections,BSZZ,77,0.99,0.0,0.0038941695180390373,0.3664844130215516,-0.038811955357061986
commons-collections,BSZZ,77,0.99,0.05,0.009648145380324585,0.38573965643088254,-0.038811955357061986
commons-collections,BSZZ,77,0.99,0.1,0.01553498364882757,0.4071304600477078,-0.038811955357061986
commons-collections,BSZZ,77,0.99,0.25,0.0347447788267418,0.48837798606600036,-0.038811955357061986
commons-collections,BSZZ,77,0.995,0.0,-0.0049681211046442705,0.3601821327795242,-0.0001380047446051826
commons-collections,BSZZ,77,0.995,0.05,0.0005295005885469451,0.3791062517650534,-0.0001380047446051826
commons-collections,BSZZ,77,0.995,0.1,0.006522196771221146,0.400129206616132,-0.0001380047446051826
commons-collections,BSZZ,77,0.995,0.25,0.026137411129749315,0.4799795526732986,-0.0001380047446051826
commons-collections,BSZZ,77,0.999,0.0,-0.029155539994013647,0.3288338512363413,0.026165987265052988
commons-collections,BSZZ,77,0.999,0.05,-0.024767123520411972,0.34611091847797354,0.026165987265052988
commons-collections,BSZZ,77,0.999,0.1,-0.019738406205434125,0.36530415039844616,0.026165987265052988
commons-collections,BSZZ,77,0.999,0.25,-0.0034643617607827606,0.4382047593595396,0.026165987265052988
commons-collections,BSZZ,101,0.9,0.0,0.05311563359442843,0.36408670060238985,0.017332328268811932
commons-collections,BSZZ,101,0.9,0.05,0.05843776356522014,0.3832159672044784,0.017332328268811932
commons-collections,BSZZ,101,0.9,0.1,0.06175812153440148,0.4044668221804733,0.017332328268811932
commons-collections,BSZZ,101,0.9,0.25,0.07961047755796084,0.4851827888875414,0.017332328268811932
commons-collections,BSZZ,101,0.95,0.0,0.05128720493174776,0.37821333192118856,0.0804366675190595
commons-collections,BSZZ,101,0.95,0.05,0.057810700087664785,0.3980848176052695,0.0804366675190595
commons-collections,BSZZ,101,0.95,0.1,0.06203424682413,0.42016020968453793,0.0804366675190595
commons-collections,BSZZ,101,0.95,0.25,0.08239780278883452,0.5040079708277242,0.0804366675190595
commons-collections,BSZZ,101,0.99,0.0,0.03496401232385603,0.4041942275223527,0.1262443967830823
commons-collections,BSZZ,101,0.99,0.05,0.04229511606728603,0.42543076026169097,0.1262443967830823
commons-collections,BSZZ,101,0.99,0.1,0.04961709293888955,0.4490225940117299,0.1262443967830823
commons-collections,BSZZ,101,0.99,0.25,0.07589333976038885,0.5386301730798603,0.1262443967830823
commons-collections,BSZZ,101,0.995,0.0,0.02288534589889299,0.3926660627795455,0.12680201533786956
commons-collections,BSZZ,101,0.995,0.05,0.02979520235436163,0.4132969009509883,0.12680201533786956
commons-collections,BSZZ,101,0.995,0.1,0.03704584146645579,0.4362158637703301,0.12680201533786956
commons-collections,BSZZ,101,0.995,0.25,0.0627100140826171,0.5232677137771283,0.12680201533786956
commons-collections,BSZZ,101,0.999,0.0,-0.00824961869013309,0.35332813247332223,0.08907970156161148
commons-collections,BSZZ,101,0.999,0.05,-0.0028102891763703017,0.37189213943352567,0.08907970156161148
commons-collections,BSZZ,101,0.999,0.1,0.0030889317154531746,0.39251504296091794,0.08907970156161148
commons-collections,BSZZ,101,0.999,0.25,0.023577980618592054,0.47084589583250464,0.08907970156161148
commons-collections,BSZZ,123,0.9,0.0,0.02885689777623718,0.31646092015095406,0.00015923999888810885
commons-collections,BSZZ,123,0.9,0.05,0.03290446368267818,0.33308790844987834,0.00015923999888810885
commons-collections,BSZZ,123,0.9,0.1,0.03482183530447098,0.3515589624833573,0.00015923999888810885
commons-collections,BSZZ,123,0.9,0.25,0.0463528134244648,0.42171656245262384,0.00015923999888810885
commons-collections,BSZZ,123,0.95,0.0,0.026057828140728472,0.339484451203682,-0.0009642197366737743
commons-collections,BSZZ,123,0.95,0.05,0.03125576135208272,0.35732110539509954,-0.0009642197366737743
commons-collections,BSZZ,123,0.95,0.1,0.034108828844216274,0.3771359869252361,-0.0009642197366737743
commons-collections,BSZZ,123,0.95,0.25,0.04797331610357661,0.452397773789702,-0.0009642197366737743
commons-collections,BSZZ,123,0.99,0.0,0.010440719078451996,0.3756274390867336,0.010593383535845446
commons-collections,BSZZ,123,0.99,0.05,0.016483358800327853,0.3953630608863253,0.010593383535845446
commons-collections,BSZZ,123,0.99,0.1,0.02254644507184917,0.4172875206917217,0.010593383535845446
commons-collections,BSZZ,123,0.99,0.25,0.04336033165767636,0.5005620039876574,0.010593383535845446
commons-collections,BSZZ,123,0.995,0.0,0.0007567512345292583,0.36831788464957227,0.03794599267257862
commons-collections,BSZZ,123,0.995,0.05,0.006503962127378324,0.3876694594204216,0.03794599267257862
commons-collections,BSZZ,123,0.995,0.1,0.012617092107368172,0.409167278315765,0.03794599267257862
commons-collections,BSZZ,123,0.995,0.25,0.033654292067124586,0.49082127464632325,0.03794599267257862
commons-collections,BSZZ,123,0.999,0.0,-0.02422381706479346,0.33574554015899344,0.042080719273723505
commons-collections,BSZZ,123,0.999,0.05,-0.019623778574179688,0.35338575040984127,0.042080719273723505
commons-collections,BSZZ,123,0.999,0.1,-0.014521269101120574,0.3729824007981993,0.042080719273723505
commons-collections,BSZZ,123,0.999,0.25,0.002896794452901955,0.44741529218555925,0.042080719273723505
commons-collections,BSZZ,202,0.9,0.0,0.009280632599109028,0.2929334506549599,-0.0011295121104691697
commons-collections,BSZZ,202,0.9,0.05,0.012294067806563082,0.30832429592609223,-0.0011295121104691697
commons-collections,BSZZ,202,0.9,0.1,0.013052285612157726,0.325422108801945,-0.0011295121104691697
commons-collections,BSZZ,202,0.9,0.25,0.020147073240673344,0.3903638015672455,-0.0011295121104691697
commons-collections,BSZZ,202,0.95,0.0,0.0021354424021006943,0.3141454403022078,-0.005754699095545527
commons-collections,BSZZ,202,0.95,0.05,0.006062659832437523,0.3306507723273238,-0.005754699095545527
commons-collections,BSZZ,202,0.95,0.1,0.007364637579367996,0.34898667743505474,-0.005754699095545527
commons-collections,BSZZ,202,0.95,0.25,0.015592873326038526,0.41863094858985733,-0.005754699095545527
commons-collections,BSZZ,202,0.99,0.0,-0.01235119861756993,0.34102251110572795,0.005838060923385871
commons-collections,BSZZ,202,0.99,0.05,-0.007524264596670121,0.3589399756037771,0.005838060923385871
commons-collections,BSZZ,202,0.99,0.1,-0.0031031691246154506,0.37884462994865453,0.005838060923385871
commons-collections,BSZZ,202,0.99,0.25,0.01118585610922107,0.4544473960129693,0.005838060923385871
commons-collections,BSZZ,202,0.995,0.0,-0.022474321436839084,0.3296679128008315,0.03417119925935484
commons-collections,BSZZ,202,0.995,0.05,-0.017965426220856937,0.34698880198378507,0.03417119925935484
commons-collections,BSZZ,202,0.995,0.1,-0.013493079258755378,0.36623071604869945,0.03417119925935484
commons-collections,BSZZ,202,0.995,0.25,0.0008321190835754434,0.43931623175140044,0.03417119925935484
commons-collections,BSZZ,202,0.999,0.0,-0.050538604476461135,0.29096962041390284,0.027771234041084877
commons-collections,BSZZ,202,0.999,0.05,-0.047338323274108925,0.30625728522779727,0.027771234041084877
commons-collections,BSZZ,202,0.999,0.1,-0.04402775581040399,0.3232404741100213,0.027771234041084877
commons-collections,BSZZ,202,0.999,0.25,-0.03395303687694002,0.38774679679425805,0.027771234041084877
commons-collections,BSZZ,314,0.9,0.0,0.03043174496462623,0.3558403711497648,0.010210674019257068
commons-collections,BSZZ,314,0.9,0.05,0.03457134367425266,0.37453637217437713,0.010210674019257068
commons-collections,BSZZ,314,0.9,0.1,0.03658884067862902,0.3953059089616217,0.010210674019257068
commons-collections,BSZZ,314,0.9,0.25,0.047711824872912534,0.4726508376137536,0.010210674019257068
commons-collections,BSZZ,314,0.95,0.0,0.02654650894123839,0.3743159817963742,0.04494649856483259
commons-collections,BSZZ,314,0.95,0.05,0.031799565557660156,0.39398269908475186,0.04494649856483259
commons-collections,BSZZ,314,0.95,0.1,0.034732526882911376,0.41583061231858026,0.04494649856483259
commons-collections,BSZZ,314,0.95,0.25,0.04796679898290895,0.4972682078859012,0.04494649856483259
commons-collections,BSZZ,314,0.99,0.0,0.01673304581335255,0.4052129854016475,0.057369356222928804
commons-collections,BSZZ,314,0.99,0.05,0.023133613564995537,0.4265030441034663,0.057369356222928804
commons-collections,BSZZ,314,0.99,0.1,0.0297518846493305,0.4501543402725189,0.057369356222928804
commons-collections,BSZZ,314,0.99,0.25,0.05102462180155462,0.5386991996463775,0.057369356222928804
commons-collections,BSZZ,314,0.995,0.0,0.007816176321691005,0.39565737523425176,0.06357243597392002
commons-collections,BSZZ,314,0.995,0.05,0.013959076184236462,0.4164453782055664,0.06357243597392002
commons-collections,BSZZ,314,0.995,0.1,0.020673939764278282,0.43953893665572275,0.06357243597392002
commons-collections,BSZZ,314,0.995,0.25,0.04258404129023438,0.526185460749607,0.06357243597392002
commons-collections,BSZZ,314,0.999,0.0,-0.018581980977240932,0.3604115506832281,0.05482883727035386
commons-collections,BSZZ,314,0.999,0.05,-0.013662935121252912,0.37934772338078804,0.05482883727035386
commons-collections,BSZZ,314,0.999,0.1,-0.008045009559902823,0.4003840687967854,0.05482883727035386
commons-collections,BSZZ,314,0.999,0.25,0.01024546933046758,0.4794717595267718,0.05482883727035386
commons-collections,BSZZ,999,0.9,0.0,0.013603172271449578,0.29379334144633806,-0.0037240079061234433
commons-collections,BSZZ,999,0.9,0.05,0.01685520099684943,0.30922936573710985,-0.0037240079061234433
commons-collections,BSZZ,999,0.9,0.1,0.01784991911028563,0.32637736834654124,-0.0037240079061234433
commons-collections,BSZZ,999,0.9,0.25,0.02608545178334904,0.39150969404727654,-0.0037240079061234433
commons-collections,BSZZ,999,0.95,0.0,0.004545934294234962,0.31366060254501343,-0.029195793019761385
commons-collections,BSZZ,999,0.95,0.05,0.008633585568073178,0.33014046099281724,-0.029195793019761385
commons-collections,BSZZ,999,0.95,0.1,0.009931604970279218,0.3484480673001581,-0.029195793019761385
commons-collections,BSZZ,999,0.95,0.25,0.01917737709322489,0.4179848526604967,-0.029195793019761385
commons-collections,BSZZ,999,0.99,0.0,-0.011139649201311885,0.34464512191846536,-0.044313807380187184
commons-collections,BSZZ,999,0.99,0.05,-0.006211038567551764,0.362752919894551,-0.044313807380187184
commons-collections,BSZZ,999,0.99,0.1,-0.002056502300699759,0.3828690172195992,-0.044313807380187184
commons-collections,BSZZ,999,0.99,0.25,0.013111271553254145,0.4592748956559666,-0.044313807380187184
commons-collections,BSZZ,999,0.995,0.0,-0.020681958554931948,0.3339176534705033,-0.0049216616786283305
commons-collections,BSZZ,999,0.995,0.05,-0.016043025237401302,0.3514618257948773,-0.0049216616786283305
commons-collections,BSZZ,999,0.995,0.1,-0.01177552893304044,0.3709517868840508,-0.0049216616786283305
commons-collections,BSZZ,999,0.995,0.25,0.003213519919083957,0.44497944610871887,-0.0049216616786283305
commons-collections,BSZZ,999,0.999,0.0,-0.04790684357446649,0.29567725140091927,0.015910620655325437
commons-collections,BSZZ,999,0.999,0.05,-0.04453449865419761,0.3112122571038544,0.015910620655325437
commons-collections,BSZZ,999,0.999,0.1,-0.041346107272908265,0.3284702189542205,0.015910620655325437
commons-collections,BSZZ,999,0.999,0.25,-0.030776886673268885,0.39402019685955836,0.015910620655325437
commons-collections,AGSZZ,7,0.9,0.0,0.0033512661460653468,0.30371319530018037,0.0002298719860927093
commons-collections,AGSZZ,7,0.9,0.05,0.006064655461875157,0.3196704128361598,0.0002298719860927093
commons-collections,AGSZZ,7,0.9,0.1,0.006475914463885265,0.3373974131823454,0.0002298719860927093
commons-collections,AGSZZ,7,0.9,0.25,0.010354068584068258,0.40331416026291866,0.0002298719860927093
commons-collections,AGSZZ,7,0.95,0.0,-0.003621261511879387,0.3238653406117274,0.01052521728433904
commons-collections,AGSZZ,7,0.95,0.05,3.728189916645453e-05,0.3408813602397107,0.01052521728433904
commons-collections,AGSZZ,7,0.95,0.1,0.0010261539784148326,0.35978459228225407,0.01052521728433904
commons-collections,AGSZZ,7,0.95,0.25,0.006039315164798845,0.43015555842246256,0.01052521728433904
commons-collections,AGSZZ,7,0.99,0.0,-0.016192041027161326,0.36415841773860996,0.01904764825192927
commons-collections,AGSZZ,7,0.99,0.05,-0.01152888516023278,0.3832914523888487,0.01904764825192927
commons-collections,AGSZZ,7,0.99,0.1,-0.007245477191681444,0.4045464933196136,0.01904764825192927
commons-collections,AGSZZ,7,0.99,0.25,0.0035262740776504345,0.4839947132695235,0.01904764825192927
commons-collections,AGSZZ,7,0.995,0.0,-0.021961371223711435,0.36126697168176486,0.014108304729947688
commons-collections,AGSZZ,7,0.995,0.05,-0.01738965877965593,0.38024808855419007,0.014108304729947688
commons-collections,AGSZZ,7,0.995,0.1,-0.012797803603856794,0.40133436281283197,0.014108304729947688
commons-collections,AGSZZ,7,0.995,0.25,-0.0007824407168708969,0.4803118499395275,0.014108304729947688
commons-collections,AGSZZ,7,0.999,0.0,-0.03900477305692482,0.3361607514010277,0.008392193030294008
commons-collections,AGSZZ,7,0.999,0.05,-0.035164709651034506,0.35382277702313714,0.008392193030294008
commons-collections,AGSZZ,7,0.999,0.1,-0.031090901277550962,0.37344366228158044,0.008392193030294008
commons-collections,AGSZZ,7,0.999,0.25,-0.02042066461902884,0.44709495944304045,0.008392193030294008
commons-collections,AGSZZ,13,0.9,0.0,-0.0070927730626818355,0.2896782181974621,0.00823284689765095
commons-collections,AGSZZ,13,0.9,0.05,-0.004928117908532536,0.3048980322020631,0.00823284689765095
commons-collections,AGSZZ,13,0.9,0.1,-0.005118953785237102,0.3218058450785944,0.00823284689765095
commons-collections,AGSZZ,13,0.9,0.25,-0.002456265221697795,0.38444257661902453,0.00823284689765095
commons-collections,AGSZZ,13,0.95,0.0,-0.015558759445305843,0.3056667800537408,0.046656650297301074
commons-collections,AGSZZ,13,0.95,0.05,-0.012527417138152499,0.321726639744786,0.046656650297301074
commons-collections,AGSZZ,13,0.95,0.1,-0.01219172285375394,0.3395676660804201,0.046656650297301074
commons-collections,AGSZZ,13,0.95,0.25,-0.008767317952109409,0.4057771134047383,0.046656650297301074
commons-collections,AGSZZ,13,0.99,0.0,-0.03256798144852041,0.34349940643051347,0.04930622429886339
commons-collections,AGSZZ,13,0.99,0.05,-0.028765224298880357,0.3615470080385831,0.04930622429886339
commons-collections,AGSZZ,13,0.99,0.1,-0.025358331083189214,0.38159623273785864,0.04930622429886339
commons-collections,AGSZZ,13,0.99,0.25,-0.017364174861102328,0.4564480312099644,0.04930622429886339
commons-collections,AGSZZ,13,0.995,0.0,-0.0411878924199426,0.33612967242310404,0.036358278878209936
commons-collections,AGSZZ,13,0.995,0.05,-0.037626349392086304,0.3537900651427937,0.036358278878209936
commons-collections,AGSZZ,13,0.995,0.1,-0.03407874252613036,0.37340913639690354,0.036358278878209936
commons-collections,AGSZZ,13,0.995,0.25,-0.0256326998061641,0.44682001215734296,0.036358278878209936
commons-collections,AGSZZ,13,0.999,0.0,-0.06494740657227735,0.29743597046182596,0.002811320831357867
commons-collections,AGSZZ,13,0.999,0.05,-0.06247037991575025,0.3130633799953284,0.002811320831357867
commons-collections,AGSZZ,13,0.999,0.1,-0.05983590998148524,0.3304239939987257,0.002811320831357867
commons-collections,AGSZZ,13,0.999,0.25,-0.054388908983905804,0.39550270510826907,0.002811320831357867
commons-collections,AGSZZ,21,0.9,0.0,0.013379653025291005,0.36142543608886357,0.00776712597176398
commons-collections,AGSZZ,21,0.9,0.05,0.016619937956579758,0.3804148787471122,0.00776712597176398
commons-collections,AGSZZ,21,0.9,0.1,0.017631258890510124,0.40151040218768935,0.00776712597176398
commons-collections,AGSZZ,21,0.9,0.25,0.014763831908694361,0.4173444392849675,0.00776712597176398
commons-collections,AGSZZ,21,0.95,0.0,0.006709553864864934,0.3765217201726457,0.04895282454360395
commons-collections,AGSZZ,21,0.95,0.05,0.010910882610370213,0.3963043278722478,0.04895282454360395
commons-collections,AGSZZ,21,0.95,0.1,0.012598944584723323,0.4182809846890513,0.04895282454360395
commons-collections,AGSZZ,21,0.95,0.25,0.008081241650166451,0.4377093405215776,0.04895282454360395
commons-collections,AGSZZ,21,0.99,0.0,-0.004495473853264291,0.41552297781176967,0.055756396011030336
commons-collections,AGSZZ,21,0.99,0.05,0.0007822245152950973,0.4373547278007252,0.055756396011030336
commons-collections,AGSZZ,21,0.99,0.1,0.005944848210616445,0.4616077931449458,0.055756396011030336
commons-collections,AGSZZ,21,0.99,0.25,0.006963986328065955,0.49692971134529706,0.055756396011030336
commons-collections,AGSZZ,21,0.995,0.0,-0.010295181829981409,0.4120718874029993,0.0390668302688759
commons-collections,AGSZZ,21,0.995,0.05,-0.005110522945493202,0.4337223156672447,0.0390668302688759
commons-collections,AGSZZ,21,0.995,0.1,0.0003507872757969099,0.4577739492600047,0.0390668302688759
commons-collections,AGSZZ,21,0.995,0.25,0.00502125258712812,0.4984400053809449,0.0390668302688759
commons-collections,AGSZZ,21,0.999,0.0,-0.02913443918856725,0.3817044280333305,0.016999589259068228
commons-collections,AGSZZ,21,0.999,0.05,-0.024775784338092337,0.4017593373584073,0.016999589259068228
commons-collections,AGSZZ,21,0.999,0.1,-0.01994897682259396,0.4240384962247175,0.016999589259068228
commons-collections,AGSZZ,21,0.999,0.25,-0.013616478097469369,0.4675841756899889,0.016999589259068228
commons-collections,AGSZZ,42,0.9,0.0,-0.003289898757002222,0.28223739381621316,1.3991439242610453e-05
commons-collections,AGSZZ,42,0.9,0.05,-0.000919887087719699,0.29706626381464013,1.3991439242610453e-05
commons-collections,AGSZZ,42,0.9,0.1,-0.0008965822853211053,0.3135397738738309,1.3991439242610453e-05
commons-collections,AGSZZ,42,0.9,0.25,0.0014354172705852571,0.37478797158650357,1.3991439242610453e-05
commons-collections,AGSZZ,42,0.95,0.0,-0.014589877285820022,0.3019542694687434,0.008246499936224012
commons-collections,AGSZZ,42,0.95,0.05,-0.01149520218033681,0.31781907231034595,0.008246499936224012
commons-collections,AGSZZ,42,0.95,0.1,-0.011153232577951814,0.3354434084348075,0.008246499936224012
commons-collections,AGSZZ,42,0.95,0.25,-0.008398954159659869,0.4010674089128314,0.008246499936224012
commons-collections,AGSZZ,42,0.99,0.0,-0.032465622247100076,0.3425129595822699,0.015689093462897954
commons-collections,AGSZZ,42,0.99,0.05,-0.02864254500759514,0.3605087328628626,0.015689093462897954
commons-collections,AGSZZ,42,0.99,0.1,-0.025328136717528454,0.38050038105940154,0.015689093462897954
commons-collections,AGSZZ,42,0.99,0.25,-0.017574747346903334,0.45521429300037675,0.015689093462897954
commons-collections,AGSZZ,42,0.995,0.0,-0.03948967923626572,0.3376119477988352,0.011538136062378915
commons-collections,AGSZZ,42,0.995,0.05,-0.035824505195100824,0.3553502198829542,0.011538136062378915
commons-collections,AGSZZ,42,0.995,0.1,-0.03227249795881168,0.3750558079447145,0.011538136062378915
commons-collections,AGSZZ,42,0.995,0.25,-0.023553043980956423,0.44883435437163893,0.011538136062378915
commons-collections,AGSZZ,42,0.999,0.0,-0.05842275719032261,0.3073780665177566,-0.0053033491709189255
commons-collections,AGSZZ,42,0.999,0.05,-0.055589102443592935,0.3235278379110106,-0.0053033491709189255
commons-collections,AGSZZ,42,0.999,0.1,-0.052662525613034084,0.34146874787438775,-0.0053033491709189255
commons-collections,AGSZZ,42,0.999,0.25,-0.04576636534872505,0.4087662510844567,-0.0053033491709189255
commons-collections,AGSZZ,77,0.9,0.0,0.0009583995548011426,0.3056540854751264,0.009154500499927833
commons-collections,AGSZZ,77,0.9,0.05,0.003558315501089525,0.32171327818773404,0.009154500499927833
commons-collections,AGSZZ,77,0.9,0.1,0.0038425986908595263,0.33955356357169736,0.009154500499927833
commons-collections,AGSZZ,77,0.9,0.25,0.007471137078033677,0.4059213788140103,0.009154500499927833
commons-collections,AGSZZ,77,0.95,0.0,-0.005407433786624361,0.3225207064910537,0.04764690888778238
commons-collections,AGSZZ,77,0.95,0.05,-0.0018083769016265954,0.33946607848336663,0.04764690888778238
commons-collections,AGSZZ,77,0.95,0.1,-0.0008070996607500703,0.35829082750346797,0.04764690888778238
commons-collections,AGSZZ,77,0.95,0.25,0.004151201621771386,0.4283704737275316,0.04764690888778238
commons-collections,AGSZZ,77,0.99,0.0,-0.015102458915918689,0.3672683590599098,0.021504387016784678
commons-collections,AGSZZ,77,0.99,0.05,-0.010346573808535089,0.3865647913199859,0.021504387016784678
commons-collections,AGSZZ,77,0.99,0.1,-0.005708999394534063,0.408001351959912,0.021504387016784678
commons-collections,AGSZZ,77,0.99,0.25,0.005905994469521141,0.48815919872028796,0.021504387016784678
commons-collections,AGSZZ,77,0.995,0.0,-0.020117691130126115,0.36549158923607056,0.011164330532539919
commons-collections,AGSZZ,77,0.995,0.05,-0.015416034143816443,0.38469466927099116,0.011164330532539919
commons-collections,AGSZZ,77,0.995,0.1,-0.010431189783722088,0.40602752417876703,0.011164330532539919
commons-collections,AGSZZ,77,0.995,0.25,0.002673904193033283,0.48596345001280766,0.011164330532539919
commons-collections,AGSZZ,77,0.999,0.0,-0.03803816924532389,0.339208719750801,0.008920654361308723
commons-collections,AGSZZ,77,0.999,0.05,-0.034116449805134,0.35703088689706136,0.008920654361308723
commons-collections,AGSZZ,77,0.999,0.1,-0.02971304057009798,0.37682967465308365,0.008920654361308723
commons-collections,AGSZZ,77,0.999,0.25,-0.018084333472636795,0.4511761620955134,0.008920654361308723
commons-collections,AGSZZ,101,0.9,0.0,0.011603952321074692,0.3556876069684779,0.00665159833119322
commons-collections,AGSZZ,101,0.9,0.05,0.014745041301176324,0.3743755816995007,0.00665159833119322
commons-collections,AGSZZ,101,0.9,0.1,0.015628841690953434,0.3951362020131232,0.00665159833119322
commons-collections,AGSZZ,101,0.9,0.25,0.013491470761633395,0.41227378728639236,0.00665159833119322
commons-collections,AGSZZ,101,0.95,0.0,0.00568180358320165,0.36973157215841124,0.04216624200260738
commons-collections,AGSZZ,101,0.95,0.05,0.009809171993900613,0.38915742265865116,0.04216624200260738
commons-collections,AGSZZ,101,0.95,0.1,0.011238517093737542,0.4107377550547128,0.04216624200260738
commons-collections,AGSZZ,101,0.95,0.25,0.007346964932127884,0.43149693619901486,0.04216624200260738
commons-collections,AGSZZ,101,0.99,0.0,-0.007423773466822269,0.4041475429463696,0.05209822503451881
commons-collections,AGSZZ,101,0.99,0.05,-0.002319741609623072,0.42538162285867887,0.05209822503451881
commons-collections,AGSZZ,101,0.99,0.1,0.0021970131710948417,0.44897073174359037,0.05209822503451881
commons-collections,AGSZZ,101,0.99,0.25,0.0026916976694738148,0.48438442224010614,0.05209822503451881
commons-collections,AGSZZ,101,0.995,0.0,-0.014790029208288553,0.39962034483232434,0.03892928837399126
commons-collections,AGSZZ,101,0.995,0.05,-0.009859652622769988,0.4206165638737455,0.03892928837399126
commons-collections,AGSZZ,101,0.995,0.1,-0.005117881404177506,0.44394143121835905,0.03892928837399126
commons-collections,AGSZZ,101,0.995,0.25,-0.0016663586840471225,0.4833779297250194,0.03892928837399126
commons-collections,AGSZZ,101,0.999,0.0,-0.03590475685926228,0.36790338080534896,0.015480356755694409
commons-collections,AGSZZ,101,0.999,0.05,-0.03191843980126783,0.38723317737191176,0.015480356755694409
commons-collections,AGSZZ,101,0.999,0.1,-0.02791598228022523,0.40870680268625903,0.015480356755694409
commons-collections,AGSZZ,101,0.999,0.25,-0.02362702735698251,0.4495768011346423,0.015480356755694409
commons-collections,AGSZZ,123,0.9,0.0,0.012121764898990658,0.30937734043509313,0.0005635366529217491
commons-collections,AGSZZ,123,0.9,0.05,0.015290059967192958,0.3256321545110709,0.0005635366529217491
commons-collections,AGSZZ,123,0.9,0.1,0.016216307900016172,0.3436897572292351,0.0005635366529217491
commons-collections,AGSZZ,123,0.9,0.25,0.02200593292336064,0.410841072749059,0.0005635366529217491
commons-collections,AGSZZ,123,0.95,0.0,0.0060226031185870756,0.3300536891500341,0.01260570049255937
commons-collections,AGSZZ,123,0.95,0.05,0.010167877278547057,0.3473948471827437,0.01260570049255937
commons-collections,AGSZZ,123,0.95,0.1,0.011737306103999,0.366659278074657,0.01260570049255937
commons-collections,AGSZZ,123,0.95,0.25,0.01894250060829913,0.43840903885131,0.01260570049255937
commons-collections,AGSZZ,123,0.99,0.0,-0.010262487062013735,0.37356922164909084,0.02152644825515881
commons-collections,AGSZZ,123,0.99,0.05,-0.005307602397171596,0.39319670384889877,0.02152644825515881
commons-collections,AGSZZ,123,0.99,0.1,-0.0006811359763473457,0.4150010305096238,0.02152644825515881
commons-collections,AGSZZ,123,0.99,0.25,0.01163669244454492,0.49655944602350743,0.02152644825515881
commons-collections,AGSZZ,123,0.995,0.0,-0.01862403117142776,0.3683708321858676,0.02176813174593752
commons-collections,AGSZZ,123,0.995,0.05,-0.013895094642863965,0.3877251888422845,0.02176813174593752
commons-collections,AGSZZ,123,0.995,0.1,-0.009120683646018738,0.4092260981565123,0.02176813174593752
commons-collections,AGSZZ,123,0.995,0.25,0.0038411882083362703,0.48979681215950943,0.02176813174593752
commons-collections,AGSZZ,123,0.999,0.0,-0.0400520487035805,0.33728752461515127,0.013347562136745922
commons-collections,AGSZZ,123,0.999,0.05,-0.03628363208313395,0.3550087513703353,0.013347562136745922
commons-collections,AGSZZ,123,0.999,0.1,-0.03229017849807052,0.3746954036401101,0.013347562136745922
commons-collections,AGSZZ,123,0.999,0.25,-0.02170104551276655,0.44860747873965234,0.013347562136745922
commons-collections,AGSZZ,202,0.9,0.0,-0.007318261201152188,0.2815716056051335,0.00021603127608360264
commons-collections,AGSZZ,202,0.9,0.05,-0.00517693877419684,0.2963654948141792,0.00021603127608360264
commons-collections,AGSZZ,202,0.9,0.1,-0.0053897900401368715,0.3128001444351971,0.00021603127608360264
commons-collections,AGSZZ,202,0.9,0.25,-0.0037505185923859515,0.37381566503651176,0.00021603127608360264
commons-collections,AGSZZ,202,0.95,0.0,-0.015545340191535926,0.30737268985514354,0.007912645196641721
commons-collections,AGSZZ,202,0.95,0.05,-0.012547078428647674,0.3235221787563087,0.007912645196641721
commons-collections,AGSZZ,202,0.95,0.1,-0.012310527056038164,0.3414627748969693,0.007912645196641721
commons-collections,AGSZZ,202,0.95,0.25,-0.01004730176739971,0.4081238131717123,0.007912645196641721
commons-collections,AGSZZ,202,0.99,0.0,-0.02596010909073632,0.3565468324278753,0.009019498680897521
commons-collections,AGSZZ,202,0.99,0.05,-0.02184819288338049,0.3752799512217186,0.009019498680897521
commons-collections,AGSZZ,202,0.99,0.1,-0.018325849825801863,0.39609072243511073,0.009019498680897521
commons-collections,AGSZZ,202,0.99,0.25,-0.010103466669337239,0.47379272854924454,0.009019498680897521
commons-collections,AGSZZ,202,0.995,0.0,-0.03210276998231314,0.35122444485280946,0.013368285651849708
commons-collections,AGSZZ,202,0.995,0.05,-0.028099757455498534,0.36967792319091897,0.013368285651849708
commons-collections,AGSZZ,202,0.995,0.1,-0.02428303262006261,0.3901780395896841,0.013368285651849708
commons-collections,AGSZZ,202,0.995,0.25,-0.014956586882155135,0.4668898534130587,0.013368285651849708
commons-collections,AGSZZ,202,0.999,0.0,-0.05196755133718561,0.3182870368468118,0.0029827228801252393
commons-collections,AGSZZ,202,0.999,0.05,-0.04884234759691535,0.3350099700760612,0.0029827228801252393
commons-collections,AGSZZ,202,0.999,0.1,-0.04569653484320231,0.3535876100985606,0.0029827228801252393
commons-collections,AGSZZ,202,0.999,0.25,-0.03840344709759467,0.423253008367424,0.0029827228801252393
commons-collections,AGSZZ,314,0.9,0.0,0.004266983857540599,0.2950102461725372,0.00025278140453293416
commons-collections,AGSZZ,314,0.9,0.05,0.007031875141794741,0.3105102071434961,0.00025278140453293416
commons-collections,AGSZZ,314,0.9,0.1,0.0075176350418604135,0.3277292375213499,0.00025278140453293416
commons-collections,AGSZZ,314,0.9,0.25,0.011494064433507084,0.39173825609357843,0.00025278140453293416
commons-collections,AGSZZ,314,0.95,0.0,-0.005699345774666837,0.31289092619509384,0.009253466167522385
commons-collections,AGSZZ,314,0.95,0.05,-0.002140499769762035,0.32933034552751506,0.009253466167522385
commons-collections,AGSZZ,314,0.95,0.1,-0.0011697057483664097,0.3475930276987545,0.009253466167522385
commons-collections,AGSZZ,314,0.95,0.25,0.003455052570152869,0.41554369435936817,0.009253466167522385
commons-collections,AGSZZ,314,0.99,0.0,-0.023873031302129078,0.3521106175925697,0.014429345351149066
commons-collections,AGSZZ,314,0.99,0.05,-0.019605923722257935,0.37061065581481206,0.014429345351149066
commons-collections,AGSZZ,314,0.99,0.1,-0.01553587896525349,0.3911624959605451,0.014429345351149066
commons-collections,AGSZZ,314,0.99,0.25,-0.005901125570805862,0.46796241695295376,0.014429345351149066
commons-collections,AGSZZ,314,0.995,0.0,-0.030905008996174634,0.3478702517612225,0.01135985246913467
commons-collections,AGSZZ,314,0.995,0.05,-0.026796536306796473,0.3661474993999473,0.01135985246913467
commons-collections,AGSZZ,314,0.995,0.1,-0.022491579800997474,0.38645183970792724,0.01135985246913467
commons-collections,AGSZZ,314,0.995,0.25,-0.011795044599188122,0.4624823623708335,0.01135985246913467
commons-collections,AGSZZ,314,0.999,0.0,-0.050163819423591986,0.3188902429741176,0.0015847204447961903
commons-collections,AGSZZ,314,0.999,0.05,-0.04690409648828408,0.3356448689040511,0.0015847204447961903
commons-collections,AGSZZ,314,0.999,0.1,-0.04325337528076676,0.35425771660074135,0.0015847204447961903
commons-collections,AGSZZ,314,0.999,0.25,-0.03434267297141124,0.42409992798415846,0.0015847204447961903
commons-collections,AGSZZ,999,0.9,0.0,0.01091257646048645,0.35111004960859155,0.015967516118878644
commons-collections,AGSZZ,999,0.9,0.05,0.014023240163485813,0.36955751757301525,0.015967516118878644
commons-collections,AGSZZ,999,0.9,0.1,0.014866335151868039,0.3900509569996724,0.015967516118878644
commons-collections,AGSZZ,999,0.9,0.25,0.011875290171133352,0.40664189579197213,0.015967516118878644
commons-collections,AGSZZ,999,0.95,0.0,0.004168677708158618,0.36809266505901755,0.08654357200523716
commons-collections,AGSZZ,999,0.95,0.05,0.008236507764137172,0.3874324066989544,0.08654357200523716
commons-collections,AGSZZ,999,0.95,0.1,0.009558605710276048,0.40891708007470384,0.08654357200523716
commons-collections,AGSZZ,999,0.95,0.25,0.004802480652229669,0.4291200489683251,0.08654357200523716
commons-collections,AGSZZ,999,0.99,0.0,-0.009861780943072393,0.40753647586023906,0.10342664995624884
commons-collections,AGSZZ,999,0.99,0.05,-0.0048660305798089235,0.4289486117166373,0.10342664995624884
commons-collections,AGSZZ,999,0.99,0.1,-0.0005240950371581635,0.45273552437124664,0.10342664995624884
commons-collections,AGSZZ,999,0.99,0.25,-0.0009406171739891187,0.4870764695185152,0.10342664995624884
commons-collections,AGSZZ,999,0.995,0.0,-0.017186742264257968,0.40243936421104276,0.07293480201481513
commons-collections,AGSZZ,999,0.995,0.05,-0.012364168829838568,0.42358369570250054,0.07293480201481513
commons-collections,AGSZZ,999,0.995,0.1,-0.007781129431245394,0.4470731023502321,0.07293480201481513
commons-collections,AGSZZ,999,0.995,0.25,-0.005160316288820903,0.48561410843882447,0.07293480201481513
commons-collections,AGSZZ,999,0.999,0.0,-0.03909813620243828,0.36712263283742874,0.022601930543479677
commons-collections,AGSZZ,999,0.999,0.05,-0.035262978135024714,0.38641140858119655,0.022601930543479677
commons-collections,AGSZZ,999,0.999,0.1,-0.03145331850730481,0.40783946353603445,0.022601930543479677
commons-collections,AGSZZ,999,0.999,0.25,-0.028098420218533933,0.44759737715773185,0.022601930543479677
commons-collections,MASZZ,7,0.9,0.0,-0.0050087231315495305,0.2983550738777426,0.008432782600662304
commons-collections,MASZZ,7,0.9,0.05,-0.002734571127669838,0.3140307734867927,0.008432782600662304
commons-collections,MASZZ,7,0.9,0.1,-0.0028064121915733443,0.33144503332061237,0.008432782600662304
commons-collections,MASZZ,7,0.9,0.25,-0.006951015258593772,0.33890721906474086,0.008432782600662304
commons-collections,MASZZ,7,0.95,0.0,-0.013994479847575817,0.3164597091298497,0.051594123639510214
commons-collections,MASZZ,7,0.95,0.05,-0.010880949640079846,0.3330866338012217,0.051594123639510214
commons-collections,MASZZ,7,0.95,0.1,-0.01045368818677057,0.351557617150345,0.051594123639510214
commons-collections,MASZZ,7,0.95,0.25,-0.017455057534036506,0.3633450294037691,0.051594123639510214
commons-collections,MASZZ,7,0.99,0.0,-0.036573922416973284,0.3611471309181216,0.05748816193269736
commons-collections,MASZZ,7,0.99,0.05,-0.03298163907110299,0.38012195130700677,0.05748816193269736
commons-collections,MASZZ,7,0.99,0.1,-0.029805132115115023,0.40120123075181946,0.05748816193269736
commons-collections,MASZZ,7,0.99,0.25,-0.034794599974020034,0.42894219441512554,0.05748816193269736
commons-collections,MASZZ,7,0.995,0.0,-0.04456465402724219,0.35672527266384896,0.03239222955376567
commons-collections,MASZZ,7,0.995,0.05,-0.04118052745796804,0.3754677667818687,0.03239222955376567
commons-collections,MASZZ,7,0.995,0.1,-0.03783135438115151,0.39628895311773105,0.03239222955376567
commons-collections,MASZZ,7,0.995,0.25,-0.03995494525466468,0.4279846145896902,0.03239222955376567
commons-collections,MASZZ,7,0.999,0.0,-0.06322301535103038,0.3256312562175135,-0.010053339497630704
commons-collections,MASZZ,7,0.999,0.05,-0.060655388462901964,0.34274005778552374,-0.010053339497630704
commons-collections,MASZZ,7,0.999,0.1,-0.057925486759868715,0.36174636202591537,-0.010053339497630704
commons-collections,MASZZ,7,0.999,0.25,-0.05860831650038187,0.39479410869246145,-0.010053339497630704
commons-collections,MASZZ,13,0.9,0.0,0.0019068462407460173,0.3013265522627378,0.006284708172294549
commons-collections,MASZZ,13,0.9,0.05,0.004544345134278651,0.31715837458139207,0.006284708172294549
commons-collections,MASZZ,13,0.9,0.1,0.004876997348725355,0.3347460723796289,0.006284708172294549
commons-collections,MASZZ,13,0.9,0.25,0.009210511464784504,0.4002262183479792,0.006284708172294549
commons-collections,MASZZ,13,0.95,0.0,-0.004668585650771534,0.3193133115123251,0.040794409692334485
commons-collections,MASZZ,13,0.95,0.05,-0.0010650690853603222,0.33609016563912747,0.040794409692334485
commons-collections,MASZZ,13,0.95,0.1,-9.659308970580229e-05,0.35472770681716553,0.040794409692334485
commons-collections,MASZZ,13,0.95,0.25,0.0055607833962779095,0.4242003198231047,0.040794409692334485
commons-collections,MASZZ,13,0.99,0.0,-0.0190127275918925,0.3610769909908233,0.05477594391702082
commons-collections,MASZZ,13,0.99,0.05,-0.014497771769646717,0.38004812619877076,0.05477594391702082
commons-collections,MASZZ,13,0.99,0.1,-0.010308041944790996,0.4011233117466612,0.05477594391702082
commons-collections,MASZZ,13,0.99,0.25,0.0006451224735934594,0.4799675338870426,0.05477594391702082
commons-collections,MASZZ,13,0.995,0.0,-0.026210371626348018,0.356785386920484,0.040856792923078596
commons-collections,MASZZ,13,0.995,0.05,-0.021861903429775148,0.37553103946653715,0.040856792923078596
commons-collections,MASZZ,13,0.995,0.1,-0.017448893674624894,0.3963557345253152,0.040856792923078596
commons-collections,MASZZ,13,0.995,0.25,-0.0057239601786116525,0.47439668931794454,0.040856792923078596
commons-collections,MASZZ,13,0.999,0.0,-0.04651254500480347,0.3260847545870278,0.014349230734699974
commons-collections,MASZZ,13,0.999,0.05,-0.04306694305806847,0.3432173831478936,0.014349230734699974
commons-collections,MASZZ,13,0.999,0.1,-0.03936527779250595,0.3622501569848578,0.014349230734699974
commons-collections,MASZZ,13,0.999,0.25,-0.029858668482252205,0.43370088147625113,0.014349230734699974
commons-collections,MASZZ,21,0.9,0.0,0.0034928520710294972,0.29223624524031183,0.00949338042277354
commons-collections,MASZZ,21,0.9,0.05,0.0062136803701948115,0.3075904590491273,0.00949338042277354
commons-collections,MASZZ,21,0.9,0.1,0.00664794905535512,0.3246475777410654,0.00949338042277354
commons-collections,MASZZ,21,0.9,0.25,0.011058199271919781,0.3880462909772579,0.00949338042277354
commons-collections,MASZZ,21,0.95,0.0,-0.006609023691690772,0.31146390252410594,0.05723578416852942
commons-collections,MASZZ,21,0.95,0.05,-0.0031074585475980607,0.3278283454396335,0.05723578416852942
commons-collections,MASZZ,21,0.95,0.1,-0.002195757573592236,0.3460077357108136,0.05723578416852942
commons-collections,MASZZ,21,0.95,0.25,0.0027130776971882238,0.413655920070977,0.05723578416852942
commons-collections,MASZZ,21,0.99,0.0,-0.024485858924796624,0.35215785424229545,0.07410182255685355
commons-collections,MASZZ,21,0.99,0.05,-0.020258463697986336,0.37066037429775095,0.07410182255685355
commons-collections,MASZZ,21,0.99,0.1,-0.016256291657511017,0.3912149715318127,0.07410182255685355
commons-collections,MASZZ,21,0.99,0.25,-0.006776254983537364,0.46804101865865794,0.07410182255685355
commons-collections,MASZZ,21,0.995,0.0,-0.032761595214724805,0.34556730802133,0.05652153781353451
commons-collections,MASZZ,21,0.995,0.05,-0.028757331028857643,0.363723558038617,0.05652153781353451
commons-collections,MASZZ,21,0.995,0.1,-0.024601947645757714,0.3838934811230254,0.05652153781353451
commons-collections,MASZZ,21,0.995,0.25,-0.01447336140852374,0.45942162392205665,0.05652153781353451
commons-collections,MASZZ,21,0.999,0.0,-0.05531869887397986,0.3108932399989215,0.01642928741013492
commons-collections,MASZZ,21,0.999,0.05,-0.05233577591228816,0.32722770006814883,0.01642928741013492
commons-collections,MASZZ,21,0.999,0.1,-0.04903297770863321,0.34537378215602305,0.01642928741013492
commons-collections,MASZZ,21,0.999,0.25,-0.04150302523302286,0.4134443918017651,0.01642928741013492
commons-collections,MASZZ,42,0.9,0.0,-0.0064769536214812325,0.2821969807285758,0.008779970127049234
commons-collections,MASZZ,42,0.9,0.05,-0.004274391139651125,0.29702372740657834,0.008779970127049234
commons-collections,MASZZ,42,0.9,0.1,-0.004437167007003294,0.31349487865215947,0.008779970127049234
commons-collections,MASZZ,42,0.9,0.25,-0.0027685235351227015,0.37473280910490137,0.008779970127049234
commons-collections,MASZZ,42,0.95,0.0,-0.01626915821574865,0.2972589797978808,0.05264486370257625
commons-collections,MASZZ,42,0.95,0.05,-0.013262713228408338,0.31287709016832366,0.05264486370257625
commons-collections,MASZZ,42,0.95,0.1,-0.013021856030197003,0.33022737365724353,0.05264486370257625
commons-collections,MASZZ,42,0.95,0.25,-0.010821623228172234,0.39479909809997565,0.05264486370257625
commons-collections,MASZZ,42,0.99,0.0,-0.03630558553211958,0.33324559053464226,0.0688824667715186
commons-collections,MASZZ,42,0.99,0.05,-0.03268426155989916,0.35075445239298664,0.0688824667715186
commons-collections,MASZZ,42,0.99,0.1,-0.029606108588578577,0.3702051868035666,0.0688824667715186
commons-collections,MASZZ,42,0.99,0.25,-0.023240648917393688,0.4428350680600015,0.0688824667715186
commons-collections,MASZZ,42,0.995,0.0,-0.04452152234417169,0.32789677100734094,0.046247062901749646
commons-collections,MASZZ,42,0.995,0.05,-0.04112072343165542,0.3451246036641932,0.046247062901749646
commons-collections,MASZZ,42,0.995,0.1,-0.037872493448263135,0.3642631404913971,0.046247062901749646
commons-collections,MASZZ,42,0.995,0.25,-0.030812474574676275,0.435862121720587,0.046247062901749646
commons-collections,MASZZ,42,0.999,0.0,-0.06436612523261837,0.2966020795338023,0.0009886769263376827
commons-collections,MASZZ,42,0.999,0.05,-0.06184473751351509,0.3121856760912942,0.0009886769263376827
commons-collections,MASZZ,42,0.999,0.1,-0.05927316574588955,0.3294976179098852,0.0009886769263376827
commons-collections,MASZZ,42,0.999,0.25,-0.05419737601896885,0.39438780680220475,0.0009886769263376827
commons-collections,MASZZ,77,0.9,0.0,-0.010823654169903817,0.2720849398950494,0.007005145824520055
commons-collections,MASZZ,77,0.9,0.05,-0.00884277222416287,0.2863803957440387,0.007005145824520055
commons-collections,MASZZ,77,0.9,0.1,-0.009244193620792209,0.30226133176640774,0.007005145824520055
commons-collections,MASZZ,77,0.9,0.25,-0.008260708148080127,0.3611925989831576,0.007005145824520055
commons-collections,MASZZ,77,0.95,0.0,-0.021663051690479777,0.28835024644793855,0.04534826569771413
commons-collections,MASZZ,77,0.95,0.05,-0.01891807172768227,0.3035002882647759,0.04534826569771413
commons-collections,MASZZ,77,0.95,0.1,-0.018896338388270737,0.32033059066093345,0.04534826569771413
commons-collections,MASZZ,77,0.95,0.25,-0.017596789635455336,0.3828542206158876,0.04534826569771413
commons-collections,MASZZ,77,0.99,0.0,-0.04208937760222962,0.327778660690091,0.0546094352412983
commons-collections,MASZZ,77,0.99,0.05,-0.03875139642120531,0.34500028778177594,0.0546094352412983
commons-collections,MASZZ,77,0.99,0.1,-0.03576900280617515,0.3641319307970968,0.0546094352412983
commons-collections,MASZZ,77,0.99,0.25,-0.030569394401765218,0.435542334291042,0.0546094352412983
commons-collections,MASZZ,77,0.995,0.0,-0.050265418845552814,0.3218365381831762,0.03320837380715489
commons-collections,MASZZ,77,0.995,0.05,-0.047147736005954365,0.33874596368818144,0.03320837380715489
commons-collections,MASZZ,77,0.995,0.1,-0.04398782528667927,0.35753077946857426,0.03320837380715489
commons-collections,MASZZ,77,0.995,0.25,-0.038112164437051205,0.42778543486473,0.03320837380715489
commons-collections,MASZZ,77,0.999,0.0,-0.07020686652151398,0.28930590574538395,-0.007724011922801132
commons-collections,MASZZ,77,0.999,0.05,-0.06797530380888372,0.3045061582989808,-0.007724011922801132
commons-collections,MASZZ,77,0.999,0.1,-0.06550120873864619,0.3213922402034338,-0.007724011922801132
commons-collections,MASZZ,77,0.999,0.25,-0.06159643592199417,0.38466679176144397,-0.007724011922801132
commons-collections,MASZZ,101,0.9,0.0,-0.009002556492555158,0.26916538456074357,4.945574173050961e-05
commons-collections,MASZZ,101,0.9,0.05,-0.006944142051737774,0.2833074457587965,4.945574173050961e-05
commons-collections,MASZZ,101,0.9,0.1,-0.0072661837322841785,0.29901797443890044,4.945574173050961e-05
commons-collections,MASZZ,101,0.9,0.25,-0.005357506647432786,0.3573454308761685,4.945574173050961e-05
commons-collections,MASZZ,101,0.95,0.0,-0.018716957786526257,0.29128096371809115,0.009529732876243896
commons-collections,MASZZ,101,0.95,0.05,-0.015871510440864964,0.3065849866386144,0.009529732876243896
commons-collections,MASZZ,101,0.95,0.1,-0.015908081981413528,0.3235863478720781,0.009529732876243896
commons-collections,MASZZ,101,0.95,0.25,-0.013354441667521819,0.3867970272837025,0.009529732876243896
commons-collections,MASZZ,101,0.99,0.0,-0.03450221740909108,0.3376489740596656,0.021759854670964054
commons-collections,MASZZ,101,0.99,0.05,-0.030820898253246652,0.3553891915189205,0.021759854670964054
commons-collections,MASZZ,101,0.99,0.1,-0.02799451708674794,0.37509694071344934,0.021759854670964054
commons-collections,MASZZ,101,0.99,0.25,-0.02031599482338353,0.4487266093154009,0.021759854670964054
commons-collections,MASZZ,101,0.995,0.0,-0.0424877911288295,0.33114583197851327,0.022423436357297374
commons-collections,MASZZ,101,0.995,0.05,-0.03901266646869731,0.34854437164943985,0.022423436357297374
commons-collections,MASZZ,101,0.995,0.1,-0.035989917758917085,0.36787254826132226,0.022423436357297374
commons-collections,MASZZ,101,0.995,0.25,-0.02781627025987207,0.440220195667403,0.022423436357297374
commons-collections,MASZZ,101,0.999,0.0,-0.06486834211005565,0.295308500825316,-0.00038386039533506425
commons-collections,MASZZ,101,0.999,0.05,-0.062403783861427364,0.3108241322197178,-0.00038386039533506425
commons-collections,MASZZ,101,0.999,0.1,-0.06018465151588333,0.32806057099607017,-0.00038386039533506425
commons-collections,MASZZ,101,0.999,0.25,-0.05487486694755727,0.39268351658973055,-0.00038386039533506425
commons-collections,MASZZ,123,0.9,0.0,0.0032986747170924164,0.293102153838335,0.006962072786577828
commons-collections,MASZZ,123,0.9,0.05,0.006003400959340473,0.3085018628448525,0.006962072786577828
commons-collections,MASZZ,123,0.9,0.1,0.006414590262180164,0.3256095225151034,0.006962072786577828
commons-collections,MASZZ,123,0.9,0.25,0.010368519206179998,0.3891728426792537,0.006962072786577828
commons-collections,MASZZ,123,0.95,0.0,-0.0051891346426377145,0.30980076294461834,0.0442478985753797
commons-collections,MASZZ,123,0.95,0.05,-0.0016329298454210725,0.3260778238152652,0.0442478985753797
commons-collections,MASZZ,123,0.95,0.1,-0.0007220283464027336,0.3441601406752219,0.0442478985753797
commons-collections,MASZZ,123,0.95,0.25,0.004177077285412027,0.41140649055986006,0.0442478985753797
commons-collections,MASZZ,123,0.99,0.0,-0.023352519471558537,0.3486688903804418,0.05326973277907354
commons-collections,MASZZ,123,0.99,0.05,-0.01908539055109779,0.36698809882421785,0.05326973277907354
commons-collections,MASZZ,123,0.99,0.1,-0.015241235545352231,0.3873390537255,0.05326973277907354
commons-collections,MASZZ,123,0.99,0.25,-0.005627732446171398,0.46336094664960803,0.05326973277907354
commons-collections,MASZZ,123,0.995,0.0,-0.029501737481943888,0.3468524928705421,0.03269351211806072
commons-collections,MASZZ,123,0.995,0.05,-0.02534432016484485,0.36507626703406354,0.03269351211806072
commons-collections,MASZZ,123,0.995,0.1,-0.021220078420077528,0.38532120323156505,0.03269351211806072
commons-collections,MASZZ,123,0.995,0.25,-0.010505126298660825,0.46111508622873165,0.03269351211806072
commons-collections,MASZZ,123,0.999,0.0,-0.045648343677478276,0.32375522963839526,0.007422254187946955
commons-collections,MASZZ,123,0.999,0.05,-0.04217395872136469,0.3407654639900662,0.007422254187946955
commons-collections,MASZZ,123,0.999,0.1,-0.038519383674768225,0.3596622691229705,0.007422254187946955
commons-collections,MASZZ,123,0.999,0.25,-0.029046726285392135,0.4305735783318937,0.007422254187946955
commons-collections,MASZZ,202,0.9,0.0,0.004281742893808248,0.3182881907471724,0.00949338043416743
commons-collections,MASZZ,202,0.9,0.05,0.0070325343580854216,0.33501118460282636,0.00949338043416743
commons-collections,MASZZ,202,0.9,0.1,0.007488021576173424,0.3535888919756826,0.00949338043416743
commons-collections,MASZZ,202,0.9,0.25,0.005584915870144594,0.36180244941874046,0.00949338043416743
commons-collections,MASZZ,202,0.95,0.0,-0.0028273983431402598,0.3347309551059168,0.057236478846383484
commons-collections,MASZZ,202,0.95,0.05,0.0008390693713669349,0.35231785863630855,0.057236478846383484
commons-collections,MASZZ,202,0.95,0.1,0.0017530715456248564,0.3718552901633677,0.057236478846383484
commons-collections,MASZZ,202,0.95,0.25,-0.0029444824262781647,0.3844074963090612,0.057236478846383484
commons-collections,MASZZ,202,0.99,0.0,-0.019739420549489517,0.3805266992830254,0.07246602686260621
commons-collections,MASZZ,202,0.99,0.05,-0.015300666780209053,0.4005197302499743,0.07246602686260621
commons-collections,MASZZ,202,0.99,0.1,-0.011568563568637861,0.42273014795426894,0.07246602686260621
commons-collections,MASZZ,202,0.99,0.25,-0.013569361146119006,0.4527922531866248,0.07246602686260621
commons-collections,MASZZ,202,0.995,0.0,-0.027796777274183292,0.3759269673762681,0.051905839803255555
commons-collections,MASZZ,202,0.995,0.05,-0.023567526100463455,0.3956783265167072,0.051905839803255555
commons-collections,MASZZ,202,0.995,0.1,-0.019648743395367003,0.41762026905968114,0.051905839803255555
commons-collections,MASZZ,202,0.995,0.25,-0.01893249029948533,0.45181464864725607,0.051905839803255555
commons-collections,MASZZ,202,0.999,0.0,-0.0487890996508436,0.34395785029312714,0.012350176653711131
commons-collections,MASZZ,202,0.999,0.05,-0.045496898737676615,0.3620295387323157,0.012350176653711131
commons-collections,MASZZ,202,0.999,0.1,-0.04230689855398366,0.38210552168456474,0.012350176653711131
commons-collections,MASZZ,202,0.999,0.25,-0.04082053580933772,0.4177602702792576,0.012350176653711131
commons-collections,MASZZ,314,0.9,0.0,0.004604241443761259,0.28749353592971894,4.9585691951582655e-05
commons-collections,MASZZ,314,0.9,0.05,0.007386852381794895,0.3025985658197908,4.9585691951582655e-05
commons-collections,MASZZ,314,0.9,0.1,0.007886627412120326,0.31937886410717703,4.9585691951582655e-05
commons-collections,MASZZ,314,0.9,0.25,0.011788692495735104,0.38172599310388494,4.9585691951582655e-05
commons-collections,MASZZ,314,0.95,0.0,-0.0037476455422689806,0.30861912545330933,0.009585269931265288
commons-collections,MASZZ,314,0.95,0.05,-8.625639582364417e-05,0.32483410259895085,0.009585269931265288
commons-collections,MASZZ,314,0.95,0.1,0.0009830765058228574,0.34284745015318885,0.009585269931265288
commons-collections,MASZZ,314,0.95,0.25,0.005863808028764119,0.4098613150737174,0.009585269931265288
commons-collections,MASZZ,314,0.99,0.0,-0.020528532023763875,0.3536736601036809,0.019616373541949277
commons-collections,MASZZ,314,0.99,0.05,-0.0160857030614844,0.3722558212292208,0.019616373541949277
commons-collections,MASZZ,314,0.99,0.1,-0.011869038030618752,0.39289889236380887,0.019616373541949277
commons-collections,MASZZ,314,0.99,0.25,-0.001679530403476058,0.47004179829101084,0.019616373541949277
commons-collections,MASZZ,314,0.995,0.0,-0.026986513358500695,0.35131166452827295,0.014233087564578256
commons-collections,MASZZ,314,0.995,0.05,-0.022672161279383325,0.3697697254243889,0.014233087564578256
commons-collections,MASZZ,314,0.995,0.1,-0.018188838592615865,0.3902749326234257,0.014233087564578256
commons-collections,MASZZ,314,0.995,0.25,-0.006813307924450944,0.46706314157776574,0.014233087564578256
commons-collections,MASZZ,314,0.999,0.0,-0.04490420201013056,0.32536393460533475,0.005332393496245722
commons-collections,MASZZ,314,0.999,0.05,-0.04136813658947335,0.34245869098471443,0.005332393496245722
commons-collections,MASZZ,314,0.999,0.1,-0.03746024149792381,0.3614493923129343,0.005332393496245722
commons-collections,MASZZ,314,0.999,0.25,-0.02757198388222035,0.43272185091075244,0.005332393496245722
commons-collections,MASZZ,999,0.9,0.0,0.010649357502253733,0.3281419771546289,0.006766751816668235
commons-collections,MASZZ,999,0.9,0.05,0.013746191571766273,0.3453826930443929,0.006766751816668235
commons-collections,MASZZ,999,0.9,0.1,0.014573887073228764,0.36453554195788457,0.006766751816668235
commons-collections,MASZZ,999,0.9,0.25,0.021155973417639813,0.43587521707076693,0.006766751816668235
commons-collections,MASZZ,999,0.95,0.0,0.004395857763205981,0.34650441049389363,0.03809626049930828
commons-collections,MASZZ,999,0.95,0.05,0.008475623953716479,0.36470989626464667,0.03809626049930828
commons-collections,MASZZ,999,0.95,0.1,0.009810803232738884,0.3849345157406265,0.03809626049930828
commons-collections,MASZZ,999,0.95,0.25,0.017476495899514832,0.4602709450018246,0.03809626049930828
commons-collections,MASZZ,999,0.99,0.0,-0.01427531568898675,0.36866393470134345,0.041515504137344346
commons-collections,MASZZ,999,0.99,0.05,-0.00951145427599938,0.38803369108576735,0.041515504137344346
commons-collections,MASZZ,999,0.99,0.1,-0.005423328932050516,0.40955170808077335,0.041515504137344346
commons-collections,MASZZ,999,0.99,0.25,0.005819252021724507,0.48996887832111147,0.041515504137344346
commons-collections,MASZZ,999,0.995,0.0,-0.023089135865475972,0.35858502671637155,0.03836334036366901
commons-collections,MASZZ,999,0.995,0.05,-0.01857667664451548,0.37742523308541875,0.03836334036366901
commons-collections,MASZZ,999,0.995,0.1,-0.014334745479774057,0.39835496874097825,0.03836334036366901
commons-collections,MASZZ,999,0.995,0.25,-0.002857957164052348,0.4767220351340611,0.03836334036366901
commons-collections,MASZZ,999,0.999,0.0,-0.04462232444190911,0.3253760834070785,0.018067968361412542
commons-collections,MASZZ,999,0.999,0.05,-0.041077409521026634,0.3424714780895521,0.018067968361412542
commons-collections,MASZZ,999,0.999,0.1,-0.037587382401911874,0.36146288851377467,0.018067968361412542
commons-collections,MASZZ,999,0.999,0.25,-0.028729422310344203,0.4327117430970029,0.018067968361412542
commons-collections,LSZZ,7,0.9,0.0,0.07766640870001429,0.474471512074629,0.018430391701328628
commons-collections,LSZZ,7,0.9,0.05,0.0842355935761916,0.49940044255891947,0.018430391701328628
commons-collections,LSZZ,7,0.9,0.1,0.08901107371764423,0.5270941904400052,0.018430391701328628
commons-collections,LSZZ,7,0.9,0.25,0.10417535325632474,0.5786130652081426,0.018430391701328628
commons-collections,LSZZ,7,0.95,0.0,0.08191848295959174,0.485377167340549,0.10080459976041914
commons-collections,LSZZ,7,0.95,0.05,0.08988096147024176,0.5108790854860397,0.10080459976041914
commons-collections,LSZZ,7,0.95,0.1,0.09589779858845451,0.5392093699340772,0.10080459976041914
commons-collections,LSZZ,7,0.95,0.25,0.11117968232912959,0.593683161742671,0.10080459976041914
commons-collections,LSZZ,7,0.99,0.0,0.07188330823961867,0.5057874589891104,0.17082356313148578
commons-collections,LSZZ,7,0.99,0.05,0.080841096824755,0.5323617423424644,0.17082356313148578
commons-collections,LSZZ,7,0.99,0.1,0.09003271875951957,0.5618833258605412,0.17082356313148578
commons-collections,LSZZ,7,0.99,0.25,0.10771198747450127,0.622069122519013,0.17082356313148578
commons-collections,LSZZ,7,0.995,0.0,0.061190654997757964,0.4997864129157651,0.1560666685029072
commons-collections,LSZZ,7,0.995,0.05,0.06979528616586826,0.5260453988137643,0.1560666685029072
commons-collections,LSZZ,7,0.995,0.1,0.0789671041002519,0.5552167158716879,0.1560666685029072
commons-collections,LSZZ,7,0.995,0.25,0.09820156032680392,0.6168226946338945,0.1560666685029072
commons-collections,LSZZ,7,0.999,0.0,0.0290036939982425,0.46457333010127866,0.11164090968900259
commons-collections,LSZZ,7,0.999,0.05,0.03608248597925081,0.48898220598997166,0.11164090968900259
commons-collections,LSZZ,7,0.999,0.1,0.043820042442553206,0.516098221069245,0.11164090968900259
commons-collections,LSZZ,7,0.999,0.25,0.061011940262051714,0.5771981225246625,0.11164090968900259
commons-collections,LSZZ,13,0.9,0.0,0.0823831403596365,0.4794864507397108,0.018430397625743732
commons-collections,LSZZ,13,0.9,0.05,0.08921307345135218,0.5046788681861969,0.018430397625743732
commons-collections,LSZZ,13,0.9,0.1,0.09433655230017879,0.5326653258369852,0.018430397625743732
commons-collections,LSZZ,13,0.9,0.25,0.11076803613684906,0.5838065231770765,0.018430397625743732
commons-collections,LSZZ,13,0.95,0.0,0.08611818165235022,0.48996291433561345,0.10082461763215231
commons-collections,LSZZ,13,0.95,0.05,0.0943385905816547,0.5157057695345401,0.10082461763215231
commons-collections,LSZZ,13,0.95,0.1,0.1012366613397077,0.5443037128786249,0.10082461763215231
commons-collections,LSZZ,13,0.95,0.25,0.1176443541782584,0.5986779996737397,0.10082461763215231
commons-collections,LSZZ,13,0.99,0.0,0.07511393642616145,0.5089749298399088,0.17336212648617674
commons-collections,LSZZ,13,0.99,0.05,0.08432473885673669,0.5357166842368094,0.17336212648617674
commons-collections,LSZZ,13,0.99,0.1,0.0945084200778215,0.565424312674073,0.17336212648617674
commons-collections,LSZZ,13,0.99,0.25,0.11334887337984224,0.626348104701039,0.17336212648617674
commons-collections,LSZZ,13,0.995,0.0,0.06330338599240634,0.5020275527655844,0.15983680001095518
commons-collections,LSZZ,13,0.995,0.05,0.07210803992811037,0.5284042890829448,0.15983680001095518
commons-collections,LSZZ,13,0.995,0.1,0.08210580667512106,0.557706416021731,0.15983680001095518
commons-collections,LSZZ,13,0.995,0.25,0.10253833883289606,0.6204747514381237,0.15983680001095518
commons-collections,LSZZ,13,0.999,0.0,0.02806125254158916,0.46345109356085445,0.11482053968989897
commons-collections,LSZZ,13,0.999,0.05,0.03518364457414235,0.487801006675195,0.11482053968989897
commons-collections,LSZZ,13,0.999,0.1,0.04348120034438856,0.5148515195377439,0.11482053968989897
commons-collections,LSZZ,13,0.999,0.25,0.06151160379597621,0.5767984078620412,0.11482053968989897
commons-collections,LSZZ,21,0.9,0.0,0.08468118749438708,0.47990951409472404,0.01848084361940568
commons-collections,LSZZ,21,0.9,0.05,0.09161893176449507,0.5051241594657517,0.01848084361940568
commons-collections,LSZZ,21,0.9,0.1,0.09680439876869255,0.5331353102953577,0.01848084361940568
commons-collections,LSZZ,21,0.9,0.25,0.11380149111813935,0.5867127510650176,0.01848084361940568
commons-collections,LSZZ,21,0.95,0.0,0.0889099720008702,0.49105079509331506,0.10230333782910139
commons-collections,LSZZ,21,0.95,0.05,0.09723978625214166,0.516850807999488,0.10230333782910139
commons-collections,LSZZ,21,0.95,0.1,0.10367208595468055,0.5455122482968393,0.10230333782910139
commons-collections,LSZZ,21,0.95,0.25,0.12076007646138427,0.602298520974249,0.10230333782910139
commons-collections,LSZZ,21,0.99,0.0,0.07817880059833611,0.5114417322566929,0.1762345941707697
commons-collections,LSZZ,21,0.99,0.05,0.0874673569690633,0.5383130934780317,0.1762345941707697
commons-collections,LSZZ,21,0.99,0.1,0.0970371628768725,0.5681647031712073,0.1762345941707697
commons-collections,LSZZ,21,0.99,0.25,0.11597344934714504,0.6299301212935109,0.1762345941707697
commons-collections,LSZZ,21,0.995,0.0,0.0667312938990813,0.5057011020624104,0.16134110909662275
commons-collections,LSZZ,21,0.995,0.05,0.07562703253833504,0.5322708481869366,0.16134110909662275
commons-collections,LSZZ,21,0.995,0.1,0.08513478671141331,0.5617873912612884,0.16134110909662275
commons-collections,LSZZ,21,0.995,0.25,0.1053384612150465,0.6245822743729114,0.16134110909662275
commons-collections,LSZZ,21,0.999,0.0,0.03269386165497065,0.47022459451428994,0.11730656761439055
commons-collections,LSZZ,21,0.999,0.05,0.03996653657868234,0.4949303901844979,0.11730656761439055
commons-collections,LSZZ,21,0.999,0.1,0.04793334298843417,0.5223762558193483,0.11730656761439055
commons-collections,LSZZ,21,0.999,0.25,0.06561883363461635,0.5844001351591299,0.11730656761439055
commons-collections,LSZZ,42,0.9,0.0,0.07306069681638491,0.44647618588919524,0.018430400550952384
commons-collections,LSZZ,42,0.9,0.05,0.07934335056024823,0.4699342302979232,0.018430400550952384
commons-collections,LSZZ,42,0.9,0.1,0.08383062578812636,0.4959939590956752,0.018430400550952384
commons-collections,LSZZ,42,0.9,0.25,0.09621638698043532,0.5338719363815345,0.018430400550952384
commons-collections,LSZZ,42,0.95,0.0,0.07705568676473866,0.45933424518783716,0.10083298967885648
commons-collections,LSZZ,42,0.95,0.05,0.08467222403490834,0.48346785737726744,0.10083298967885648
commons-collections,LSZZ,42,0.95,0.1,0.09029981143851964,0.5102780798156168,0.10083298967885648
commons-collections,LSZZ,42,0.95,0.25,0.10278936528167588,0.551286910829951,0.10083298967885648
commons-collections,LSZZ,42,0.99,0.0,0.06799124137708602,0.49443585047153704,0.17238976362510836
commons-collections,LSZZ,42,0.99,0.05,0.0766420924270647,0.5204137155944641,0.17238976362510836
commons-collections,LSZZ,42,0.99,0.1,0.08527064813153636,0.5492727333391908,0.17238976362510836
commons-collections,LSZZ,42,0.99,0.25,0.09994250050788438,0.5996232002502982,0.17238976362510836
commons-collections,LSZZ,42,0.995,0.0,0.05924991048512445,0.4956488445423066,0.15628435969950913
commons-collections,LSZZ,42,0.995,0.05,0.0676533656861142,0.5216904408779589,0.15628435969950913
commons-collections,LSZZ,42,0.995,0.1,0.07636481926896448,0.5506202581356643,0.15628435969950913
commons-collections,LSZZ,42,0.995,0.25,0.09288790996673087,0.6048915718163752,0.15628435969950913
commons-collections,LSZZ,42,0.999,0.0,0.030647229474053746,0.4688032736477306,0.11252145755880485
commons-collections,LSZZ,42,0.999,0.05,0.037716612601459726,0.4934343925287602,0.11252145755880485
commons-collections,LSZZ,42,0.999,0.1,0.045202761312468254,0.5207972991223722,0.11252145755880485
commons-collections,LSZZ,42,0.999,0.25,0.06041327680936145,0.5781000792868998,0.11252145755880485
commons-collections,LSZZ,77,0.9,0.0,0.056327882495581565,0.38377587438391597,0.012679010565885572
commons-collections,LSZZ,77,0.9,0.05,0.06180406936920749,0.4039396183613619,0.012679010565885572
commons-collections,LSZZ,77,0.9,0.1,0.06535576164401888,0.42633968251180915,0.012679010565885572
commons-collections,LSZZ,77,0.9,0.25,0.08235961915782403,0.51142062792535,0.012679010565885572
commons-collections,LSZZ,77,0.95,0.0,0.053905040549207195,0.3888326630678434,0.06340463936221384
commons-collections,LSZZ,77,0.95,0.05,0.06047547040875182,0.40926209282487214,0.06340463936221384
commons-collections,LSZZ,77,0.95,0.1,0.0651541030603597,0.4319573094288108,0.06340463936221384
commons-collections,LSZZ,77,0.95,0.25,0.08427389055438217,0.5181593163542971,0.06340463936221384
commons-collections,LSZZ,77,0.99,0.0,0.035477982819055925,0.4076752247715296,0.08278765675527602
commons-collections,LSZZ,77,0.99,0.05,0.04266908455902701,0.4290946505534056,0.08278765675527602
commons-collections,LSZZ,77,0.99,0.1,0.05035068693086359,0.4528896616444233,0.08278765675527602
commons-collections,LSZZ,77,0.99,0.25,0.07277658965246274,0.5432689581567972,0.08278765675527602
commons-collections,LSZZ,77,0.995,0.0,0.027679431675198613,0.40842288718689423,0.07798089145603966
commons-collections,LSZZ,77,0.995,0.05,0.03467517140341734,0.4298815954628799,0.07798089145603966
commons-collections,LSZZ,77,0.995,0.1,0.04246369827723422,0.4537202457901938,0.07798089145603966
commons-collections,LSZZ,77,0.995,0.25,0.06539036718347217,0.5442652948404298,0.07798089145603966
commons-collections,LSZZ,77,0.999,0.0,0.0007056823524270485,0.3821313347223744,0.06815102463600253
commons-collections,LSZZ,77,0.999,0.05,0.006452963472198881,0.40220867390236054,0.06815102463600253
commons-collections,LSZZ,77,0.999,0.1,0.013068939756537865,0.42451275027354574,0.06815102463600253
commons-collections,LSZZ,77,0.999,0.25,0.032296490361337325,0.5092291105255032,0.06815102463600253
commons-collections,LSZZ,101,0.9,0.0,0.06639454737168027,0.425488413953968,0.011888491978715207
commons-collections,LSZZ,101,0.9,0.05,0.07237096345499673,0.4478437521005102,0.011888491978715207
commons-collections,LSZZ,101,0.9,0.1,0.0765326896502283,0.4726784757087651,0.011888491978715207
commons-collections,LSZZ,101,0.9,0.25,0.09561789882612125,0.5670068557295933,0.011888491978715207
commons-collections,LSZZ,101,0.95,0.0,0.06600550891610751,0.4300423224050593,0.05939034627678616
commons-collections,LSZZ,101,0.95,0.05,0.0731484174482313,0.4526369247947015,0.05939034627678616
commons-collections,LSZZ,101,0.95,0.1,0.07862641333567359,0.4777374489606478,0.05939034627678616
commons-collections,LSZZ,101,0.95,0.25,0.10030390068580626,0.573075404783935,0.05939034627678616
commons-collections,LSZZ,101,0.99,0.0,0.04857389747038164,0.4300426717540714,0.09506538756465774
commons-collections,LSZZ,101,0.99,0.05,0.05635300321120175,0.452637292498656,0.09506538756465774
commons-collections,LSZZ,101,0.99,0.1,0.06483297258567292,0.4777378370552541,0.09506538756465774
commons-collections,LSZZ,101,0.99,0.25,0.09018747824317382,0.5730758703272456,0.09506538756465774
commons-collections,LSZZ,101,0.995,0.0,0.038546140731436494,0.42340881777456457,0.10185160609222936
commons-collections,LSZZ,101,0.995,0.05,0.04600985310433909,0.44565489307334366,0.10185160609222936
commons-collections,LSZZ,101,0.995,0.1,0.054439320084125754,0.47036823571178016,0.10185160609222936
commons-collections,LSZZ,101,0.995,0.25,0.0798432956225271,0.5642355809963677,0.10185160609222936
commons-collections,LSZZ,101,0.999,0.0,0.007288495280076065,0.39080759945681104,0.08753818612954145
commons-collections,LSZZ,101,0.999,0.05,0.013276988219348158,0.41134079319270583,0.08753818612954145
commons-collections,LSZZ,101,0.999,0.1,0.020260661825820696,0.4341512820291082,0.08753818612954145
commons-collections,LSZZ,101,0.999,0.25,0.041017497932272474,0.5207911212059697,0.08753818612954145
commons-collections,LSZZ,123,0.9,0.0,0.07134112752761955,0.47748214489699947,0.010383418763945216
commons-collections,LSZZ,123,0.9,0.05,0.07752183032289078,0.5025692552813107,0.010383418763945216
commons-collections,LSZZ,123,0.9,0.1,0.08188798131632187,0.5304387264760697,0.010383418763945216
commons-collections,LSZZ,123,0.9,0.25,0.09178089169330977,0.5718696554023119,0.010383418763945216
commons-collections,LSZZ,123,0.95,0.0,0.07446979377041114,0.49390196442637985,0.06131132886467552
commons-collections,LSZZ,123,0.95,0.05,0.08192458115881456,0.5198517789545557,0.06131132886467552
commons-collections,LSZZ,123,0.95,0.1,0.08721616724837557,0.5486796350696467,0.06131132886467552
commons-collections,LSZZ,123,0.95,0.25,0.09733041841764413,0.5936460605265866,0.06131132886467552
commons-collections,LSZZ,123,0.99,0.0,0.06992620347438695,0.5190858195712523,0.06812484930519211
commons-collections,LSZZ,123,0.99,0.05,0.0786522968126066,0.546358804317779,0.06812484930519211
commons-collections,LSZZ,123,0.99,0.1,0.08688170947743123,0.5766565807912206,0.06812484930519211
commons-collections,LSZZ,123,0.99,0.25,0.10131500003232805,0.6288917264981916,0.06812484930519211
commons-collections,LSZZ,123,0.995,0.0,0.06567604482589184,0.5208857259400026,0.05572250591712245
commons-collections,LSZZ,123,0.995,0.05,0.07439226452852496,0.5482532785153723,0.05572250591712245
commons-collections,LSZZ,123,0.995,0.1,0.08297537340145349,0.5786561111448049,0.05572250591712245
commons-collections,LSZZ,123,0.995,0.25,0.10067384640129144,0.6362503258978116,0.05572250591712245
commons-collections,LSZZ,123,0.999,0.0,0.046654519801334976,0.5042668990551477,0.07749928278735148
commons-collections,LSZZ,123,0.999,0.05,0.05454153409229478,0.5307612915574678,0.07749928278735148
commons-collections,LSZZ,123,0.999,0.1,0.06248309181199404,0.5601941236913676,0.07749928278735148
commons-collections,LSZZ,123,0.999,0.25,0.08121832265887201,0.6242137323983115,0.07749928278735148
commons-collections,LSZZ,202,0.9,0.0,0.07732987328537312,0.48416389938940696,0.02023736490586534
commons-collections,LSZZ,202,0.9,0.05,0.08389871469100023,0.5096020719323838,0.02023736490586534
commons-collections,LSZZ,202,0.9,0.1,0.08865509178136473,0.5378615408817117,0.02023736490586534
commons-collections,LSZZ,202,0.9,0.25,0.10423533295939313,0.5931002064174914,0.02023736490586534
commons-collections,LSZZ,202,0.95,0.0,0.08212748743132466,0.48945755225345033,0.11143110129837382
commons-collections,LSZZ,202,0.95,0.05,0.09014641594839015,0.5151738555184988,0.11143110129837382
commons-collections,LSZZ,202,0.95,0.1,0.09616098159764884,0.543742302107276,0.11143110129837382
commons-collections,LSZZ,202,0.95,0.25,0.11197719659652274,0.6010669839477333,0.11143110129837382
commons-collections,LSZZ,202,0.99,0.0,0.07156599187071419,0.5046580113756948,0.15322215932440417
commons-collections,LSZZ,202,0.99,0.05,0.0805736719817789,0.5311729530819236,0.15322215932440417
commons-collections,LSZZ,202,0.99,0.1,0.08972952748682476,0.5606286134904885,0.15322215932440417
commons-collections,LSZZ,202,0.99,0.25,0.10830868184557306,0.6233526584513668,0.15322215932440417
commons-collections,LSZZ,202,0.995,0.0,0.06105221582967344,0.49801165299166467,0.13620697146641422
commons-collections,LSZZ,202,0.995,0.05,0.06971634637784446,0.5241773922654761,0.13620697146641422
commons-collections,LSZZ,202,0.995,0.1,0.0788850059509656,0.5532451209042076,0.13620697146641422
commons-collections,LSZZ,202,0.995,0.25,0.09918360155218157,0.6170865143696392,0.13620697146641422
commons-collections,LSZZ,202,0.999,0.0,0.02823640328108971,0.4612307872583652,0.10547781291436084
commons-collections,LSZZ,202,0.999,0.05,0.03534121484828578,0.4854640445565818,0.10547781291436084
commons-collections,LSZZ,202,0.999,0.1,0.04305918561360968,0.5123849635417427,0.10547781291436084
commons-collections,LSZZ,202,0.999,0.25,0.06123778958286802,0.5747712987170627,0.10547781291436084
commons-collections,LSZZ,314,0.9,0.0,0.059435846677439313,0.4129877981309251,0.01211777193183873
commons-collections,LSZZ,314,0.9,0.05,0.06502060424980395,0.4346863487255637,0.01211777193183873
commons-collections,LSZZ,314,0.9,0.1,0.0687376188161583,0.4587914417993153,0.01211777193183873
commons-collections,LSZZ,314,0.9,0.25,0.08584959515799902,0.5503485058425998,0.01211777193183873
commons-collections,LSZZ,314,0.95,0.0,0.05749886810420422,0.41798351169912146,0.06655308647810812
commons-collections,LSZZ,314,0.95,0.05,0.064136993796497,0.4399445391613731,0.06655308647810812
commons-collections,LSZZ,314,0.95,0.1,0.0688908999262649,0.46434121988269256,0.06655308647810812
commons-collections,LSZZ,314,0.95,0.25,0.08817862045746695,0.5570058054294579,0.06655308647810812
commons-collections,LSZZ,314,0.99,0.0,0.037936024054046266,0.41715253873866215,0.11177493458276468
commons-collections,LSZZ,314,0.99,0.05,0.045064778983290976,0.43906990653613226,0.11177493458276468
commons-collections,LSZZ,314,0.99,0.1,0.05257325579175153,0.46341808538731327,0.11177493458276468
commons-collections,LSZZ,314,0.99,0.25,0.07508784422330196,0.5558984489185534,0.11177493458276468
commons-collections,LSZZ,314,0.995,0.0,0.028706965754876253,0.4117836153166076,0.10164558497838451
commons-collections,LSZZ,314,0.995,0.05,0.035559839473479946,0.43341889764559793,0.10164558497838451
commons-collections,LSZZ,314,0.995,0.1,0.043081010365034464,0.4574537054979742,0.10164558497838451
commons-collections,LSZZ,314,0.995,0.25,0.06577983117328659,0.5487438090074384,0.10164558497838451
commons-collections,LSZZ,314,0.999,0.0,0.001570128269606786,0.38229115763851285,0.07770270024263999
commons-collections,LSZZ,314,0.999,0.05,0.007162961945028009,0.402376893980952,0.07770270024263999
commons-collections,LSZZ,314,0.999,0.1,0.013495558380289588,0.4246902988269402,0.07770270024263999
commons-collections,LSZZ,314,0.999,0.25,0.032380395032965595,0.5094420909174041,0.07770270024263999
commons-collections,LSZZ,999,0.9,0.0,0.06363354241296129,0.4267333128559652,0.010387585041577916
commons-collections,LSZZ,999,0.9,0.05,0.06945926754683321,0.4491540585083283,0.010387585041577916
commons-collections,LSZZ,999,0.9,0.1,0.07339846237998915,0.47406144383694365,0.010387585041577916
commons-collections,LSZZ,999,0.9,0.25,0.08368029708212144,0.5068192990653839,0.010387585041577916
commons-collections,LSZZ,999,0.95,0.0,0.06401878968231663,0.4415083138084324,0.06187005371935746
commons-collections,LSZZ,999,0.95,0.05,0.07104895994304748,0.46470534415287085,0.06187005371935746
commons-collections,LSZZ,999,0.95,0.1,0.07594664513688172,0.4904751103429447,0.06187005371935746
commons-collections,LSZZ,999,0.95,0.25,0.08552842956838792,0.5271017559234518,0.06187005371935746
commons-collections,LSZZ,999,0.99,0.0,0.05710345868553915,0.4821584480978204,0.0880902750068622
commons-collections,LSZZ,999,0.99,0.05,0.06533490898669818,0.5074912533962623,0.0880902750068622
commons-collections,LSZZ,999,0.99,0.1,0.07351162227279609,0.5356336690324963,0.0880902750068622
commons-collections,LSZZ,999,0.99,0.25,0.08597305902017488,0.5835231214263501,0.0880902750068622
commons-collections,LSZZ,999,0.995,0.0,0.0518925832407831,0.4874784151262985,0.07850380746808794
commons-collections,LSZZ,999,0.995,0.05,0.060064261856615855,0.5130907337039504,0.07850380746808794
commons-collections,LSZZ,999,0.995,0.1,0.06855459708789788,0.5415436628733956,0.07850380746808794
commons-collections,LSZZ,999,0.995,0.25,0.08374473571185148,0.5944287990108931,0.07850380746808794
commons-collections,LSZZ,999,0.999,0.0,0.029552650944193043,0.4681785320327141,0.08111228796775778
commons-collections,LSZZ,999,0.999,0.05,0.03671970543297903,0.492776826729583,0.08111228796775778
commons-collections,LSZZ,999,0.999,0.1,0.04436789519843664,0.5201032686749774,0.08111228796775778
commons-collections,LSZZ,999,0.999,0.25,0.05974046921199297,0.5777734140475357,0.08111228796775778
commons-collections,RSZZ,7,0.9,0.0,0.02102785135700963,0.3918662166082757,0.009383043506342633
commons-collections,RSZZ,7,0.9,0.05,0.02468532740038319,0.41245503052938026,0.009383043506342633
commons-collections,RSZZ,7,0.9,0.1,0.026143467236427916,0.43532730827354454,0.009383043506342633
commons-collections,RSZZ,7,0.9,0.25,0.028385082984104297,0.4652682323984837,0.009383043506342633
commons-collections,RSZZ,7,0.95,0.0,0.02390887072338105,0.40723760629458367,0.05168222755035043
commons-collections,RSZZ,7,0.95,0.05,0.029055076573927165,0.42863403941976097,0.05168222755035043
commons-collections,RSZZ,7,0.95,0.1,0.03177471285052912,0.4524035077849031,0.05168222755035043
commons-collections,RSZZ,7,0.95,0.25,0.03354500392383791,0.48622503052520083,0.05168222755035043
commons-collections,RSZZ,7,0.99,0.0,0.01588864878118571,0.43631370590532476,0.024031817659372193
commons-collections,RSZZ,7,0.99,0.05,0.022282887899677296,0.45923780939111253,0.024031817659372193
commons-collections,RSZZ,7,0.99,0.1,0.028746275483255677,0.4847043789551535,0.024031817659372193
commons-collections,RSZZ,7,0.99,0.25,0.03466511471000783,0.5291556148645756,0.024031817659372193
commons-collections,RSZZ,7,0.995,0.0,0.011127635723273908,0.43662408393497465,0.011931805270038684
commons-collections,RSZZ,7,0.995,0.05,0.017481961657857963,0.45956449481146583,0.011931805270038684
commons-collections,RSZZ,7,0.995,0.1,0.024312302574772234,0.48504918038601996,0.011931805270038684
commons-collections,RSZZ,7,0.995,0.25,0.0337434822742163,0.5337780179110759,0.011931805270038684
commons-collections,RSZZ,7,0.999,0.0,-0.0023538397140120603,0.4176785571374458,0.01878379267516078
commons-collections,RSZZ,7,0.999,0.05,0.0034546110500422835,0.43962356216025616,0.01878379267516078
commons-collections,RSZZ,7,0.999,0.1,0.00996662555579198,0.4640024434256939,0.01878379267516078
commons-collections,RSZZ,7,0.999,0.25,0.022095902019755174,0.5166162975552051,0.01878379267516078
commons-collections,RSZZ,13,0.9,0.0,0.012887931856304493,0.2898400732459626,0.009706822552114266
commons-collections,RSZZ,13,0.9,0.05,0.01630354783808594,0.3050683911820957,0.009706822552114266
commons-collections,RSZZ,13,0.9,0.1,0.017408148393255947,0.32198565114405225,0.009706822552114266
commons-collections,RSZZ,13,0.9,0.25,0.025007666675677553,0.3847948647128263,0.009706822552114266
commons-collections,RSZZ,13,0.95,0.0,0.01067320329332937,0.31864166452016873,0.05893282956493017
commons-collections,RSZZ,13,0.95,0.05,0.015521523528187822,0.3353832300347965,0.05893282956493017
commons-collections,RSZZ,13,0.95,0.1,0.018342207193032513,0.3539815688118632,0.05893282956493017
commons-collections,RSZZ,13,0.95,0.25,0.02815099942419326,0.4231825829746903,0.05893282956493017
commons-collections,RSZZ,13,0.99,0.0,-0.0016226763822755846,0.3795371924421911,0.06495765106620047
commons-collections,RSZZ,13,0.99,0.05,0.004280287819523596,0.3994782343083801,0.06495765106620047
commons-collections,RSZZ,13,0.99,0.1,0.011306692804085292,0.42163089690561506,0.06495765106620047
commons-collections,RSZZ,13,0.99,0.25,0.026117518241350432,0.5045132473003364,0.06495765106620047
commons-collections,RSZZ,13,0.995,0.0,-0.008013807346223107,0.38496151669333156,0.04657432514899126
commons-collections,RSZZ,13,0.995,0.05,-0.002253295199803523,0.4051875548105909,0.04657432514899126
commons-collections,RSZZ,13,0.995,0.1,0.004985306866607736,0.42765682201824706,0.04657432514899126
commons-collections,RSZZ,13,0.995,0.25,0.021168954091954423,0.5119079726367954,0.04657432514899126
commons-collections,RSZZ,13,0.999,0.0,-0.026512372142498773,0.36385571324038585,0.022633613530008753
commons-collections,RSZZ,13,0.999,0.05,-0.02157771838457578,0.3829728436704523,0.022633613530008753
commons-collections,RSZZ,13,0.999,0.1,-0.0150224734115212,0.4042102164760655,0.022633613530008753
commons-collections,RSZZ,13,0.999,0.25,0.00010350145177600191,0.4840256328554059,0.022633613530008753
commons-collections,RSZZ,21,0.9,0.0,0.026859569921849406,0.33678076750312763,0.009632325212375796
commons-collections,RSZZ,21,0.9,0.05,0.030974679740201513,0.3544753690289848,0.009632325212375796
commons-collections,RSZZ,21,0.9,0.1,0.03287742412195818,0.3741324431189529,0.009632325212375796
commons-collections,RSZZ,21,0.9,0.25,0.03523221709689639,0.390170003619184,0.009632325212375796
commons-collections,RSZZ,21,0.95,0.0,0.026215824629235555,0.35739090903763193,0.05946366830839283
commons-collections,RSZZ,21,0.95,0.05,0.03180071979275841,0.37616837596743824,0.05946366830839283
commons-collections,RSZZ,21,0.95,0.1,0.03534329815105067,0.39702841387909993,0.05946366830839283
commons-collections,RSZZ,21,0.95,0.25,0.037040511629668066,0.4182794673353883,0.05946366830839283
commons-collections,RSZZ,21,0.99,0.0,0.019915078161376953,0.4327014289962979,0.08332324380767292
commons-collections,RSZZ,21,0.99,0.05,0.026831339667456367,0.4554357419516461,0.08332324380767292
commons-collections,RSZZ,21,0.99,0.1,0.034861913017046456,0.4806914717003358,0.08332324380767292
commons-collections,RSZZ,21,0.99,0.25,0.04188602194503126,0.5225130640129507,0.08332324380767292
commons-collections,RSZZ,21,0.995,0.0,0.013643447472474906,0.43961238567537647,0.06981641240316111
commons-collections,RSZZ,21,0.995,0.05,0.02042212528384795,0.4627098031675585,0.06981641240316111
commons-collections,RSZZ,21,0.995,0.1,0.02868510756998933,0.4883689086448576,0.06981641240316111
commons-collections,RSZZ,21,0.995,0.25,0.03927788482301399,0.5367846195347576,0.06981641240316111
commons-collections,RSZZ,21,0.999,0.0,-0.006362668994602496,0.415128641240662,0.04073335822731122
commons-collections,RSZZ,21,0.999,0.05,-0.0004893464804039332,0.4369396726222441,0.04073335822731122
commons-collections,RSZZ,21,0.999,0.1,0.0070119745734296265,0.46116972150013824,0.04073335822731122
commons-collections,RSZZ,21,0.999,0.25,0.019375320848518812,0.513360956994658,0.04073335822731122
commons-collections,RSZZ,42,0.9,0.0,0.013875078735109715,0.3137555503905197,0.01937071778133211
commons-collections,RSZZ,42,0.9,0.05,0.017342559824264876,0.3302403974375967,0.01937071778133211
commons-collections,RSZZ,42,0.9,0.1,0.018504796904653436,0.34855354561969376,0.01937071778133211
commons-collections,RSZZ,42,0.9,0.25,0.028259704403695532,0.4166855970757821,0.01937071778133211
commons-collections,RSZZ,42,0.95,0.0,0.01307545704825627,0.3366396220884348,0.09325397658548706
commons-collections,RSZZ,42,0.95,0.05,0.018049992694026004,0.3543268077755293,0.09325397658548706
commons-collections,RSZZ,42,0.95,0.1,0.021012068716469625,0.37397564355101565,0.09325397658548706
commons-collections,RSZZ,42,0.95,0.25,0.03309813259265991,0.4471763809494885,0.09325397658548706
commons-collections,RSZZ,42,0.99,0.0,-0.0026431447729743937,0.38063761771503846,0.10640463609070629
commons-collections,RSZZ,42,0.99,0.05,0.0032062035953642825,0.40063647638251443,0.10640463609070629
commons-collections,RSZZ,42,0.99,0.1,0.010185931074518338,0.4228533681258471,0.10640463609070629
commons-collections,RSZZ,42,0.99,0.25,0.02580042445475312,0.5059913150631183,0.10640463609070629
commons-collections,RSZZ,42,0.995,0.0,-0.01111106851730652,0.3791801316932128,0.07964497792245925
commons-collections,RSZZ,42,0.995,0.05,-0.005513287760360711,0.3991024134392188,0.07964497792245925
commons-collections,RSZZ,42,0.995,0.1,0.0015555769974712813,0.42123423526918163,0.07964497792245925
commons-collections,RSZZ,42,0.995,0.25,0.017877768173803453,0.5042257096652482,0.07964497792245925
commons-collections,RSZZ,42,0.999,0.0,-0.02951157286425494,0.3550630281606083,0.0330389823685152
commons-collections,RSZZ,42,0.999,0.05,-0.024734498359033925,0.37371818726142547,0.0330389823685152
commons-collections,RSZZ,42,0.999,0.1,-0.018345726871344042,0.3944423524294875,0.0330389823685152
commons-collections,RSZZ,42,0.999,0.25,-0.003250968790421677,0.47232852939044223,0.0330389823685152
commons-collections,RSZZ,77,0.9,0.0,0.04524943077417933,0.3829815343185601,0.01893710677848481
commons-collections,RSZZ,77,0.9,0.05,0.0503054804148165,0.4031035433387616,0.01893710677848481
commons-collections,RSZZ,77,0.9,0.1,0.053247203521579904,0.4254572437920384,0.01893710677848481
commons-collections,RSZZ,77,0.9,0.25,0.06674825763903561,0.5088489199394205,0.01893710677848481
commons-collections,RSZZ,77,0.95,0.0,0.047354027985747164,0.3971978130361369,0.09978965826752532
commons-collections,RSZZ,77,0.95,0.05,0.05398984854737289,0.4180667512499293,0.09978965826752532
commons-collections,RSZZ,77,0.95,0.1,0.0586884700170241,0.4412502213070552,0.09978965826752532
commons-collections,RSZZ,77,0.95,0.25,0.07570720126279752,0.5278259037792331,0.09978965826752532
commons-collections,RSZZ,77,0.99,0.0,0.03534719140323913,0.42926081996054016,0.14813245941864342
commons-collections,RSZZ,77,0.99,0.05,0.04301550923240433,0.45181436188687335,0.14813245941864342
commons-collections,RSZZ,77,0.99,0.1,0.05177234577443009,0.47686927165634657,0.14813245941864342
commons-collections,RSZZ,77,0.99,0.25,0.07408214709526385,0.5707464942024796,0.14813245941864342
commons-collections,RSZZ,77,0.995,0.0,0.02651114842630709,0.4258572920894804,0.12525546190026335
commons-collections,RSZZ,77,0.995,0.05,0.03391196575962976,0.4482320112466067,0.12525546190026335
commons-collections,RSZZ,77,0.995,0.1,0.04274151604982198,0.47308826537423704,0.12525546190026335
commons-collections,RSZZ,77,0.995,0.25,0.06578246580776044,0.566379009588962,0.12525546190026335
commons-collections,RSZZ,77,0.999,0.0,0.0017277136923393895,0.39485892678751816,0.08257289756682544
commons-collections,RSZZ,77,0.999,0.05,0.00797667094436236,0.4156049789455229,0.08257289756682544
commons-collections,RSZZ,77,0.999,0.1,0.015763662558330546,0.4386519339022825,0.08257289756682544
commons-collections,RSZZ,77,0.999,0.25,0.03622603165992606,0.5253177290380941,0.08257289756682544
commons-collections,RSZZ,101,0.9,0.0,0.018345996612097543,0.29229787544135416,0.013617883045742867
commons-collections,RSZZ,101,0.9,0.05,0.02199950829269453,0.30765532732655226,0.013617883045742867
commons-collections,RSZZ,101,0.9,0.1,0.023347813724200098,0.3247160432233934,0.013617883045742867
commons-collections,RSZZ,101,0.9,0.25,0.03314663392820142,0.3880757238255994,0.013617883045742867
commons-collections,RSZZ,101,0.95,0.0,0.015513665265877427,0.31199375308398425,0.08208579606391371
commons-collections,RSZZ,101,0.95,0.05,0.020504608703382814,0.32838603456818904,0.08208579606391371
commons-collections,RSZZ,101,0.95,0.1,0.023149561997998534,0.34659635092754626,0.08208579606391371
commons-collections,RSZZ,101,0.95,0.25,0.03508542398253829,0.4143289352581716,0.08208579606391371
commons-collections,RSZZ,101,0.99,0.0,0.0023056280163756587,0.3801509098802424,0.0950820148950012
commons-collections,RSZZ,101,0.99,0.05,0.008279452555152191,0.4001241967157516,0.0950820148950012
commons-collections,RSZZ,101,0.99,0.1,0.014966540101315736,0.4223126805068141,0.0950820148950012
commons-collections,RSZZ,101,0.99,0.25,0.031258660196581814,0.5053624302145704,0.0950820148950012
commons-collections,RSZZ,101,0.995,0.0,-0.004196492061984887,0.38719055580746453,0.06544044577382144
commons-collections,RSZZ,101,0.995,0.05,0.0016301100679702422,0.4075337085664017,0.06544044577382144
commons-collections,RSZZ,101,0.995,0.1,0.008567103348588147,0.43013307936441675,0.06544044577382144
commons-collections,RSZZ,101,0.995,0.25,0.025875568523247447,0.5149069738280196,0.06544044577382144
commons-collections,RSZZ,101,0.999,0.0,-0.02402146330713306,0.36498800452513114,0.03102679415242406
commons-collections,RSZZ,101,0.999,0.05,-0.01908883322138153,0.38416462600999657,0.03102679415242406
commons-collections,RSZZ,101,0.999,0.1,-0.012874552959971714,0.4054680879032992,0.03102679415242406
commons-collections,RSZZ,101,0.999,0.25,0.0027196382225192655,0.4855502053551621,0.03102679415242406
commons-collections,RSZZ,123,0.9,0.0,0.015873227239059953,0.3504137222721906,0.007447027820038893
commons-collections,RSZZ,123,0.9,0.05,0.019394073764836733,0.36882460490889346,0.007447027820038893
commons-collections,RSZZ,123,0.9,0.1,0.020638810909794362,0.3892774014029272,0.007447027820038893
commons-collections,RSZZ,123,0.9,0.25,0.022357396385911936,0.4177247192671431,0.007447027820038893
commons-collections,RSZZ,123,0.95,0.0,0.017189155147874204,0.372667360596101,0.03623309514175083
commons-collections,RSZZ,123,0.95,0.05,0.02225754146150463,0.39224745864127714,0.03623309514175083
commons-collections,RSZZ,123,0.95,0.1,0.02516886831774176,0.4139991458663572,0.03623309514175083
commons-collections,RSZZ,123,0.95,0.25,0.026489665411167665,0.44740589014625715,0.03623309514175083
commons-collections,RSZZ,123,0.99,0.0,0.008658301038902786,0.4135172862630251,-0.0009999790926054999
commons-collections,RSZZ,123,0.99,0.05,0.014956821471729165,0.43524365638423484,-0.0009999790926054999
commons-collections,RSZZ,123,0.99,0.1,0.02216261251306615,0.45937965439213574,-0.0009999790926054999
commons-collections,RSZZ,123,0.99,0.25,0.027794216608618135,0.5032271054847327,-0.0009999790926054999
commons-collections,RSZZ,123,0.995,0.0,0.0032260603031806826,0.4138100768024789,-0.0048476601227516415
commons-collections,RSZZ,123,0.995,0.05,0.009434448468189707,0.4355518302603459,-0.0048476601227516415
commons-collections,RSZZ,123,0.995,0.1,0.016930988639508465,0.4597049177397435,-0.0048476601227516415
commons-collections,RSZZ,123,0.995,0.25,0.026154092070332913,0.5069694458591828,-0.0048476601227516415
commons-collections,RSZZ,123,0.999,0.0,-0.012184573406118214,0.39200494371637007,0.01082274827926077
commons-collections,RSZZ,123,0.999,0.05,-0.00663749219676266,0.41260104641740336,0.01082274827926077
commons-collections,RSZZ,123,0.999,0.1,0.0003765071512509759,0.43548142132537637,0.01082274827926077
commons-collections,RSZZ,123,0.999,0.25,0.012246761933497352,0.4852039740594899,0.01082274827926077
commons-collections,RSZZ,202,0.9,0.0,0.027361925649041614,0.29127274163447947,0.008408831709129946
commons-collections,RSZZ,202,0.9,0.05,0.03147023122580989,0.3065763325633118,0.008408831709129946
commons-collections,RSZZ,202,0.9,0.1,0.03333189717936577,0.32357721389375743,0.008408831709129946
commons-collections,RSZZ,202,0.9,0.25,0.046669814402615244,0.3881507368418538,0.008408831709129946
commons-collections,RSZZ,202,0.95,0.0,0.025940243678770746,0.31998023839641254,0.04630230822353215
commons-collections,RSZZ,202,0.95,0.05,0.03143859022669896,0.3367921331389491,0.04630230822353215
commons-collections,RSZZ,202,0.95,0.1,0.0345600725931342,0.35546860121673374,0.04630230822353215
commons-collections,RSZZ,202,0.95,0.25,0.05012054845263733,0.42640641417884495,0.04630230822353215
commons-collections,RSZZ,202,0.99,0.0,0.014014019208102264,0.37419460841550556,0.10289407241819423
commons-collections,RSZZ,202,0.99,0.05,0.02053310316354523,0.3938549486959968,0.10289407241819423
commons-collections,RSZZ,202,0.99,0.1,0.027689173830622044,0.4156957776608571,0.10289407241819423
commons-collections,RSZZ,202,0.99,0.25,0.04732040859803404,0.49865261048352816,0.10289407241819423
commons-collections,RSZZ,202,0.995,0.0,0.0055199453581720875,0.37606143659493496,0.10069253994062813
commons-collections,RSZZ,202,0.995,0.05,0.011786600951775701,0.3958198608040222,0.10069253994062813
commons-collections,RSZZ,202,0.995,0.1,0.01909223768273494,0.4177696519881575,0.10069253994062813
commons-collections,RSZZ,202,0.995,0.25,0.03905351232847318,0.5011403500822854,0.10069253994062813
commons-collections,RSZZ,202,0.999,0.0,-0.017926700646272557,0.3515695062188183,0.05594987739403364
commons-collections,RSZZ,202,0.999,0.05,-0.012743968922340938,0.37004111422454145,0.05594987739403364
commons-collections,RSZZ,202,0.999,0.1,-0.006357721474063186,0.3905613710157866,0.05594987739403364
commons-collections,RSZZ,202,0.999,0.25,0.010822343898626663,0.4685023463720072,0.05594987739403364
commons-collections,RSZZ,314,0.9,0.0,0.03467628399277459,0.3982257575515245,0.012743370046096342
commons-collections,RSZZ,314,0.9,0.05,0.0391549851854809,0.41914870439747637,0.012743370046096342
commons-collections,RSZZ,314,0.9,0.1,0.041438316577805535,0.4423921730752158,0.012743370046096342
commons-collections,RSZZ,314,0.9,0.25,0.044974214198554255,0.4705750340778458,0.012743370046096342
commons-collections,RSZZ,314,0.95,0.0,0.03607673249547077,0.40986828578221035,0.06695879519009906
commons-collections,RSZZ,314,0.95,0.05,0.04207779409832496,0.43140293590125267,0.06695879519009906
commons-collections,RSZZ,314,0.95,0.1,0.04577355751719642,0.45532595062825687,0.06695879519009906
commons-collections,RSZZ,314,0.95,0.25,0.04921417841731512,0.486983048830777,0.06695879519009906
commons-collections,RSZZ,314,0.99,0.0,0.023405040599295632,0.4402520807361511,0.03808705770005346
commons-collections,RSZZ,314,0.99,0.05,0.030400993550059246,0.4633831080727502,0.03808705770005346
commons-collections,RSZZ,314,0.99,0.1,0.038019167707212774,0.4890795509945176,0.03808705770005346
commons-collections,RSZZ,314,0.99,0.25,0.04551711492293134,0.5321477804354543,0.03808705770005346
commons-collections,RSZZ,314,0.995,0.0,0.0184948639112843,0.44080362100811543,0.017823447072311482
commons-collections,RSZZ,314,0.995,0.05,0.0254289976573764,0.4639636264998813,0.017823447072311482
commons-collections,RSZZ,314,0.995,0.1,0.033411408836854097,0.4896922614855542,0.017823447072311482
commons-collections,RSZZ,314,0.995,0.25,0.044695249726230304,0.5379663263376131,0.017823447072311482
commons-collections,RSZZ,314,0.999,0.0,0.0038363140979886666,0.42025232789426503,0.029311759689176212
commons-collections,RSZZ,314,0.999,0.05,0.010150009120930826,0.4423325599025665,0.029311759689176212
commons-collections,RSZZ,314,0.999,0.1,0.017733151510084973,0.4668616659056948,0.029311759689176212
commons-collections,RSZZ,314,0.999,0.25,0.03180848131400857,0.5197016487638391,0.029311759689176212
commons-collections,RSZZ,999,0.9,0.0,-0.009185159253157896,0.26631167338528805,-0.0005380857628024614
commons-collections,RSZZ,999,0.9,0.05,-0.006936060271943933,0.2803037994118823,-0.0005380857628024614
commons-collections,RSZZ,999,0.9,0.1,-0.007206907520078945,0.2958477639130897,-0.0005380857628024614
commons-collections,RSZZ,999,0.9,0.25,-0.0022187914350772623,0.35346167868734396,-0.0005380857628024614
commons-collections,RSZZ,999,0.95,0.0,-0.012915514719241199,0.2936585580450163,-0.0031717489760846
commons-collections,RSZZ,999,0.95,0.05,-0.00932295048365068,0.3090875007598526,-0.0031717489760846
commons-collections,RSZZ,999,0.95,0.1,-0.008439249069717788,0.3262276363900455,-0.0031717489760846
commons-collections,RSZZ,999,0.95,0.25,-0.0014198313143947915,0.3899367641359698,-0.0031717489760846
commons-collections,RSZZ,999,0.99,0.0,-0.031110731814897548,0.33619264993015724,-0.060299102033244484
commons-collections,RSZZ,999,0.99,0.05,-0.02672718449704765,0.3538563515142475,-0.060299102033244484
commons-collections,RSZZ,999,0.99,0.1,-0.022051663467182653,0.3734790986122344,-0.060299102033244484
commons-collections,RSZZ,999,0.99,0.25,-0.012211267967460587,0.4468509625322094,-0.060299102033244484
commons-collections,RSZZ,999,0.995,0.0,-0.03503850974848497,0.34158084218887363,-0.0667304104170502
commons-collections,RSZZ,999,0.995,0.05,-0.030660095624703013,0.359527641634132,-0.0667304104170502
commons-collections,RSZZ,999,0.995,0.1,-0.025540126099272545,0.37946488440604303,-0.0667304104170502
commons-collections,RSZZ,999,0.995,0.25,-0.014349154872187964,0.4541798386014482,-0.0667304104170502
commons-collections,RSZZ,999,0.999,0.0,-0.04138521181354108,0.33464201516912995,-0.03873620275351754
commons-collections,RSZZ,999,0.999,0.05,-0.03718813208817381,0.3522242457582701,-0.03873620275351754
commons-collections,RSZZ,999,0.999,0.1,-0.031965463448595695,0.3717564860775892,-0.03873620275351754
commons-collections,RSZZ,999,0.999,0.25,-0.019683956475652156,0.4451427942865392,-0.03873620275351754
commons-collections,RASZZ,7,0.9,0.0,0.005227829093199537,0.28747223019202484,0.007124999391188091
commons-collections,RASZZ,7,0.9,0.05,0.00803981380634722,0.30257614066978133,0.007124999391188091
commons-collections,RASZZ,7,0.9,0.1,0.008565455392654287,0.3193551953930904,0.007124999391188091
commons-collections,RASZZ,7,0.9,0.25,0.012592287850377507,0.38169774923849353,0.007124999391188091
commons-collections,RASZZ,7,0.95,0.0,-0.006057116208968499,0.2995859756898192,0.030221299386202726
commons-collections,RASZZ,7,0.95,0.05,-0.0025265536163032,0.3153263473917669,0.030221299386202726
commons-collections,RASZZ,7,0.95,0.1,-0.0016360075571659604,0.33281245196986,0.030221299386202726
commons-collections,RASZZ,7,0.95,0.25,0.002674231717235996,0.3978263662591152,0.030221299386202726
commons-collections,RASZZ,7,0.99,0.0,-0.027237660028337,0.3427248410454112,0.04194774997873209
commons-collections,RASZZ,7,0.99,0.05,-0.023154845575442513,0.3607317466661574,0.04194774997873209
commons-collections,RASZZ,7,0.99,0.1,-0.019433403696782325,0.3807357618682417,0.04194774997873209
commons-collections,RASZZ,7,0.99,0.25,-0.011002890293048214,0.4554494628429495,0.04194774997873209
commons-collections,RASZZ,7,0.995,0.0,-0.03544201554895418,0.33873320781232025,0.03300662056475261
commons-collections,RASZZ,7,0.995,0.05,-0.031578581761709926,0.3565303913636604,0.03300662056475261
commons-collections,RASZZ,7,0.995,0.1,-0.027696942470170977,0.3763014246446434,0.03300662056475261
commons-collections,RASZZ,7,0.995,0.25,-0.018501028566340214,0.45029511768827657,0.03300662056475261
commons-collections,RASZZ,7,0.999,0.0,-0.05651437711828492,0.3073871999981819,0.005725566356212794
commons-collections,RASZZ,7,0.999,0.05,-0.053594275588597716,0.3235374512682942,0.005725566356212794
commons-collections,RASZZ,7,0.999,0.1,-0.050472806992473855,0.34147889433070416,0.005725566356212794
commons-collections,RASZZ,7,0.999,0.25,-0.04347587876498269,0.40875896051680893,0.005725566356212794
commons-collections,RASZZ,13,0.9,0.0,-0.004090763028254037,0.2386605897341385,-0.003380041055827442
commons-collections,RASZZ,13,0.9,0.05,-0.0017683810189471547,0.2511999163310245,-0.003380041055827442
commons-collections,RASZZ,13,0.9,0.1,-0.0017857227822679512,0.2651299543481624,-0.003380041055827442
commons-collections,RASZZ,13,0.9,0.25,0.0017871249765055628,0.3180396601500983,-0.003380041055827442
commons-collections,RASZZ,13,0.95,0.0,-0.017804997795114536,0.2546559250650976,-0.024016231461799518
commons-collections,RASZZ,13,0.95,0.05,-0.014891673784631276,0.26803565322960327,-0.024016231461799518
commons-collections,RASZZ,13,0.95,0.1,-0.014686129196437582,0.28289930005708286,-0.024016231461799518
commons-collections,RASZZ,13,0.95,0.25,-0.01152646272551184,0.33935508142812343,-0.024016231461799518
commons-collections,RASZZ,13,0.99,0.0,-0.03599474806197696,0.2981111649948076,-0.04089414912334818
commons-collections,RASZZ,13,0.99,0.05,-0.032372034654729855,0.3137740495297542,-0.04089414912334818
commons-collections,RASZZ,13,0.99,0.1,-0.02915641870952685,0.3311740729954505,-0.04089414912334818
commons-collections,RASZZ,13,0.99,0.25,-0.021798939229574425,0.3972636358081391,-0.04089414912334818
commons-collections,RASZZ,13,0.995,0.0,-0.04182771461098565,0.2935973006162781,-0.024382889555573835
commons-collections,RASZZ,13,0.995,0.05,-0.038299788107023655,0.30902302484034344,-0.024382889555573835
commons-collections,RASZZ,13,0.995,0.1,-0.03478399971641314,0.32615958502344605,-0.024382889555573835
commons-collections,RASZZ,13,0.995,0.25,-0.026359801376682698,0.39124844957856353,-0.024382889555573835
commons-collections,RASZZ,13,0.999,0.0,-0.06349796753229787,0.2601573879725134,-0.009093824371663903
commons-collections,RASZZ,13,0.999,0.05,-0.06094478674607208,0.273826165285157,-0.009093824371663903
commons-collections,RASZZ,13,0.999,0.1,-0.058223020318064096,0.28901091911876414,-0.009093824371663903
commons-collections,RASZZ,13,0.999,0.25,-0.052337414312702155,0.3466863437674649,-0.009093824371663903
commons-collections,RASZZ,21,0.9,0.0,0.017289238502744646,0.3090719073268252,0.030721280471664416
commons-collections,RASZZ,21,0.9,0.05,0.02073493468025065,0.3253106738203247,0.030721280471664416
commons-collections,RASZZ,21,0.9,0.1,0.02197446487803441,0.34335044915100693,0.030721280471664416
commons-collections,RASZZ,21,0.9,0.25,0.028808246998159637,0.41043726647703205,0.030721280471664416
commons-collections,RASZZ,21,0.95,0.0,0.009760678223252089,0.3250721777802618,0.10336788136241616
commons-collections,RASZZ,21,0.95,0.05,0.014122314310912813,0.3421516051347675,0.10336788136241616
commons-collections,RASZZ,21,0.95,0.1,0.015989474962020703,0.3611252773268844,0.10336788136241616
commons-collections,RASZZ,21,0.95,0.25,0.023796659092492112,0.4317178350984816,0.10336788136241616
commons-collections,RASZZ,21,0.99,0.0,-0.016088986212246106,0.36279321803401926,0.1653759424372461
commons-collections,RASZZ,21,0.99,0.05,-0.011420415802501596,0.38185452452425933,0.1653759424372461
commons-collections,RASZZ,21,0.99,0.1,-0.006928138729430832,0.40302988206948026,0.1653759424372461
commons-collections,RASZZ,21,0.99,0.25,0.00399814295327078,0.48215376092202694,0.1653759424372461
commons-collections,RASZZ,21,0.995,0.0,-0.029781355773456863,0.35078043296651595,0.13720881038177363
commons-collections,RASZZ,21,0.995,0.05,-0.025620508568446873,0.36921058273554186,0.13720881038177363
commons-collections,RASZZ,21,0.995,0.1,-0.021291175859388767,0.3896847832406817,0.13720881038177363
commons-collections,RASZZ,21,0.995,0.25,-0.010717580489414449,0.46632810926870416,0.13720881038177363
commons-collections,RASZZ,21,0.999,0.0,-0.06008300238396204,0.30445257325217984,0.0435728831533664
commons-collections,RASZZ,21,0.999,0.05,-0.057350397909226684,0.32044863801312,0.0435728831533664
commons-collections,RASZZ,21,0.999,0.1,-0.05432568051100832,0.3382187940516294,0.0435728831533664
commons-collections,RASZZ,21,0.999,0.25,-0.04791005949863414,0.40484105943778476,0.0435728831533664
commons-collections,RASZZ,42,0.9,0.0,0.003040310504365791,0.273762753421559,-0.0032094835091092395
commons-collections,RASZZ,42,0.9,0.05,0.0057429139997363585,0.28814636229070556,-0.0032094835091092395
commons-collections,RASZZ,42,0.9,0.1,0.006135713986048111,0.3041252282068873,-0.0032094835091092395
commons-collections,RASZZ,42,0.9,0.25,0.010541705196262064,0.36349255556992366,-0.0032094835091092395
commons-collections,RASZZ,42,0.95,0.0,-0.006830610562699736,0.29779197182049943,-0.022694236553019567
commons-collections,RASZZ,42,0.95,0.05,-0.0033282603580225656,0.31343808581337784,-0.022694236553019567
commons-collections,RASZZ,42,0.95,0.1,-0.002532394836574034,0.33081947875001244,-0.022694236553019567
commons-collections,RASZZ,42,0.95,0.25,0.0024567833348328443,0.3955086275460184,-0.022694236553019567
commons-collections,RASZZ,42,0.99,0.0,-0.027837247286955597,0.34317362731483453,-0.03243247379868315
commons-collections,RASZZ,42,0.99,0.05,-0.023770993303008903,0.36120411235273864,-0.03243247379868315
commons-collections,RASZZ,42,0.99,0.1,-0.02018039922818012,0.3812343221175767,-0.03243247379868315
commons-collections,RASZZ,42,0.99,0.25,-0.011712815238201115,0.4560827740521126,-0.03243247379868315
commons-collections,RASZZ,42,0.995,0.0,-0.0363469463486698,0.337172355505112,-0.014632505951001467
commons-collections,RASZZ,42,0.995,0.05,-0.03251665181514276,0.35488753122737826,-0.014632505951001467
commons-collections,RASZZ,42,0.995,0.1,-0.028776073824476413,0.37456746135637975,-0.014632505951001467
commons-collections,RASZZ,42,0.995,0.25,-0.019840151530837572,0.448235703062231,-0.014632505951001467
commons-collections,RASZZ,42,0.999,0.0,-0.05739676346096634,0.3054845310685188,-0.008022239860390669
commons-collections,RASZZ,42,0.999,0.05,-0.0545092025771862,0.32153481532211875,-0.008022239860390669
commons-collections,RASZZ,42,0.999,0.1,-0.0515186165458235,0.33936520422785477,-0.008022239860390669
commons-collections,RASZZ,42,0.999,0.25,-0.04492756820323638,0.40623070248629883,-0.008022239860390669
commons-collections,RASZZ,77,0.9,0.0,0.01576179887560361,0.31106527193930955,0.010046348523455772
commons-collections,RASZZ,77,0.9,0.05,0.019139491576045015,0.32740877063819934,0.010046348523455772
commons-collections,RASZZ,77,0.9,0.1,0.02028979839746499,0.34556489381192035,0.010046348523455772
commons-collections,RASZZ,77,0.9,0.25,0.02721350811458584,0.4130176612833531,0.010046348523455772
commons-collections,RASZZ,77,0.95,0.0,0.0063143997317013905,0.3230276496038265,0.05398801333045119
commons-collections,RASZZ,77,0.95,0.05,0.010529326622569621,0.3399996565980229,0.05398801333045119
commons-collections,RASZZ,77,0.95,0.1,0.012184035738868967,0.3588539946543423,0.05398801333045119
commons-collections,RASZZ,77,0.95,0.25,0.01952292199692046,0.4289255737896522,0.05398801333045119
commons-collections,RASZZ,77,0.99,0.0,-0.014730978478170925,0.3597378824538161,0.08635110490404259
commons-collections,RASZZ,77,0.99,0.05,-0.00995557563416201,0.3786386603425559,0.08635110490404259
commons-collections,RASZZ,77,0.99,0.1,-0.005376338818875344,0.3996356853828804,0.08635110490404259
commons-collections,RASZZ,77,0.99,0.25,0.006086746335277469,0.4780568144604694,0.08635110490404259
commons-collections,RASZZ,77,0.995,0.0,-0.024178871555106816,0.35446514775555626,0.06756504414238178
commons-collections,RASZZ,77,0.995,0.05,-0.019690590676576143,0.3730888939713505,0.06756504414238178
commons-collections,RASZZ,77,0.995,0.1,-0.015008071654453146,0.3937781623146734,0.06756504414238178
commons-collections,RASZZ,77,0.995,0.25,-0.0029956730483981934,0.47122876870520136,0.06756504414238178
commons-collections,RASZZ,77,0.999,0.0,-0.047781075596172805,0.3210982514125117,0.024665837695634546
commons-collections,RASZZ,77,0.999,0.05,-0.04437125250582545,0.33796888702367717,0.024665837695634546
commons-collections,RASZZ,77,0.999,0.1,-0.04058821857600331,0.35671061080134603,0.024665837695634546
commons-collections,RASZZ,77,0.999,0.25,-0.031295847850310345,0.4270220110046575,0.024665837695634546
commons-collections,RASZZ,101,0.9,0.0,0.01662525555962731,0.32789750152324226,0.010321763603509228
commons-collections,RASZZ,101,0.9,0.05,0.02003016589926029,0.3451253725617036,0.010321763603509228
commons-collections,RASZZ,101,0.9,0.1,0.021203973487179565,0.3642639520273435,0.010321763603509228
commons-collections,RASZZ,101,0.9,0.25,0.028401083314068473,0.4352751440652043,0.010321763603509228
commons-collections,RASZZ,101,0.95,0.0,0.009661039711807621,0.3417930364330882,0.05783081708348671
commons-collections,RASZZ,101,0.95,0.05,0.013997478842889467,0.3597509846521477,0.05783081708348671
commons-collections,RASZZ,101,0.95,0.1,0.015618230092015946,0.37970061268587435,0.05783081708348671
commons-collections,RASZZ,101,0.95,0.25,0.023856695387777013,0.45385192212130976,0.05783081708348671
commons-collections,RASZZ,101,0.99,0.0,-0.0038755737291674363,0.3814543191240019,0.09406001453419731
commons-collections,RASZZ,101,0.99,0.05,0.0014148820172503545,0.40149608762301126,0.09406001453419731
commons-collections,RASZZ,101,0.99,0.1,0.00603417907050032,0.42376064824074067,0.09406001453419731
commons-collections,RASZZ,101,0.99,0.25,0.01950665346666894,0.5069821582695759,0.09406001453419731
commons-collections,RASZZ,101,0.995,0.0,-0.011085822019226161,0.37741429972137064,0.07649503899258522
commons-collections,RASZZ,101,0.995,0.05,-0.005960824848139072,0.3972438039215119,0.07649503899258522
commons-collections,RASZZ,101,0.995,0.1,-0.0011006398827099317,0.41927255843513633,0.07649503899258522
commons-collections,RASZZ,101,0.995,0.25,0.013103237962617833,0.501796820743875,0.07649503899258522
commons-collections,RASZZ,101,0.999,0.0,-0.031441451441357376,0.34819349745265515,0.03743459514393084
commons-collections,RASZZ,101,0.999,0.05,-0.02722063046129055,0.36648772855438244,0.03743459514393084
commons-collections,RASZZ,101,0.999,0.1,-0.023046715954916218,0.3868109359269899,0.03743459514393084
commons-collections,RASZZ,101,0.999,0.25,-0.011136806700840463,0.46311186776498964,0.03743459514393084
commons-collections,RASZZ,123,0.9,0.0,0.018624684949018016,0.32141088876222723,0.009389963772676117
commons-collections,RASZZ,123,0.9,0.05,0.02213464613994115,0.33829795046971145,0.009389963772676117
commons-collections,RASZZ,123,0.9,0.1,0.023440437425993606,0.3570579221289093,0.009389963772676117
commons-collections,RASZZ,123,0.9,0.25,0.03130660968335327,0.4269906587852755,0.009389963772676117
commons-collections,RASZZ,123,0.95,0.0,0.009653701657682015,0.33447507115529473,0.04972023896176764
commons-collections,RASZZ,123,0.95,0.05,0.013989755244349644,0.3520485304365486,0.04972023896176764
commons-collections,RASZZ,123,0.95,0.1,0.015770113961700843,0.371571026639916,0.04972023896176764
commons-collections,RASZZ,123,0.95,0.25,0.024540584777223814,0.44440532630262186,0.04972023896176764
commons-collections,RASZZ,123,0.99,0.0,-0.014493069904060496,0.35634918856744896,0.09110450727633393
commons-collections,RASZZ,123,0.99,0.05,-0.009760461820411336,0.375071923070704,0.09110450727633393
commons-collections,RASZZ,123,0.99,0.1,-0.005386995661341395,0.3958711582927845,0.09110450727633393
commons-collections,RASZZ,123,0.99,0.25,0.00686695141147003,0.47367411389237746,0.09110450727633393
commons-collections,RASZZ,123,0.995,0.0,-0.025861628484369046,0.34696501789562695,0.07754050407965368
commons-collections,RASZZ,123,0.995,0.05,-0.02151295832732816,0.36519470417074357,0.07754050407965368
commons-collections,RASZZ,123,0.995,0.1,-0.017166139630020442,0.38544620818021197,0.07754050407965368
commons-collections,RASZZ,123,0.995,0.25,-0.005032244491264124,0.46131888644315666,0.07754050407965368
commons-collections,RASZZ,123,0.999,0.0,-0.05179490990571116,0.31158830479605015,0.029594751580234318
commons-collections,RASZZ,123,0.999,0.05,-0.048643468094383475,0.3279592838586602,0.029594751580234318
commons-collections,RASZZ,123,0.999,0.1,-0.04533954337606695,0.34614593518781195,0.029594751580234318
commons-collections,RASZZ,123,0.999,0.25,-0.03670854087202672,0.4143906703949896,0.029594751580234318
commons-collections,RASZZ,202,0.9,0.0,0.014249399511629257,0.32636288684425147,0.009321387477308417
commons-collections,RASZZ,202,0.9,0.05,0.01752389579820534,0.3435101285895326,0.009321387477308417
commons-collections,RASZZ,202,0.9,0.1,0.018561131765504293,0.36255913632972,0.009321387477308417
commons-collections,RASZZ,202,0.9,0.25,0.01690860545889561,0.3753151143372129,0.009321387477308417
commons-collections,RASZZ,202,0.95,0.0,0.006468778528155684,0.34031511456881797,0.0494308950864027
commons-collections,RASZZ,202,0.95,0.05,0.010623671239942284,0.35819541215875006,0.0494308950864027
commons-collections,RASZZ,202,0.95,0.1,0.012077968937504683,0.37805877748869904,0.0494308950864027
commons-collections,RASZZ,202,0.95,0.25,0.008146140060877551,0.3933586409476994,0.0494308950864027
commons-collections,RASZZ,202,0.99,0.0,-0.012784835968669066,0.38641004612167507,0.08359465445666518
commons-collections,RASZZ,202,0.99,0.05,-0.00798068543446096,0.4067121905772596,0.08359465445666518
commons-collections,RASZZ,202,0.99,0.1,-0.003853904563584878,0.42926600492371336,0.08359465445666518
commons-collections,RASZZ,202,0.99,0.25,-0.0055467117818745245,0.4582146525311492,0.08359465445666518
commons-collections,RASZZ,202,0.995,0.0,-0.021266327639338393,0.38524270233415087,0.06458010609002082
commons-collections,RASZZ,202,0.995,0.05,-0.01669396392706725,0.40548351406186894,0.06458010609002082
commons-collections,RASZZ,202,0.995,0.1,-0.01240373488618229,0.42796919339132056,0.06458010609002082
commons-collections,RASZZ,202,0.995,0.25,-0.011491207978546254,0.4614938699332747,0.06458010609002082
commons-collections,RASZZ,202,0.999,0.0,-0.04030783873937849,0.35976568331798175,0.01791104587384264
commons-collections,RASZZ,202,0.999,0.05,-0.03657002885222576,0.37866792187568166,0.01791104587384264
commons-collections,RASZZ,202,0.999,0.1,-0.03289303920511453,0.3996665695848146,0.01791104587384264
commons-collections,RASZZ,202,0.999,0.25,-0.030694039910154517,0.4365689333660396,0.01791104587384264
commons-collections,RASZZ,314,0.9,0.0,0.025171745701155927,0.32531279812250563,0.030721427165594558
commons-collections,RASZZ,314,0.9,0.05,0.029034981862874853,0.34240486776981977,0.030721427165594558
commons-collections,RASZZ,314,0.9,0.1,0.030735292133901273,0.36139258438594013,0.030721427165594558
commons-collections,RASZZ,314,0.9,0.25,0.03957481147148901,0.431855581044078,0.030721427165594558
commons-collections,RASZZ,314,0.95,0.0,0.018250707424440116,0.3398667250240002,0.10341990878451338
commons-collections,RASZZ,314,0.95,0.05,0.023067899180568223,0.35772346404085004,0.10341990878451338
commons-collections,RASZZ,314,0.95,0.1,0.025424360997590534,0.3775606579638954,0.10341990878451338
commons-collections,RASZZ,314,0.95,0.25,0.03551926998469055,0.4513318280862491,0.10341990878451338
commons-collections,RASZZ,314,0.99,0.0,-0.0062246724669351924,0.37489905596507794,0.17443767616683012
commons-collections,RASZZ,314,0.99,0.05,-0.0010303127773627558,0.3945964082126658,0.17443767616683012
commons-collections,RASZZ,314,0.99,0.1,0.004034066060791698,0.41647835406723777,0.17443767616683012
commons-collections,RASZZ,314,0.99,0.25,0.017572024295836503,0.49827485943245337,0.17443767616683012
commons-collections,RASZZ,314,0.995,0.0,-0.020658291476345417,0.3622822262066406,0.1507178428738281
commons-collections,RASZZ,314,0.995,0.05,-0.01601145198887001,0.3813166849738485,0.1507178428738281
commons-collections,RASZZ,314,0.995,0.1,-0.01114814934631465,0.4024622171692295,0.1507178428738281
commons-collections,RASZZ,314,0.995,0.25,0.0018019401094018775,0.4816566542453113,0.1507178428738281
commons-collections,RASZZ,314,0.999,0.0,-0.053551011185016976,0.3136098604651841,0.05602954369068441
commons-collections,RASZZ,314,0.999,0.05,-0.050469252712924816,0.33008705290301993,0.05602954369068441
commons-collections,RASZZ,314,0.999,0.1,-0.047057567170815995,0.3483916975186048,0.05602954369068441
commons-collections,RASZZ,314,0.999,0.25,-0.03892008100764031,0.41704936595739367,0.05602954369068441
commons-collections,RASZZ,999,0.9,0.0,0.0030070229373255885,0.27534797396829713,-0.003209339585388981
commons-collections,RASZZ,999,0.9,0.05,0.005702325571844801,0.2898148709839525,-0.003209339585388981
commons-collections,RASZZ,999,0.9,0.1,0.006082731396200559,0.3058862623669748,-0.003209339585388981
commons-collections,RASZZ,999,0.9,0.25,0.009765765667247012,0.3655413503395211,-0.003209339585388981
commons-collections,RASZZ,999,0.95,0.0,-0.005793014130855399,0.29931430818976446,-0.022650323169541853
commons-collections,RASZZ,999,0.95,0.05,-0.002248575505217655,0.3150404063683261,-0.022650323169541853
commons-collections,RASZZ,999,0.95,0.1,-0.0015343335692179277,0.3325106543753447,-0.022650323169541853
commons-collections,RASZZ,999,0.95,0.25,0.002865866121519153,0.3974608648500017,-0.022650323169541853
commons-collections,RASZZ,999,0.99,0.0,-0.025662528335178708,0.344493412789687,-0.029241910212683984
commons-collections,RASZZ,999,0.99,0.05,-0.021496955808336528,0.36259323990508047,-0.029241910212683984
commons-collections,RASZZ,999,0.99,0.1,-0.01814514100902533,0.3827004823373549,-0.029241910212683984
commons-collections,RASZZ,999,0.99,0.25,-0.01030065506945643,0.4577802288297256,-0.029241910212683984
commons-collections,RASZZ,999,0.995,0.0,-0.033926299310097094,0.33881316013762847,-0.009359324479141784
commons-collections,RASZZ,999,0.995,0.05,-0.029983229161573397,0.3566145444173769,-0.009359324479141784
commons-collections,RASZZ,999,0.995,0.1,-0.026437107782067055,0.3763902443210827,-0.009359324479141784
commons-collections,RASZZ,999,0.995,0.25,-0.018109354173682524,0.4503690431989716,-0.009359324479141784
commons-collections,RASZZ,999,0.999,0.0,-0.05349206608183426,0.30970254337141234,-0.004533759155442743
commons-collections,RASZZ,999,0.999,0.05,-0.05041317107390399,0.32597444374485257,-0.004533759155442743
commons-collections,RASZZ,999,0.999,0.1,-0.047495066393893934,0.3440510277672667,-0.004533759155442743
commons-collections,RASZZ,999,0.999,0.25,-0.04119503771455868,0.41181177634325933,-0.004533759155442743
commons-compress,oracle,7,0.9,0.0,0.14301065281916284,0.502441451133293,-0.0955828066397703
commons-compress,oracle,7,0.9,0.05,0.1580275139183887,0.5250953815247608,-0.0955828066397703
commons-compress,oracle,7,0.9,0.1,0.1679588976933791,0.5490534832364682,-0.0955828066397703
commons-compress,oracle,7,0.9,0.25,0.19470628056131373,0.6020035553645515,-0.0955828066397703
commons-compress,oracle,7,0.95,0.0,0.1443761896910338,0.5160514418445002,-0.1169113482811301
commons-compress,oracle,7,0.95,0.05,0.15817002056229784,0.5379351603703886,-0.1169113482811301
commons-compress,oracle,7,0.95,0.1,0.1716401134941277,0.558286585332328,-0.1169113482811301
commons-compress,oracle,7,0.95,0.25,0.2013650285092122,0.6084678463767453,-0.1169113482811301
commons-compress,oracle,7,0.99,0.0,0.1419644912213145,0.5609791993782793,-0.011322385764151066
commons-compress,oracle,7,0.99,0.05,0.15299124630511762,0.584598955412875,-0.011322385764151066
commons-compress,oracle,7,0.99,0.1,0.1673691603966482,0.5958695693602625,-0.011322385764151066
commons-compress,oracle,7,0.99,0.25,0.2028759258430245,0.6399919800364456,-0.011322385764151066
commons-compress,oracle,7,0.995,0.0,0.1335427415764606,0.5616995407817768,0.09252665862497109
commons-compress,oracle,7,0.995,0.05,0.14378248893471487,0.5853789078724495,0.09252665862497109
commons-compress,oracle,7,0.995,0.1,0.15714688039729777,0.5952566050397229,0.09252665862497109
commons-compress,oracle,7,0.995,0.25,0.19344082072237084,0.6360690540649878,0.09252665862497109
commons-compress,oracle,7,0.999,0.0,0.09752128711609215,0.538946388504094,0.1843764917861507
commons-compress,oracle,7,0.999,0.05,0.10561062522667138,0.5614713025686215,0.1843764917861507
commons-compress,oracle,7,0.999,0.1,0.11634440461218769,0.5690977555855181,0.1843764917861507
commons-compress,oracle,7,0.999,0.25,0.1470147633125263,0.6013168249937625,0.1843764917861507
commons-compress,oracle,13,0.9,0.0,0.15099706742592287,0.5126077265086505,-0.09558124175365461
commons-compress,oracle,13,0.9,0.05,0.16589203687734155,0.5357697516307881,-0.09558124175365461
commons-compress,oracle,13,0.9,0.1,0.176252141728424,0.5603171573818,-0.09558124175365461
commons-compress,oracle,13,0.9,0.25,0.2050240724337993,0.6162983144118849,-0.09558124175365461
commons-compress,oracle,13,0.95,0.0,0.1518878597900064,0.5246516641784056,-0.1167745200473812
commons-compress,oracle,13,0.95,0.05,0.16553228738091935,0.5469257885928854,-0.1167745200473812
commons-compress,oracle,13,0.95,0.1,0.17933383452236956,0.567707589519686,-0.1167745200473812
commons-compress,oracle,13,0.95,0.25,0.21096282840577196,0.6206468108619033,-0.1167745200473812
commons-compress,oracle,13,0.99,0.0,0.14747768482118928,0.566858294828479,0.0006397974795015731
commons-compress,oracle,13,0.99,0.05,0.15828408246881404,0.5907111781576591,0.0006397974795015731
commons-compress,oracle,13,0.99,0.1,0.1726294963131743,0.6020567141286772,0.0006397974795015731
commons-compress,oracle,13,0.99,0.25,0.20945008432579057,0.6478964910460433,0.0006397974795015731
commons-compress,oracle,13,0.995,0.0,0.1351192197021444,0.5633967422763503,0.11020421184891871
commons-compress,oracle,13,0.995,0.05,0.14494074468070464,0.5870914271541827,0.11020421184891871
commons-compress,oracle,13,0.995,0.1,0.1579991620443313,0.5967788765974943,0.11020421184891871
commons-compress,oracle,13,0.995,0.25,0.19451826333357397,0.6380250292214348,0.11020421184891871
commons-compress,oracle,13,0.999,0.0,0.09398602050958839,0.5367035213010009,0.18665365002646908
commons-compress,oracle,13,0.999,0.05,0.10139692391928423,0.5590388728602376,0.18665365002646908
commons-compress,oracle,13,0.999,0.1,0.11148971970511831,0.5662325683679149,0.18665365002646908
commons-compress,oracle,13,0.999,0.25,0.14092998698237885,0.5976338660274128,0.18665365002646908
commons-compress,oracle,21,0.9,0.0,0.14536072688876212,0.5075435248591017,-0.095561624602743
commons-compress,oracle,21,0.9,0.05,0.16050047759395153,0.5304642518753537,-0.095561624602743
commons-compress,oracle,21,0.9,0.1,0.17057009110404495,0.5547224540429225,-0.095561624602743
commons-compress,oracle,21,0.9,0.25,0.19820841415602525,0.6095874529233846,-0.095561624602743
commons-compress,oracle,21,0.95,0.0,0.14691357358245136,0.5214066827367869,-0.11631209183155772
commons-compress,oracle,21,0.95,0.05,0.16084008882763715,0.5435704364545896,-0.11631209183155772
commons-compress,oracle,21,0.95,0.1,0.17445942892903607,0.5642368529904243,-0.11631209183155772
commons-compress,oracle,21,0.95,0.25,0.20512494601151174,0.616493790577113,-0.11631209183155772
commons-compress,oracle,21,0.99,0.0,0.14513948072842398,0.5657379031971528,-3.452676645700754e-05
commons-compress,oracle,21,0.99,0.05,0.1563322617322244,0.5896065004256341,-3.452676645700754e-05
commons-compress,oracle,21,0.99,0.1,0.1708969265156587,0.6011570180478998,-3.452676645700754e-05
commons-compress,oracle,21,0.99,0.25,0.20764203740416168,0.6471321766968653,-3.452676645700754e-05
commons-compress,oracle,21,0.995,0.0,0.13614563265208554,0.5644993175916693,0.10660157390345304
commons-compress,oracle,21,0.995,0.05,0.14652148987291289,0.588325090054583,0.10660157390345304
commons-compress,oracle,21,0.995,0.1,0.16003898159243665,0.5983674681618256,0.10660157390345304
commons-compress,oracle,21,0.995,0.25,0.19740939091996365,0.6404253977698257,0.10660157390345304
commons-compress,oracle,21,0.999,0.0,0.09943614665616672,0.5399300886673711,0.1918638030882646
commons-compress,oracle,21,0.999,0.05,0.1076256162210688,0.5625064421852397,0.1918638030882646
commons-compress,oracle,21,0.999,0.1,0.11847202632338168,0.5701907557669372,0.1918638030882646
commons-compress,oracle,21,0.999,0.25,0.1499657248209254,0.6030711126937816,0.1918638030882646
commons-compress,oracle,42,0.9,0.0,0.14499926232626864,0.5064666723872261,-0.06879057119416376
commons-compress,oracle,42,0.9,0.05,0.15958059574600755,0.5293075707283208,-0.06879057119416376
commons-compress,oracle,42,0.9,0.1,0.16958791383991928,0.5534937639135505,-0.06879057119416376
commons-compress,oracle,42,0.9,0.25,0.19666028587180123,0.6073296760150712,-0.06879057119416376
commons-compress,oracle,42,0.95,0.0,0.1459154219107741,0.5189138713287277,-0.09385225250666099
commons-compress,oracle,42,0.95,0.05,0.15924753996765362,0.5408879562204032,-0.09385225250666099
commons-compress,oracle,42,0.95,0.1,0.17269779243433367,0.5613322641311552,-0.09385225250666099
commons-compress,oracle,42,0.95,0.25,0.2026247113876668,0.6121110063572066,-0.09385225250666099
commons-compress,oracle,42,0.99,0.0,0.14443715763161172,0.5638390815396461,-0.0011233890721890668
commons-compress,oracle,42,0.99,0.05,0.15508456063601134,0.5875340847678607,-0.0011233890721890668
commons-compress,oracle,42,0.99,0.1,0.16925113276919923,0.5987020326966407,-0.0011233890721890668
commons-compress,oracle,42,0.99,0.25,0.20486475362131126,0.6430767226261002,-0.0011233890721890668
commons-compress,oracle,42,0.995,0.0,0.1370484532666111,0.5648353684199735,0.10396141531761136
commons-compress,oracle,42,0.995,0.05,0.1469708613431196,0.5886052816500549,0.10396141531761136
commons-compress,oracle,42,0.995,0.1,0.16014275489373872,0.5983773500904092,0.10396141531761136
commons-compress,oracle,42,0.995,0.25,0.1965932288194323,0.6393206490288227,0.10396141531761136
commons-compress,oracle,42,0.999,0.0,0.10149571394370281,0.5414447283019865,0.19261630289139414
commons-compress,oracle,42,0.999,0.05,0.1092993127492432,0.5640280061149868,0.19261630289139414
commons-compress,oracle,42,0.999,0.1,0.11983382352080098,0.5715005761467878,0.19261630289139414
commons-compress,oracle,42,0.999,0.25,0.15054360365336564,0.6035128403055945,0.19261630289139414
commons-compress,oracle,77,0.9,0.0,0.12219193858889041,0.4936455806526428,-0.06706488283340974
commons-compress,oracle,77,0.9,0.05,0.13558063597071604,0.5158160410140724,-0.06706488283340974
commons-compress,oracle,77,0.9,0.1,0.14424644302061013,0.5392481064306801,-0.06706488283340974
commons-compress,oracle,77,0.9,0.25,0.1660887342479353,0.5909103696480051,-0.06706488283340974
commons-compress,oracle,77,0.95,0.0,0.12231921376690325,0.5075373887956173,-0.0873731325763692
commons-compress,oracle,77,0.95,0.05,0.13441744359934532,0.5289165769247479,-0.0873731325763692
commons-compress,oracle,77,0.95,0.1,0.14647978338558826,0.5486917279832547,-0.0873731325763692
commons-compress,oracle,77,0.95,0.25,0.17103418263529174,0.5975712488837828,-0.0873731325763692
commons-compress,oracle,77,0.99,0.0,0.11771925983409769,0.5526748264329094,0.020523133340313145
commons-compress,oracle,77,0.99,0.05,0.12696953583940201,0.5757860306529603,0.020523133340313145
commons-compress,oracle,77,0.99,0.1,0.1395645796608503,0.5862973048002665,0.020523133340313145
commons-compress,oracle,77,0.99,0.25,0.16944990633997054,0.6286425292641623,0.020523133340313145
commons-compress,oracle,77,0.995,0.0,0.1066196456143136,0.5482400648659811,0.12768439611315935
commons-compress,oracle,77,0.995,0.05,0.11495087653147018,0.5711421797823933,0.12768439611315935
commons-compress,oracle,77,0.995,0.1,0.12633296861340815,0.5799381239193064,0.12768439611315935
commons-compress,oracle,77,0.995,0.25,0.15627740642451962,0.6175441946585235,0.12768439611315935
commons-compress,oracle,77,0.999,0.0,0.0673441264252506,0.5187885605171793,0.1702368173460477
commons-compress,oracle,77,0.999,0.05,0.07336187720690811,0.5401871065092826,0.1702368173460477
commons-compress,oracle,77,0.999,0.1,0.08188761516696523,0.5463270563858909,0.1702368173460477
commons-compress,oracle,77,0.999,0.25,0.10524491206448161,0.573568539725927,0.1702368173460477
commons-compress,oracle,101,0.9,0.0,0.1491786821655695,0.5120801364203071,-0.09558124181066732
commons-compress,oracle,101,0.9,0.05,0.16451808062893933,0.535238091026267,-0.09558124181066732
commons-compress,oracle,101,0.9,0.1,0.17481226363383096,0.5597631335553729,-0.09558124181066732
commons-compress,oracle,101,0.9,0.25,0.20329693999510628,0.6156337953966182,-0.09558124181066732
commons-compress,oracle,101,0.95,0.0,0.1500717760877494,0.5241379862207393,-0.11677544812271475
commons-compress,oracle,101,0.95,0.05,0.16416343943037173,0.546444564717238,-0.11677544812271475
commons-compress,oracle,101,0.95,0.1,0.1779685428238117,0.5672716346392602,-0.11677544812271475
commons-compress,oracle,101,0.95,0.25,0.20933416112486888,0.6201340397012686,-0.11677544812271475
commons-compress,oracle,101,0.99,0.0,0.14786513642451207,0.5673246728639155,-0.001963513722256945
commons-compress,oracle,101,0.99,0.05,0.15920044687400853,0.5912762451363012,-0.001963513722256945
commons-compress,oracle,101,0.99,0.1,0.1739254328446455,0.6029200954554139,-0.001963513722256945
commons-compress,oracle,101,0.99,0.25,0.21127475922315075,0.6492470046255843,-0.001963513722256945
commons-compress,oracle,101,0.995,0.0,0.13904884829798392,0.56627013466881,0.10499268180386517
commons-compress,oracle,101,0.995,0.05,0.14957651989409704,0.5901885063462159,0.10499268180386517
commons-compress,oracle,101,0.995,0.1,0.16326477675454593,0.6003350426919821,0.10499268180386517
commons-compress,oracle,101,0.995,0.25,0.2012787625494111,0.6427855219200622,0.10499268180386517
commons-compress,oracle,101,0.999,0.0,0.102698699587444,0.5419478645078302,0.1939166559000332
commons-compress,oracle,101,0.999,0.05,0.11105877392150904,0.5646297311587377,0.1939166559000332
commons-compress,oracle,101,0.999,0.1,0.12209708513591198,0.5724327289230027,0.1939166559000332
commons-compress,oracle,101,0.999,0.25,0.1543140169533718,0.6057603805759959,0.1939166559000332
commons-compress,oracle,123,0.9,0.0,0.12133178202065521,0.4922890237198304,-0.06698230877810614
commons-compress,oracle,123,0.9,0.05,0.13467550026624647,0.5143885472758644,-0.06698230877810614
commons-compress,oracle,123,0.9,0.1,0.1432907135003488,0.5377408209497775,-0.06698230877810614
commons-compress,oracle,123,0.9,0.25,0.16548652933438288,0.5892177865739642,-0.06698230877810614
commons-compress,oracle,123,0.95,0.0,0.12043591824629787,0.5063561052048969,-0.08606594068307867
commons-compress,oracle,123,0.95,0.05,0.1324356671638471,0.5276735218873857,-0.08606594068307867
commons-compress,oracle,123,0.95,0.1,0.1443872328071379,0.547379190660232,-0.08606594068307867
commons-compress,oracle,123,0.95,0.25,0.16904405104171238,0.5962627052798761,-0.08606594068307867
commons-compress,oracle,123,0.99,0.0,0.11626766145639052,0.5516479913424442,0.024632172733992423
commons-compress,oracle,123,0.99,0.05,0.12544203076796062,0.5747055005061183,0.024632172733992423
commons-compress,oracle,123,0.99,0.1,0.137951692574509,0.585156376921972,0.024632172733992423
commons-compress,oracle,123,0.99,0.25,0.1678537326621585,0.6276243776509194,0.024632172733992423
commons-compress,oracle,123,0.995,0.0,0.10526463615974312,0.5472883298148284,0.1300745115470218
commons-compress,oracle,123,0.995,0.05,0.11352501119192861,0.570140676791187,0.1300745115470218
commons-compress,oracle,123,0.995,0.1,0.12482740255277427,0.578880640529137,0.1300745115470218
commons-compress,oracle,123,0.995,0.25,0.1547284259058437,0.6165559267584092,0.1300745115470218
commons-compress,oracle,123,0.999,0.0,0.06666317334565662,0.5182428108180651,0.1692739871702298
commons-compress,oracle,123,0.999,0.05,0.07264531586427532,0.539612818575418,0.1692739871702298
commons-compress,oracle,123,0.999,0.1,0.081131000634083,0.5457206678313196,0.1692739871702298
commons-compress,oracle,123,0.999,0.25,0.10451441799038476,0.5730296484581687,0.1692739871702298
commons-compress,oracle,202,0.9,0.0,0.1388596185709094,0.5009298411387682,-0.0955812417536519
commons-compress,oracle,202,0.9,0.05,0.1531198989601873,0.5234812086011507,-0.0955812417536519
commons-compress,oracle,202,0.9,0.1,0.16276608744507565,0.5473417291930417,-0.0955812417536519
commons-compress,oracle,202,0.9,0.25,0.18884742351011005,0.6007341662901283,-0.0955812417536519
commons-compress,oracle,202,0.95,0.0,0.1409533180319091,0.5162210401333964,-0.11677451176929697
commons-compress,oracle,202,0.95,0.05,0.15402595873940964,0.5380543120316428,-0.11677451176929697
commons-compress,oracle,202,0.95,0.1,0.16718434368003923,0.558340229469676,-0.11677451176929697
commons-compress,oracle,202,0.95,0.25,0.19638939989743295,0.6094105743996263,-0.11677451176929697
commons-compress,oracle,202,0.99,0.0,0.13901907838245078,0.5609415793629641,-0.0013551018311597355
commons-compress,oracle,202,0.99,0.05,0.1493831602640731,0.584485066983489,-0.0013551018311597355
commons-compress,oracle,202,0.99,0.1,0.16323104471457597,0.5954825858336606,-0.0013551018311597355
commons-compress,oracle,202,0.99,0.25,0.19817655325862477,0.6400107623389384,-0.0013551018311597355
commons-compress,oracle,202,0.995,0.0,0.12965009023841018,0.5592887490066465,0.10413563460724667
commons-compress,oracle,202,0.995,0.05,0.13918562458652334,0.5827686195172446,0.10413563460724667
commons-compress,oracle,202,0.995,0.1,0.15192235152907096,0.5922144396311568,0.10413563460724667
commons-compress,oracle,202,0.995,0.25,0.18722907197961908,0.6325499441604233,0.10413563460724667
commons-compress,oracle,202,0.999,0.0,0.0936400338158804,0.53590879983888,0.18353818995829616
commons-compress,oracle,202,0.999,0.05,0.10103284495818413,0.5582025939814402,0.18353818995829616
commons-compress,oracle,202,0.999,0.1,0.11110529004544276,0.565349544521114,0.18353818995829616
commons-compress,oracle,202,0.999,0.25,0.14046885999076478,0.5965746706200071,0.18353818995829616
commons-compress,oracle,314,0.9,0.0,0.14096321872032888,0.502925561306161,-0.0688051771259835
commons-compress,oracle,314,0.9,0.05,0.15587301580276613,0.5256048066905289,-0.0688051771259835
commons-compress,oracle,314,0.9,0.1,0.16568397091689693,0.5495913834285437,-0.0688051771259835
commons-compress,oracle,314,0.9,0.25,0.1923474670468297,0.6034326854734307,-0.0688051771259835
commons-compress,oracle,314,0.95,0.0,0.14049686118035232,0.5144022058888762,-0.09417665746509574
commons-compress,oracle,314,0.95,0.05,0.15408783497649353,0.5361996828961038,-0.09417665746509574
commons-compress,oracle,314,0.95,0.1,0.16732974848225934,0.5564541009371902,-0.09417665746509574
commons-compress,oracle,314,0.95,0.25,0.19657282727445413,0.6071583063072075,-0.09417665746509574
commons-compress,oracle,314,0.99,0.0,0.13679202602076435,0.557754609373491,-0.0039972503621531555
commons-compress,oracle,314,0.99,0.05,0.1475483035827827,0.5812057457887272,-0.0039972503621531555
commons-compress,oracle,314,0.99,0.1,0.16162197684048138,0.5922866915771643,-0.0039972503621531555
commons-compress,oracle,314,0.99,0.25,0.19651664805544117,0.6364921366865884,-0.0039972503621531555
commons-compress,oracle,314,0.995,0.0,0.12889126022889374,0.5584010306821138,0.09729320776810542
commons-compress,oracle,314,0.995,0.05,0.1388877732494121,0.5819079127385239,0.09729320776810542
commons-compress,oracle,314,0.995,0.1,0.15197856778889018,0.5915915938178752,0.09729320776810542
commons-compress,oracle,314,0.995,0.25,0.18774084876967526,0.6322976727799847,0.09729320776810542
commons-compress,oracle,314,0.999,0.0,0.09418883302800234,0.5360183567000498,0.18250499973655906
commons-compress,oracle,314,0.999,0.05,0.10210391111202555,0.558390158707684,0.18250499973655906
commons-compress,oracle,314,0.999,0.1,0.11264167784764346,0.5658443869143579,0.18250499973655906
commons-compress,oracle,314,0.999,0.25,0.14297216700088616,0.5978576023857408,0.18250499973655906
commons-compress,oracle,999,0.9,0.0,0.15480391690126083,0.5168363686302518,-0.09556162460274253
commons-compress,oracle,999,0.9,0.05,0.17043746902091922,0.5402430351852144,-0.09556162460274253
commons-compress,oracle,999,0.9,0.1,0.18106252445126578,0.5650478360108669,-0.09556162460274253
commons-compress,oracle,999,0.9,0.25,0.21024998498466319,0.6218574256511381,-0.09556162460274253
commons-compress,oracle,999,0.95,0.0,0.154909608543098,0.5282774470443556,-0.11631208868659654
commons-compress,oracle,999,0.95,0.05,0.1692542508585306,0.5508004854031608,-0.11631208868659654
commons-compress,oracle,999,0.95,0.1,0.1833439122186434,0.5718710355543896,-0.11631208868659654
commons-compress,oracle,999,0.95,0.25,0.21526206475874163,0.6253852070892519,-0.11631208868659654
commons-compress,oracle,999,0.99,0.0,0.15323800597126414,0.5723929366057063,0.0005190133853734475
commons-compress,oracle,999,0.99,0.05,0.16485427344676895,0.5966095375179145,0.0005190133853734475
commons-compress,oracle,999,0.99,0.1,0.17989528789659223,0.6085514996129593,0.0005190133853734475
commons-compress,oracle,999,0.99,0.25,0.21809697049912968,0.6556513052659134,0.0005190133853734475
commons-compress,oracle,999,0.995,0.0,0.14465649035342087,0.5713522750938723,0.11132802890361307
commons-compress,oracle,999,0.995,0.05,0.15547739565288482,0.5955364010478631,0.11132802890361307
commons-compress,oracle,999,0.995,0.1,0.16949549014947587,0.6059818653864957,0.11132802890361307
commons-compress,oracle,999,0.995,0.25,0.20849499502136945,0.6492781291864509,0.11132802890361307
commons-compress,oracle,999,0.999,0.0,0.106565524041663,0.5448135464937465,0.2021686080148512
commons-compress,oracle,999,0.999,0.05,0.11512780159121654,0.5676452648172551,0.2021686080148512
commons-compress,oracle,999,0.999,0.1,0.12639355675171085,0.5756168200184653,0.2021686080148512
commons-compress,oracle,999,0.999,0.25,0.15928960130592143,0.6093903268172586,0.2021686080148512
commons-compress,BSZZ,7,0.9,0.0,0.043134672943395624,0.40919136347654456,0.2430596869734249
commons-compress,BSZZ,7,0.9,0.05,0.0518719439156153,0.4241668639407486,0.2430596869734249
commons-compress,BSZZ,7,0.9,0.1,0.05188828512111267,0.4264333833311088,0.2430596869734249
commons-compress,BSZZ,7,0.9,0.25,0.05495035370328303,0.45409384198464137,0.2430596869734249
commons-compress,BSZZ,7,0.95,0.0,0.04379720407932086,0.4645955921686114,0.2683789232132527
commons-compress,BSZZ,7,0.95,0.05,0.052289120589811965,0.4811232616951547,0.2683789232132527
commons-compress,BSZZ,7,0.95,0.1,0.05334965997595916,0.4851857919591243,0.2683789232132527
commons-compress,BSZZ,7,0.95,0.25,0.058042853087712995,0.5134065300069582,0.2683789232132527
commons-compress,BSZZ,7,0.99,0.0,0.03598131940075435,0.5021614338568704,0.17818884834172877
commons-compress,BSZZ,7,0.99,0.05,0.04253742045698614,0.5200433035104752,0.17818884834172877
commons-compress,BSZZ,7,0.99,0.1,0.047252856171631726,0.5243971810005775,0.17818884834172877
commons-compress,BSZZ,7,0.99,0.25,0.05366022288833976,0.5458062035753954,0.17818884834172877
commons-compress,BSZZ,7,0.995,0.0,0.02658294291563426,0.49498178979391394,0.12580504861354097
commons-compress,BSZZ,7,0.995,0.05,0.032444779855473234,0.5124974046814517,0.12580504861354097
commons-compress,BSZZ,7,0.995,0.1,0.037101139988462484,0.5161506011380913,0.12580504861354097
commons-compress,BSZZ,7,0.995,0.25,0.04400405764035576,0.5339982077634261,0.12580504861354097
commons-compress,BSZZ,7,0.999,0.0,0.00855442770828609,0.48178528721142516,0.07105832402366295
commons-compress,BSZZ,7,0.999,0.05,0.013319568462835654,0.4986343109672251,0.07105832402366295
commons-compress,BSZZ,7,0.999,0.1,0.01722508514506592,0.5013488685792379,0.07105832402366295
commons-compress,BSZZ,7,0.999,0.25,0.0229308378741339,0.5145233346959204,0.07105832402366295
commons-compress,BSZZ,13,0.9,0.0,0.04940163423487544,0.40217708518283074,0.2966961040944957
commons-compress,BSZZ,13,0.9,0.05,0.0562473309339349,0.41602556772191956,0.2966961040944957
commons-compress,BSZZ,13,0.9,0.1,0.059426846038379215,0.4332920155257729,0.2966961040944957
commons-compress,BSZZ,13,0.9,0.25,0.06435609519862062,0.46618171980810835,0.2966961040944957
commons-compress,BSZZ,13,0.95,0.0,0.050864826626545304,0.4582569663768946,0.3099324842510712
commons-compress,BSZZ,13,0.95,0.05,0.057851133005911944,0.47421754459474086,0.3099324842510712
commons-compress,BSZZ,13,0.95,0.1,0.06385545098907633,0.4901384962581795,0.3099324842510712
commons-compress,BSZZ,13,0.95,0.25,0.07115993949923605,0.5291899558546516,0.3099324842510712
commons-compress,BSZZ,13,0.99,0.0,0.04554399175723812,0.4995593093079396,0.18694121648918946
commons-compress,BSZZ,13,0.99,0.05,0.0511462698612473,0.517465667558425,0.18694121648918946
commons-compress,BSZZ,13,0.99,0.1,0.05826371853241422,0.5244337711987169,0.18694121648918946
commons-compress,BSZZ,13,0.99,0.25,0.0709245043790049,0.5582666853619715,0.18694121648918946
commons-compress,BSZZ,13,0.995,0.0,0.03511953381840916,0.492492794613756,0.133551859638261
commons-compress,BSZZ,13,0.995,0.05,0.04003566824538328,0.510087040359498,0.133551859638261
commons-compress,BSZZ,13,0.995,0.1,0.04626343361346086,0.5152330104716949,0.133551859638261
commons-compress,BSZZ,13,0.995,0.25,0.059371467902293314,0.543739821860512,0.133551859638261
commons-compress,BSZZ,13,0.999,0.0,0.012608477289754541,0.4763102233659881,0.08413108662761679
commons-compress,BSZZ,13,0.999,0.05,0.016244639394694078,0.4931200757873029,0.08413108662761679
commons-compress,BSZZ,13,0.999,0.1,0.020867530935174572,0.4963991275639375,0.08413108662761679
commons-compress,BSZZ,13,0.999,0.25,0.031328122561921835,0.5171601925568583,0.08413108662761679
commons-compress,BSZZ,21,0.9,0.0,0.06555680592283851,0.4209920850352556,0.2867792591219603
commons-compress,BSZZ,21,0.9,0.05,0.07324728564754354,0.43582443780549124,0.2867792591219603
commons-compress,BSZZ,21,0.9,0.1,0.07585598772455691,0.45097807614187024,0.2867792591219603
commons-compress,BSZZ,21,0.9,0.25,0.08451841934261721,0.489467689698753,0.2867792591219603
commons-compress,BSZZ,21,0.95,0.0,0.06568179518219405,0.4718394901374355,0.2971355508361909
commons-compress,BSZZ,21,0.95,0.05,0.07344290753509687,0.48851032298704666,0.2971355508361909
commons-compress,BSZZ,21,0.95,0.1,0.07899332471738002,0.5031688064769253,0.2971355508361909
commons-compress,BSZZ,21,0.95,0.25,0.08918302550553704,0.5462426473870051,0.2971355508361909
commons-compress,BSZZ,21,0.99,0.0,0.06013465796910835,0.5133918542177048,0.18381273738506534
commons-compress,BSZZ,21,0.99,0.05,0.06649990828949036,0.5320215411561766,0.18381273738506534
commons-compress,BSZZ,21,0.99,0.1,0.07418131733030703,0.5395015301511027,0.18381273738506534
commons-compress,BSZZ,21,0.99,0.25,0.09065776180100113,0.5776355130071267,0.18381273738506534
commons-compress,BSZZ,21,0.995,0.0,0.049791936301543875,0.5072699565241671,0.14193998314204237
commons-compress,BSZZ,21,0.995,0.05,0.055475317081735497,0.5256369266822675,0.14193998314204237
commons-compress,BSZZ,21,0.995,0.1,0.06235799786728792,0.5314508102137412,0.14193998314204237
commons-compress,BSZZ,21,0.995,0.25,0.07919114606718308,0.5639803253228677,0.14193998314204237
commons-compress,BSZZ,21,0.999,0.0,0.019780339152151563,0.4835306020400382,0.10327551908140101
commons-compress,BSZZ,21,0.999,0.05,0.023791530831561183,0.500718021067291,0.10327551908140101
commons-compress,BSZZ,21,0.999,0.1,0.028681425295788123,0.5042799578421591,0.10327551908140101
commons-compress,BSZZ,21,0.999,0.25,0.040939954424917324,0.5269474985452843,0.10327551908140101
commons-compress,BSZZ,42,0.9,0.0,0.03718538997191063,0.39538351330810534,0.2867542625193899
commons-compress,BSZZ,42,0.9,0.05,0.048258504692793365,0.4127939866711149,0.2867542625193899
commons-compress,BSZZ,42,0.9,0.1,0.049317401964300234,0.4246939107946948,0.2867542625193899
commons-compress,BSZZ,42,0.9,0.25,0.05113641049706992,0.4542280077654864,0.2867542625193899
commons-compress,BSZZ,42,0.95,0.0,0.04106494445336111,0.45310174360834554,0.29625981994148703
commons-compress,BSZZ,42,0.95,0.05,0.05128649471725548,0.4720851438647243,0.29625981994148703
commons-compress,BSZZ,42,0.95,0.1,0.05542092603712225,0.4842519674237047,0.29625981994148703
commons-compress,BSZZ,42,0.95,0.25,0.058444585651507994,0.5176003728829719,0.29625981994148703
commons-compress,BSZZ,42,0.99,0.0,0.03430272037732283,0.49254384814601,0.17830879526534849
commons-compress,BSZZ,42,0.99,0.05,0.04214179337758765,0.5130840955563707,0.17830879526534849
commons-compress,BSZZ,42,0.99,0.1,0.05084529274168624,0.5206636176819593,0.17830879526534849
commons-compress,BSZZ,42,0.99,0.25,0.0623121519571535,0.5521378849511435,0.17830879526534849
commons-compress,BSZZ,42,0.995,0.0,0.02364356570195961,0.48594696040303825,0.12466045904469007
commons-compress,BSZZ,42,0.995,0.05,0.030682366831771314,0.506180720315332,0.12466045904469007
commons-compress,BSZZ,42,0.995,0.1,0.03896851105467273,0.5125131541576784,0.12466045904469007
commons-compress,BSZZ,42,0.995,0.25,0.05253286577071413,0.539925671068789,0.12466045904469007
commons-compress,BSZZ,42,0.999,0.0,-0.0006416358633090511,0.46879021707819446,0.07778823271074381
commons-compress,BSZZ,42,0.999,0.05,0.00494475367227559,0.4881751240192761,0.07778823271074381
commons-compress,BSZZ,42,0.999,0.1,0.011872391680724145,0.4929908930978404,0.07778823271074381
commons-compress,BSZZ,42,0.999,0.25,0.024151812780432946,0.5137710085654783,0.07778823271074381
commons-compress,BSZZ,77,0.9,0.0,0.030293775389382407,0.3883376858406039,0.30055495018571216
commons-compress,BSZZ,77,0.9,0.05,0.04100651517083018,0.4053797201946608,0.30055495018571216
commons-compress,BSZZ,77,0.9,0.1,0.04112155894392269,0.4154357425067158,0.30055495018571216
commons-compress,BSZZ,77,0.9,0.25,0.04635681821174749,0.4508123372755038,0.30055495018571216
commons-compress,BSZZ,77,0.95,0.0,0.030148055679522084,0.4428506361958682,0.31168952518466764
commons-compress,BSZZ,77,0.95,0.05,0.03979874216634675,0.46129798758174284,0.31168952518466764
commons-compress,BSZZ,77,0.95,0.1,0.04321736227237693,0.4723933086825366,0.31168952518466764
commons-compress,BSZZ,77,0.95,0.25,0.048388756789401986,0.5084451463299106,0.31168952518466764
commons-compress,BSZZ,77,0.99,0.0,0.017600067176728282,0.4814278942691744,0.18695319689748036
commons-compress,BSZZ,77,0.99,0.05,0.02456572835694912,0.5013868684296812,0.18695319689748036
commons-compress,BSZZ,77,0.99,0.1,0.0325160166621703,0.5084755197749171,0.18695319689748036
commons-compress,BSZZ,77,0.99,0.25,0.042938901066703936,0.538712060295453,0.18695319689748036
commons-compress,BSZZ,77,0.995,0.0,0.0050900400085517805,0.4736706144620505,0.1323141662653686
commons-compress,BSZZ,77,0.995,0.05,0.011158643861949012,0.49326242213340177,0.1323141662653686
commons-compress,BSZZ,77,0.995,0.1,0.01857496857788468,0.4990320666944421,0.1323141662653686
commons-compress,BSZZ,77,0.995,0.25,0.029910293702066902,0.5244504091139546,0.1323141662653686
commons-compress,BSZZ,77,0.999,0.0,-0.019977395637630093,0.4559189557390529,0.06150172421571305
commons-compress,BSZZ,77,0.999,0.05,-0.015402107807481228,0.47463080124148344,0.06150172421571305
commons-compress,BSZZ,77,0.999,0.1,-0.009405159114865386,0.47883620505457747,0.06150172421571305
commons-compress,BSZZ,77,0.999,0.25,-0.00019358605019186573,0.4972386391597171,0.06150172421571305
commons-compress,BSZZ,101,0.9,0.0,0.041778606107435015,0.39026970319593585,0.28628251540766797
commons-compress,BSZZ,101,0.9,0.05,0.04903247152676532,0.4039548634644453,0.28628251540766797
commons-compress,BSZZ,101,0.9,0.1,0.05188087008533984,0.4206106354011242,0.28628251540766797
commons-compress,BSZZ,101,0.9,0.25,0.054821563659057354,0.45141259563187885,0.28628251540766797
commons-compress,BSZZ,101,0.95,0.0,0.04475021943957863,0.45004262182104554,0.29252118956833884
commons-compress,BSZZ,101,0.95,0.05,0.052047005488129246,0.4658947673769781,0.29252118956833884
commons-compress,BSZZ,101,0.95,0.1,0.05797903647225035,0.48160306388481655,0.29252118956833884
commons-compress,BSZZ,101,0.95,0.25,0.06381195225556145,0.5199027830898116,0.29252118956833884
commons-compress,BSZZ,101,0.99,0.0,0.0398867929221368,0.495101201356336,0.17653571989539102
commons-compress,BSZZ,101,0.99,0.05,0.04553618363996982,0.5129231302682399,0.17653571989539102
commons-compress,BSZZ,101,0.99,0.1,0.05277381018440539,0.5200130653572408,0.17653571989539102
commons-compress,BSZZ,101,0.99,0.25,0.06526050850277698,0.5544267111670259,0.17653571989539102
commons-compress,BSZZ,101,0.995,0.0,0.028285354185994534,0.48774621060249046,0.129001096243345
commons-compress,BSZZ,101,0.995,0.05,0.03315016361364163,0.5052223040729504,0.129001096243345
commons-compress,BSZZ,101,0.995,0.1,0.039426756710830284,0.5104556382620737,0.129001096243345
commons-compress,BSZZ,101,0.995,0.25,0.05228565685045301,0.5394144008557131,0.129001096243345
commons-compress,BSZZ,101,0.999,0.0,0.001484714854081975,0.4692002719074804,0.07854744444585758
commons-compress,BSZZ,101,0.999,0.05,0.004816562234370021,0.4857544816710061,0.07854744444585758
commons-compress,BSZZ,101,0.999,0.1,0.009229316109417152,0.48896218899787003,0.07854744444585758
commons-compress,BSZZ,101,0.999,0.25,0.018560453767958802,0.509574540106084,0.07854744444585758
commons-compress,BSZZ,123,0.9,0.0,0.03589789860438563,0.3909120060271791,0.24305811172970634
commons-compress,BSZZ,123,0.9,0.05,0.04336674562892971,0.4055229833462911,0.24305811172970634
commons-compress,BSZZ,123,0.9,0.1,0.04399582392996837,0.41776310925998195,0.24305811172970634
commons-compress,BSZZ,123,0.9,0.25,0.04721780370261836,0.45294255356662333,0.24305811172970634
commons-compress,BSZZ,123,0.95,0.0,0.036519221709422414,0.443514605928912,0.2680837224574183
commons-compress,BSZZ,123,0.95,0.05,0.04336853919285684,0.4593020622196482,0.2680837224574183
commons-compress,BSZZ,123,0.95,0.1,0.04678326223704167,0.471579978396325,0.2680837224574183
commons-compress,BSZZ,123,0.95,0.25,0.051104095874444214,0.5101557109892249,0.2680837224574183
commons-compress,BSZZ,123,0.99,0.0,0.026413949443700846,0.4855063201130491,0.1735757338627665
commons-compress,BSZZ,123,0.99,0.05,0.03108433005059346,0.5028101517039304,0.1735757338627665
commons-compress,BSZZ,123,0.99,0.1,0.03685634424046335,0.5086880759448578,0.1735757338627665
commons-compress,BSZZ,123,0.99,0.25,0.046271188314709444,0.5412704104283586,0.1735757338627665
commons-compress,BSZZ,123,0.995,0.0,0.016321880002924637,0.4800899863821483,0.12150458028492797
commons-compress,BSZZ,123,0.995,0.05,0.020275684756520765,0.4971323435606773,0.12150458028492797
commons-compress,BSZZ,123,0.995,0.1,0.02528477815884606,0.5014095783112209,0.12150458028492797
commons-compress,BSZZ,123,0.995,0.25,0.035051259063803665,0.528377090699855,0.12150458028492797
commons-compress,BSZZ,123,0.999,0.0,-0.003819654771693008,0.46593648127784687,0.0639886646883258
commons-compress,BSZZ,123,0.999,0.05,-0.0010558019324424907,0.48227584064313356,0.0639886646883258
commons-compress,BSZZ,123,0.999,0.1,0.0025426236123816995,0.4848686398218699,0.0639886646883258
commons-compress,BSZZ,123,0.999,0.25,0.009834856655766902,0.503954520641632,0.0639886646883258
commons-compress,BSZZ,202,0.9,0.0,0.04048658867307146,0.4133587244789584,0.32616341678327465
commons-compress,BSZZ,202,0.9,0.05,0.04688841793859838,0.4269067089191789,0.32616341678327465
commons-compress,BSZZ,202,0.9,0.1,0.042543459996730155,0.42532019602739224,0.32616341678327465
commons-compress,BSZZ,202,0.9,0.25,0.05373353418498187,0.4610023260313462,0.32616341678327465
commons-compress,BSZZ,202,0.95,0.0,0.04292463864501688,0.4709006387146053,0.33319399948678646
commons-compress,BSZZ,202,0.95,0.05,0.049100846013993386,0.48588304996348103,0.33319399948678646
commons-compress,BSZZ,202,0.95,0.1,0.04681461078805799,0.48727554505104576,0.33319399948678646
commons-compress,BSZZ,202,0.95,0.25,0.059342747977690354,0.5222226978165302,0.33319399948678646
commons-compress,BSZZ,202,0.99,0.0,0.04121157430243265,0.5071241881077356,0.1865213768593135
commons-compress,BSZZ,202,0.99,0.05,0.045955061833526406,0.5230685306132177,0.1865213768593135
commons-compress,BSZZ,202,0.99,0.1,0.04788585489517448,0.5256201373525369,0.1865213768593135
commons-compress,BSZZ,202,0.99,0.25,0.05891984875714501,0.5502209593505414,0.1865213768593135
commons-compress,BSZZ,202,0.995,0.0,0.03318401735364638,0.5007825065233992,0.1304921989296281
commons-compress,BSZZ,202,0.995,0.05,0.03734938390851693,0.5163620271912351,0.1304921989296281
commons-compress,BSZZ,202,0.995,0.1,0.039293326470006794,0.5182852088228855,0.1304921989296281
commons-compress,BSZZ,202,0.995,0.25,0.04805924270204253,0.5376131154094073,0.1304921989296281
commons-compress,BSZZ,202,0.999,0.0,0.01341243819338309,0.4858136471537954,0.07862035276195475
commons-compress,BSZZ,202,0.999,0.05,0.016429319722917182,0.50060086014796,0.07862035276195475
commons-compress,BSZZ,202,0.999,0.1,0.017513327964122114,0.5014568454432854,0.07862035276195475
commons-compress,BSZZ,202,0.999,0.25,0.02160848493811555,0.5137961291168915,0.07862035276195475
commons-compress,BSZZ,314,0.9,0.0,0.04225946275197128,0.4149347282500032,0.27041414456138574
commons-compress,BSZZ,314,0.9,0.05,0.04875399879631735,0.4285651247660499,0.27041414456138574
commons-compress,BSZZ,314,0.9,0.1,0.04835446103240438,0.43104244190274993,0.27041414456138574
commons-compress,BSZZ,314,0.9,0.25,0.0561151881520392,0.460992689569345,0.27041414456138574
commons-compress,BSZZ,314,0.95,0.0,0.04241273491918133,0.46753211220587254,0.3013240647122966
commons-compress,BSZZ,314,0.95,0.05,0.04856217392031234,0.4823383771363445,0.3013240647122966
commons-compress,BSZZ,314,0.95,0.1,0.048734915841918414,0.4862692741851603,0.3013240647122966
commons-compress,BSZZ,314,0.95,0.25,0.057920930511586755,0.5166694082807991,0.3013240647122966
commons-compress,BSZZ,314,0.99,0.0,0.0365834533052567,0.5031831673660443,0.1875549525700563
commons-compress,BSZZ,314,0.99,0.05,0.041084928053412254,0.5189214267985265,0.1875549525700563
commons-compress,BSZZ,314,0.99,0.1,0.0437993480685547,0.5222557631234501,0.1875549525700563
commons-compress,BSZZ,314,0.99,0.25,0.052947508194189113,0.5465812784298242,0.1875549525700563
commons-compress,BSZZ,314,0.995,0.0,0.027956460267617427,0.49649753065507074,0.13434189426862617
commons-compress,BSZZ,314,0.995,0.05,0.03184846844678212,0.511852982216816,0.13434189426862617
commons-compress,BSZZ,314,0.995,0.1,0.03434969567337748,0.5143117337769137,0.13434189426862617
commons-compress,BSZZ,314,0.995,0.25,0.04219525004788984,0.5341480704020877,0.13434189426862617
commons-compress,BSZZ,314,0.999,0.0,0.009377380556304419,0.4818596187767912,0.07411750353590367
commons-compress,BSZZ,314,0.999,0.05,0.012183261654203024,0.49644006850527644,0.07411750353590367
commons-compress,BSZZ,314,0.999,0.1,0.013750389610150408,0.4976902686404972,0.07411750353590367
commons-compress,BSZZ,314,0.999,0.25,0.018114642206864515,0.5111020746051712,0.07411750353590367
commons-compress,BSZZ,999,0.9,0.0,0.042664276188292216,0.40840179226335394,0.28635131585860757
commons-compress,BSZZ,999,0.9,0.05,0.05137694926692676,0.4233360046266746,0.28635131585860757
commons-compress,BSZZ,999,0.9,0.1,0.047057785846400906,0.4187629609824228,0.28635131585860757
commons-compress,BSZZ,999,0.9,0.25,0.0626127553048054,0.45589431036225314,0.28635131585860757
commons-compress,BSZZ,999,0.95,0.0,0.04385765468338103,0.4679415309358675,0.2938454749080666
commons-compress,BSZZ,999,0.95,0.05,0.05235273226483975,0.48464416562712853,0.2938454749080666
commons-compress,BSZZ,999,0.95,0.1,0.050316633651175086,0.48396797784027806,0.2938454749080666
commons-compress,BSZZ,999,0.95,0.25,0.0672474910339257,0.5178633927086689,0.2938454749080666
commons-compress,BSZZ,999,0.99,0.0,0.037113589406392145,0.5065065626233455,0.18043476893701793
commons-compress,BSZZ,999,0.99,0.05,0.04372889890062048,0.5246156468864303,0.18043476893701793
commons-compress,BSZZ,999,0.99,0.1,0.04682393807417957,0.5273835888412015,0.18043476893701793
commons-compress,BSZZ,999,0.99,0.25,0.06098891017144286,0.5507361204493035,0.18043476893701793
commons-compress,BSZZ,999,0.995,0.0,0.02713916796003245,0.49870739576488743,0.1295902358841711
commons-compress,BSZZ,999,0.995,0.05,0.03303009090929444,0.5164178292990674,0.1295902358841711
commons-compress,BSZZ,999,0.995,0.1,0.03630693455519568,0.5188918113648728,0.1295902358841711
commons-compress,BSZZ,999,0.995,0.25,0.04830952434698957,0.5371956329658817,0.1295902358841711
commons-compress,BSZZ,999,0.999,0.0,0.005374341842291588,0.48225333930227693,0.07460573496139972
commons-compress,BSZZ,999,0.999,0.05,0.009973190179058353,0.49912683834494526,0.07460573496139972
commons-compress,BSZZ,999,0.999,0.1,0.01250270217676105,0.5007839258735141,0.07460573496139972
commons-compress,BSZZ,999,0.999,0.25,0.020048381431523123,0.5125465240653053,0.07460573496139972
commons-compress,AGSZZ,7,0.9,0.0,0.0373983575965658,0.4014853328333542,0.05600282579917654
commons-compress,AGSZZ,7,0.9,0.05,0.0472668024791639,0.42132183772599,0.05600282579917654
commons-compress,AGSZZ,7,0.9,0.1,0.04716213425433909,0.4276192147927485,0.05600282579917654
commons-compress,AGSZZ,7,0.9,0.25,0.06747269831427208,0.4668050445613062,0.05600282579917654
commons-compress,AGSZZ,7,0.95,0.0,0.0382017155721719,0.4542977796170384,0.06098890958357993
commons-compress,AGSZZ,7,0.95,0.05,0.047707136725071896,0.4769697108770584,0.06098890958357993
commons-compress,AGSZZ,7,0.95,0.1,0.05071687180115874,0.4844035318621091,0.06098890958357993
commons-compress,AGSZZ,7,0.95,0.25,0.0706126624274693,0.5231114017476901,0.06098890958357993
commons-compress,AGSZZ,7,0.99,0.0,0.02731509987543486,0.4929872698222332,0.06685902083048127
commons-compress,AGSZZ,7,0.99,0.05,0.03481878082300843,0.5179328474796948,0.06685902083048127
commons-compress,AGSZZ,7,0.99,0.1,0.042848410488593426,0.5251929018866648,0.06685902083048127
commons-compress,AGSZZ,7,0.99,0.25,0.06173825557992554,0.5499107857512122,0.06685902083048127
commons-compress,AGSZZ,7,0.995,0.0,0.01624784035135689,0.4854781347778433,0.07169086445630436
commons-compress,AGSZZ,7,0.995,0.05,0.022909445987048773,0.5100697451742877,0.07169086445630436
commons-compress,AGSZZ,7,0.995,0.1,0.030687114974174125,0.5170601715180158,0.07169086445630436
commons-compress,AGSZZ,7,0.995,0.25,0.04836041492971994,0.5367778625182866,0.07169086445630436
commons-compress,AGSZZ,7,0.999,0.0,-0.009340333335074561,0.4672060616139255,0.05508647532190236
commons-compress,AGSZZ,7,0.999,0.05,-0.004236899432719477,0.4908736046941246,0.05508647532190236
commons-compress,AGSZZ,7,0.999,0.1,0.0022404042821384572,0.4971404831704121,0.05508647532190236
commons-compress,AGSZZ,7,0.999,0.25,0.01584674237602785,0.5105532792361518,0.05508647532190236
commons-compress,AGSZZ,13,0.9,0.0,0.06504180181529305,0.43393857650054113,0.14111979332748462
commons-compress,AGSZZ,13,0.9,0.05,0.07613499056892499,0.45547122693079256,0.14111979332748462
commons-compress,AGSZZ,13,0.9,0.1,0.07911584318451607,0.4668500709787736,0.14111979332748462
commons-compress,AGSZZ,13,0.9,0.25,0.09708210841327018,0.5104763949427809,0.14111979332748462
commons-compress,AGSZZ,13,0.95,0.0,0.06494654352976083,0.47835302869026525,0.0684644967730096
commons-compress,AGSZZ,13,0.95,0.05,0.07552918109579324,0.5022782737404923,0.0684644967730096
commons-compress,AGSZZ,13,0.95,0.1,0.08088015367364895,0.5126760593897518,0.0684644967730096
commons-compress,AGSZZ,13,0.95,0.25,0.09840007435151822,0.5534391158782905,0.0684644967730096
commons-compress,AGSZZ,13,0.99,0.0,0.05228840302853525,0.5112433490822376,0.038717868163715655
commons-compress,AGSZZ,13,0.99,0.05,0.060733628695859375,0.5371355364745117,0.038717868163715655
commons-compress,AGSZZ,13,0.99,0.1,0.06999320012387723,0.5454193604623956,0.038717868163715655
commons-compress,AGSZZ,13,0.99,0.25,0.08829028796327952,0.5718792142214036,0.038717868163715655
commons-compress,AGSZZ,13,0.995,0.0,0.04201165318717319,0.5046069952436114,0.06162854549092179
commons-compress,AGSZZ,13,0.995,0.05,0.049659138772446126,0.5301908129834845,0.06162854549092179
commons-compress,AGSZZ,13,0.995,0.1,0.058602001388789265,0.5381680786660098,0.06162854549092179
commons-compress,AGSZZ,13,0.995,0.25,0.07738413383267857,0.560396760428087,0.06162854549092179
commons-compress,AGSZZ,13,0.999,0.0,0.01372821426261217,0.4830625317998789,0.07836992092338872
commons-compress,AGSZZ,13,0.999,0.05,0.019680827461196593,0.5075512169029296,0.07836992092338872
commons-compress,AGSZZ,13,0.999,0.1,0.02708998897754351,0.5145662743671512,0.07836992092338872
commons-compress,AGSZZ,13,0.999,0.25,0.04249397007486434,0.5300518069013943,0.07836992092338872
commons-compress,AGSZZ,21,0.9,0.0,0.04288800112114195,0.39648682302636823,0.03313144051215593
commons-compress,AGSZZ,21,0.9,0.05,0.05304350935137769,0.41606194683807063,0.03313144051215593
commons-compress,AGSZZ,21,0.9,0.1,0.05526968223856207,0.4258500526311224,0.03313144051215593
commons-compress,AGSZZ,21,0.9,0.25,0.07670743534214627,0.46683897214042824,0.03313144051215593
commons-compress,AGSZZ,21,0.95,0.0,0.04385201442169581,0.44832352057168773,0.04392008793451641
commons-compress,AGSZZ,21,0.95,0.05,0.05365289987854123,0.4706830470656178,0.04392008793451641
commons-compress,AGSZZ,21,0.95,0.1,0.059056638469846615,0.48065850026881496,0.04392008793451641
commons-compress,AGSZZ,21,0.95,0.25,0.08033665107999581,0.5212844473018245,0.04392008793451641
commons-compress,AGSZZ,21,0.99,0.0,0.03587405820495907,0.4937388723980182,0.05677979191494945
commons-compress,AGSZZ,21,0.99,0.05,0.04382530249965432,0.5187237527079255,0.05677979191494945
commons-compress,AGSZZ,21,0.99,0.1,0.053376625967566316,0.5268349444132705,0.05677979191494945
commons-compress,AGSZZ,21,0.99,0.25,0.07532220861484025,0.5550953570796207,0.05677979191494945
commons-compress,AGSZZ,21,0.995,0.0,0.02649354492920606,0.4899578900075582,0.06140198554699345
commons-compress,AGSZZ,21,0.995,0.05,0.03369091691144784,0.5147837548737294,0.06140198554699345
commons-compress,AGSZZ,21,0.995,0.1,0.04289333571860001,0.5226275329380462,0.06140198554699345
commons-compress,AGSZZ,21,0.995,0.25,0.0645229180788619,0.5464324869846987,0.06140198554699345
commons-compress,AGSZZ,21,0.999,0.0,0.00010140914382948386,0.4727712302858907,0.06814897063229651
commons-compress,AGSZZ,21,0.999,0.05,0.005698568766514612,0.4967297860597174,0.06814897063229651
commons-compress,AGSZZ,21,0.999,0.1,0.013409086235284673,0.5037697945709807,0.06814897063229651
commons-compress,AGSZZ,21,0.999,0.25,0.031118706498129645,0.5210415861075205,0.06814897063229651
commons-compress,AGSZZ,42,0.9,0.0,0.04066796964455538,0.398243962495873,0.24071401920083202
commons-compress,AGSZZ,42,0.9,0.05,0.05048660681275818,0.41791007726803664,0.24071401920083202
commons-compress,AGSZZ,42,0.9,0.1,0.051487254905767256,0.42573787975450583,0.24071401920083202
commons-compress,AGSZZ,42,0.9,0.25,0.06946624567313257,0.4580040698173032,0.24071401920083202
commons-compress,AGSZZ,42,0.95,0.0,0.04153657729627266,0.45007649985123843,0.25764491603196366
commons-compress,AGSZZ,42,0.95,0.05,0.050895065562813424,0.4725231142778624,0.25764491603196366
commons-compress,AGSZZ,42,0.95,0.1,0.05510648549616578,0.48118654285518886,0.25764491603196366
commons-compress,AGSZZ,42,0.95,0.25,0.07257655946131764,0.5143495869334836,0.25764491603196366
commons-compress,AGSZZ,42,0.99,0.0,0.03080931948733018,0.4895692261728679,0.1562953084443702
commons-compress,AGSZZ,42,0.99,0.05,0.03813136518897477,0.5143280346396036,0.1562953084443702
commons-compress,AGSZZ,42,0.99,0.1,0.04661133822417586,0.5216550678782315,0.1562953084443702
commons-compress,AGSZZ,42,0.99,0.25,0.06466636238558039,0.5461223190918088,0.1562953084443702
commons-compress,AGSZZ,42,0.995,0.0,0.020718684573839716,0.4848454980161835,0.10075006742586587
commons-compress,AGSZZ,42,0.995,0.05,0.027252722478234657,0.5093959514723756,0.10075006742586587
commons-compress,AGSZZ,42,0.995,0.1,0.03537822968765,0.5164786421166919,0.10075006742586587
commons-compress,AGSZZ,42,0.995,0.25,0.052901722199503794,0.5364588269756438,0.10075006742586587
commons-compress,AGSZZ,42,0.999,0.0,-0.002882352818956305,0.47056649082268204,0.0636567094504438
commons-compress,AGSZZ,42,0.999,0.05,0.002201663908610011,0.49440173543564053,0.0636567094504438
commons-compress,AGSZZ,42,0.999,0.1,0.00902228687604261,0.5009056506835392,0.0636567094504438
commons-compress,AGSZZ,42,0.999,0.25,0.023121008838495345,0.5151015029730327,0.0636567094504438
commons-compress,AGSZZ,77,0.9,0.0,0.06244139893382023,0.42141434402447403,-0.09199052455415979
commons-compress,AGSZZ,77,0.9,0.05,0.073398607937033,0.4422920797803799,-0.09199052455415979
commons-compress,AGSZZ,77,0.9,0.1,0.0761891287683783,0.4519679423592278,-0.09199052455415979
commons-compress,AGSZZ,77,0.9,0.25,0.10111097852686152,0.4933606348883517,-0.09199052455415979
commons-compress,AGSZZ,77,0.95,0.0,0.06139551046461129,0.4705266392378928,-0.11285220478074177
commons-compress,AGSZZ,77,0.95,0.05,0.07179245811568107,0.4940426282870597,-0.11285220478074177
commons-compress,AGSZZ,77,0.95,0.1,0.07782362748715838,0.5045151802754573,-0.11285220478074177
commons-compress,AGSZZ,77,0.95,0.25,0.10370307147986274,0.5479852753528612,-0.11285220478074177
commons-compress,AGSZZ,77,0.99,0.0,0.049102856293424334,0.5084457843969984,-0.014436929033164432
commons-compress,AGSZZ,77,0.99,0.05,0.05738150398428364,0.5341916820930139,-0.014436929033164432
commons-compress,AGSZZ,77,0.99,0.1,0.06742239689092343,0.5429548905376916,-0.014436929033164432
commons-compress,AGSZZ,77,0.99,0.25,0.09380557110129303,0.5743765567134952,-0.014436929033164432
commons-compress,AGSZZ,77,0.995,0.0,0.03771209063087611,0.5011761287082086,0.05140954209321119
commons-compress,AGSZZ,77,0.995,0.05,0.045134744345871405,0.5265805402573986,0.05140954209321119
commons-compress,AGSZZ,77,0.995,0.1,0.05468275841793692,0.5348859076004105,0.05140954209321119
commons-compress,AGSZZ,77,0.995,0.25,0.07955233235498448,0.5607933500027726,0.05140954209321119
commons-compress,AGSZZ,77,0.999,0.0,0.006433240701816703,0.4781399181641965,0.08149820072930637
commons-compress,AGSZZ,77,0.999,0.05,0.012004386593477669,0.5023711909338126,0.08149820072930637
commons-compress,AGSZZ,77,0.999,0.1,0.0197447209797039,0.5095345253870015,0.08149820072930637
commons-compress,AGSZZ,77,0.999,0.25,0.03884346406406889,0.5273980446515115,0.08149820072930637
commons-compress,AGSZZ,101,0.9,0.0,0.06550129811536504,0.41647918453144867,0.05470568560644332
commons-compress,AGSZZ,101,0.9,0.05,0.07001879377297035,0.429085279489332,0.05470568560644332
commons-compress,AGSZZ,101,0.9,0.1,0.07611242471133702,0.44495338689958486,0.05470568560644332
commons-compress,AGSZZ,101,0.9,0.25,0.08694942775135656,0.4792599410574467,0.05470568560644332
commons-compress,AGSZZ,101,0.95,0.0,0.06706205910099926,0.47078351910515326,0.05509818667064312
commons-compress,AGSZZ,101,0.95,0.05,0.07185191498956266,0.485668937124214,0.05509818667064312
commons-compress,AGSZZ,101,0.95,0.1,0.08015875424026993,0.4995653048065257,0.05509818667064312
commons-compress,AGSZZ,101,0.95,0.25,0.0913312998692859,0.535154727136194,0.05509818667064312
commons-compress,AGSZZ,101,0.99,0.0,0.06166457064555815,0.5173519121727411,0.06170794030425597
commons-compress,AGSZZ,101,0.99,0.05,0.06558132962627222,0.5344853988438278,0.06170794030425597
commons-compress,AGSZZ,101,0.99,0.1,0.07367677209321252,0.541306564267931,0.06170794030425597
commons-compress,AGSZZ,101,0.99,0.25,0.08784095142726565,0.5681804812585954,0.06170794030425597
commons-compress,AGSZZ,101,0.995,0.0,0.05384173125027762,0.5139163490285565,0.07378297037724885
commons-compress,AGSZZ,101,0.995,0.05,0.05722738518596868,0.5308603499943984,0.07378297037724885
commons-compress,AGSZZ,101,0.995,0.1,0.06437056772316942,0.5365116501476102,0.07378297037724885
commons-compress,AGSZZ,101,0.995,0.25,0.0790459368856507,0.5590325848744097,0.07378297037724885
commons-compress,AGSZZ,101,0.999,0.0,0.0325438070352269,0.4991181351418438,0.08697516362643332
commons-compress,AGSZZ,101,0.999,0.05,0.03471474527945305,0.515282570458209,0.08697516362643332
commons-compress,AGSZZ,101,0.999,0.1,0.040125947321210206,0.5194929049434633,0.08697516362643332
commons-compress,AGSZZ,101,0.999,0.25,0.05205094133146486,0.5353957734075486,0.08697516362643332
commons-compress,AGSZZ,123,0.9,0.0,0.045180071334029466,0.4097117035763917,0.054724163057428124
commons-compress,AGSZZ,123,0.9,0.05,0.05523465442660114,0.4299774871849155,0.054724163057428124
commons-compress,AGSZZ,123,0.9,0.1,0.055592871944395,0.43660697978951735,0.054724163057428124
commons-compress,AGSZZ,123,0.9,0.25,0.08355886266490621,0.4732461685015049,0.054724163057428124
commons-compress,AGSZZ,123,0.95,0.0,0.04751917508008303,0.4627000959257073,0.05583997536442475
commons-compress,AGSZZ,123,0.95,0.05,0.057190504160367264,0.4858068209282073,0.05583997536442475
commons-compress,AGSZZ,123,0.95,0.1,0.061057972137849484,0.4940071830713475,0.05583997536442475
commons-compress,AGSZZ,123,0.95,0.25,0.08816245929642079,0.5323153736680103,0.05583997536442475
commons-compress,AGSZZ,123,0.99,0.0,0.04154092561876828,0.502831043024827,0.06453081574505848
commons-compress,AGSZZ,123,0.99,0.05,0.04942414633438735,0.5282833357814328,0.06453081574505848
commons-compress,AGSZZ,123,0.99,0.1,0.05834555159966175,0.5361969998948567,0.06453081574505848
commons-compress,AGSZZ,123,0.99,0.25,0.08260008327627029,0.5635011498121124,0.06453081574505848
commons-compress,AGSZZ,123,0.995,0.0,0.031258821151095476,0.4965929028544946,0.07329160267453276
commons-compress,AGSZZ,123,0.995,0.05,0.038344021781609026,0.5217576492686615,0.07329160267453276
commons-compress,AGSZZ,123,0.995,0.1,0.04696260949212047,0.5294111311437637,0.07329160267453276
commons-compress,AGSZZ,123,0.995,0.25,0.06899587419485846,0.551412600866579,0.07329160267453276
commons-compress,AGSZZ,123,0.999,0.0,0.0019342666967466498,0.4759295590177813,0.07251115137591346
commons-compress,AGSZZ,123,0.999,0.05,0.0072701531343013015,0.5000452481264163,0.07251115137591346
commons-compress,AGSZZ,123,0.999,0.1,0.01428780670022697,0.5067873550702718,0.07251115137591346
commons-compress,AGSZZ,123,0.999,0.25,0.030363579799609554,0.5215199079224399,0.07251115137591346
commons-compress,AGSZZ,202,0.9,0.0,0.05534510941391423,0.3990441415355855,0.1323937904810803
commons-compress,AGSZZ,202,0.9,0.05,0.06088845768224226,0.4110899322992957,0.1323937904810803
commons-compress,AGSZZ,202,0.9,0.1,0.0671206247650649,0.4272218247523624,0.1323937904810803
commons-compress,AGSZZ,202,0.9,0.25,0.07932244363216802,0.46552163245182193,0.1323937904810803
commons-compress,AGSZZ,202,0.95,0.0,0.05651748276092547,0.4551443917270752,0.06679736149728324
commons-compress,AGSZZ,202,0.95,0.05,0.06131914711424699,0.4693836281512191,0.06679736149728324
commons-compress,AGSZZ,202,0.95,0.1,0.06962863325312363,0.4831720356739898,0.06679736149728324
commons-compress,AGSZZ,202,0.95,0.25,0.08266584776043027,0.5230947857298243,0.06679736149728324
commons-compress,AGSZZ,202,0.99,0.0,0.05635374773501061,0.5106487506608727,0.040578564194063825
commons-compress,AGSZZ,202,0.99,0.05,0.059853829171313315,0.5274283489478618,0.040578564194063825
commons-compress,AGSZZ,202,0.99,0.1,0.06780603048691448,0.5339991306000839,0.040578564194063825
commons-compress,AGSZZ,202,0.99,0.25,0.08379672313372832,0.5634443456347915,0.040578564194063825
commons-compress,AGSZZ,202,0.995,0.0,0.04914882154804715,0.5088083224034469,0.053267128853279284
commons-compress,AGSZZ,202,0.995,0.05,0.05208487129499642,0.5254631353090631,0.053267128853279284
commons-compress,AGSZZ,202,0.995,0.1,0.059043543663386024,0.5308920281104643,0.053267128853279284
commons-compress,AGSZZ,202,0.995,0.25,0.07531583476321356,0.5554302134442771,0.053267128853279284
commons-compress,AGSZZ,202,0.999,0.0,0.028872163842635818,0.49589393061566384,0.07272690921996758
commons-compress,AGSZZ,202,0.999,0.05,0.030600129565069432,0.5118539809285405,0.07272690921996758
commons-compress,AGSZZ,202,0.999,0.1,0.035821097910552026,0.5159037917426428,0.07272690921996758
commons-compress,AGSZZ,202,0.999,0.25,0.04900766714254561,0.5333435067639791,0.07272690921996758
commons-compress,AGSZZ,314,0.9,0.0,0.054430017903590436,0.40773559969695644,0.059047944860886284
commons-compress,AGSZZ,314,0.9,0.05,0.0589727598112576,0.42001831753041136,0.059047944860886284
commons-compress,AGSZZ,314,0.9,0.1,0.06338693709121843,0.43361426163285793,0.059047944860886284
commons-compress,AGSZZ,314,0.9,0.25,0.06996745586704618,0.4594117651777038,0.059047944860886284
commons-compress,AGSZZ,314,0.95,0.0,0.056429695031133334,0.4621728094990739,0.0605485017554994
commons-compress,AGSZZ,314,0.95,0.05,0.06081502977454997,0.47666422124351665,0.0605485017554994
commons-compress,AGSZZ,314,0.95,0.1,0.06749871879718403,0.488882091315321,0.0605485017554994
commons-compress,AGSZZ,314,0.95,0.25,0.07409924311036664,0.5166448611793355,0.0605485017554994
commons-compress,AGSZZ,314,0.99,0.0,0.05358860392821427,0.5092073480648992,0.054439790004218516
commons-compress,AGSZZ,314,0.99,0.05,0.056998383996993474,0.5259085039592711,0.054439790004218516
commons-compress,AGSZZ,314,0.99,0.1,0.06421379973629943,0.5319158453018266,0.054439790004218516
commons-compress,AGSZZ,314,0.99,0.25,0.07456399357104287,0.5545261190626529,0.054439790004218516
commons-compress,AGSZZ,314,0.995,0.0,0.04724296997285839,0.5078213681613634,0.05593825790880463
commons-compress,AGSZZ,314,0.995,0.05,0.05018152990271047,0.5244343429446462,0.05593825790880463
commons-compress,AGSZZ,314,0.995,0.1,0.05658789590572422,0.5294618910849789,0.05593825790880463
commons-compress,AGSZZ,314,0.995,0.25,0.06786385535776966,0.5484891339776544,0.05593825790880463
commons-compress,AGSZZ,314,0.999,0.0,0.031737007628730794,0.49929784129237437,0.06709559492647124
commons-compress,AGSZZ,314,0.999,0.05,0.033752106703695654,0.5154552220988061,0.06709559492647124
commons-compress,AGSZZ,314,0.999,0.1,0.03880406403782702,0.5194563140584779,0.06709559492647124
commons-compress,AGSZZ,314,0.999,0.25,0.048688814356329616,0.5335191781490644,0.06709559492647124
commons-compress,AGSZZ,999,0.9,0.0,0.055295854821143,0.4121513472807912,0.08540659349408093
commons-compress,AGSZZ,999,0.9,0.05,0.06610019206990686,0.4325455972801038,0.08540659349408093
commons-compress,AGSZZ,999,0.9,0.1,0.06630107568304253,0.43807983559399616,0.08540659349408093
commons-compress,AGSZZ,999,0.9,0.25,0.08098588868838213,0.47251093643245484,0.08540659349408093
commons-compress,AGSZZ,999,0.95,0.0,0.0539192767602417,0.45909133918951944,0.08243249596668034
commons-compress,AGSZZ,999,0.95,0.05,0.06424659749754044,0.4820139343135621,0.08243249596668034
commons-compress,AGSZZ,999,0.95,0.1,0.06735266031698892,0.4887258112650632,0.08243249596668034
commons-compress,AGSZZ,999,0.95,0.25,0.08056816956342122,0.5210511917685781,0.08243249596668034
commons-compress,AGSZZ,999,0.99,0.0,0.04232321303567874,0.49764073005649545,0.05525581491768163
commons-compress,AGSZZ,999,0.99,0.05,0.05061169525244521,0.5228296455312426,0.05525581491768163
commons-compress,AGSZZ,999,0.99,0.1,0.05896505218199263,0.5299609399001464,0.05525581491768163
commons-compress,AGSZZ,999,0.99,0.25,0.07342251922166822,0.5515244430720785,0.05525581491768163
commons-compress,AGSZZ,999,0.995,0.0,0.0342358733230842,0.4954698735092571,0.057303624285554064
commons-compress,AGSZZ,999,0.995,0.05,0.04183810560222987,0.5205839699207075,0.057303624285554064
commons-compress,AGSZZ,999,0.995,0.1,0.05019583800189899,0.5278484473403879,0.057303624285554064
commons-compress,AGSZZ,999,0.995,0.25,0.0657847989119804,0.546482540183764,0.057303624285554064
commons-compress,AGSZZ,999,0.999,0.0,0.009263872309726355,0.4800953000575589,0.0707769014230795
commons-compress,AGSZZ,999,0.999,0.05,0.015340153634437075,0.5044368446315826,0.0707769014230795
commons-compress,AGSZZ,999,0.999,0.1,0.022499388830827954,0.5112123473102038,0.0707769014230795
commons-compress,AGSZZ,999,0.999,0.25,0.035673080419741446,0.5248127595574867,0.0707769014230795
commons-compress,MASZZ,7,0.9,0.0,0.052568294849016026,0.3693760895449959,0.02043839867828093
commons-compress,MASZZ,7,0.9,0.05,0.058758769405976075,0.3821604813598055,0.02043839867828093
commons-compress,MASZZ,7,0.9,0.1,0.06427049039247153,0.3953433847083944,0.02043839867828093
commons-compress,MASZZ,7,0.9,0.25,0.07467176544118381,0.41707723835365246,0.02043839867828093
commons-compress,MASZZ,7,0.95,0.0,0.0522405478518216,0.42792014842541254,0.043279839026581834
commons-compress,MASZZ,7,0.95,0.05,0.05812718525884536,0.44372957865754475,0.043279839026581834
commons-compress,MASZZ,7,0.95,0.1,0.06616392290376231,0.4554666524530908,0.043279839026581834
commons-compress,MASZZ,7,0.95,0.25,0.07550018655068426,0.4807473290007465,0.043279839026581834
commons-compress,MASZZ,7,0.99,0.0,0.04903205024205455,0.5006612169323653,0.046254083711458255
commons-compress,MASZZ,7,0.99,0.05,0.05390812847713053,0.5205859158790781,0.046254083711458255
commons-compress,MASZZ,7,0.99,0.1,0.06264599008782247,0.527614486333764,0.046254083711458255
commons-compress,MASZZ,7,0.99,0.25,0.07672710084816335,0.5527943917930749,0.046254083711458255
commons-compress,MASZZ,7,0.995,0.0,0.043907976635522636,0.5026161835380242,0.06485395212467432
commons-compress,MASZZ,7,0.995,0.05,0.04838070450304087,0.522703835357934,0.06485395212467432
commons-compress,MASZZ,7,0.995,0.1,0.0564474400348567,0.529150443917527,0.06485395212467432
commons-compress,MASZZ,7,0.995,0.25,0.07220194464990327,0.5511825459688201,0.06485395212467432
commons-compress,MASZZ,7,0.999,0.0,0.02511307092978955,0.4913286963825444,0.08744088054419615
commons-compress,MASZZ,7,0.999,0.05,0.02849433794355121,0.5108779352053697,0.08744088054419615
commons-compress,MASZZ,7,0.999,0.1,0.03507800885626896,0.5163576390948184,0.08744088054419615
commons-compress,MASZZ,7,0.999,0.25,0.049091600506224284,0.5326014055319124,0.08744088054419615
commons-compress,MASZZ,13,0.9,0.0,0.0499214352013746,0.3673110001861638,0.17851026904388007
commons-compress,MASZZ,13,0.9,0.05,0.05597350069993636,0.37998740475883946,0.17851026904388007
commons-compress,MASZZ,13,0.9,0.1,0.061968001943646815,0.3943835091632635,0.17851026904388007
commons-compress,MASZZ,13,0.9,0.25,0.07373644772612399,0.4219464058429909,0.17851026904388007
commons-compress,MASZZ,13,0.95,0.0,0.04670471914111563,0.4221825219247821,0.19384493012240742
commons-compress,MASZZ,13,0.95,0.05,0.05230187809393204,0.43769192133280127,0.19384493012240742
commons-compress,MASZZ,13,0.95,0.1,0.060453453937194104,0.4497989721129488,0.19384493012240742
commons-compress,MASZZ,13,0.95,0.25,0.07195602884637635,0.4804435008285837,0.19384493012240742
commons-compress,MASZZ,13,0.99,0.0,0.04303238989121074,0.4989425607447925,0.11599617119156667
commons-compress,MASZZ,13,0.99,0.05,0.04759473508018062,0.5187773880638787,0.11599617119156667
commons-compress,MASZZ,13,0.99,0.1,0.05604503210111442,0.5257685794462321,0.11599617119156667
commons-compress,MASZZ,13,0.99,0.25,0.07057749500577348,0.5526266313416606,0.11599617119156667
commons-compress,MASZZ,13,0.995,0.0,0.03570459241241628,0.49834163028386874,0.09360732268340485
commons-compress,MASZZ,13,0.995,0.05,0.03974835054328404,0.5182057580149556,0.09360732268340485
commons-compress,MASZZ,13,0.995,0.1,0.047375269766424165,0.5244390445953366,0.09360732268340485
commons-compress,MASZZ,13,0.995,0.25,0.06287941640124996,0.5472000841341951,0.09360732268340485
commons-compress,MASZZ,13,0.999,0.0,0.013279329563199384,0.4828759375233766,0.07978180922995579
commons-compress,MASZZ,13,0.999,0.05,0.016041788926416316,0.5019831663606676,0.07978180922995579
commons-compress,MASZZ,13,0.999,0.1,0.021959182556272116,0.5069900776662266,0.07978180922995579
commons-compress,MASZZ,13,0.999,0.25,0.034740832971291255,0.5227244901668306,0.07978180922995579
commons-compress,MASZZ,21,0.9,0.0,0.056385909973199394,0.3931761445946558,0.25173500006896166
commons-compress,MASZZ,21,0.9,0.05,0.06277601450114645,0.4072050841557678,0.25173500006896166
commons-compress,MASZZ,21,0.9,0.1,0.0685122849748975,0.4217878903191275,0.25173500006896166
commons-compress,MASZZ,21,0.9,0.25,0.08713115072488538,0.4539323264911139,0.25173500006896166
commons-compress,MASZZ,21,0.95,0.0,0.055938627784030144,0.4529653505213735,0.23102030398155024
commons-compress,MASZZ,21,0.95,0.05,0.06201864445155029,0.47008443948157064,0.23102030398155024
commons-compress,MASZZ,21,0.95,0.1,0.07027290060621624,0.4832946547819362,0.23102030398155024
commons-compress,MASZZ,21,0.95,0.25,0.08742545479036966,0.5178472744516859,0.23102030398155024
commons-compress,MASZZ,21,0.99,0.0,0.046433543344885836,0.5027957816249844,0.16158613849925324
commons-compress,MASZZ,21,0.99,0.05,0.05117374097397687,0.5228321008041711,0.16158613849925324
commons-compress,MASZZ,21,0.99,0.1,0.05975876020207945,0.5299862248811185,0.16158613849925324
commons-compress,MASZZ,21,0.99,0.25,0.07777336732953076,0.5575404557616926,0.16158613849925324
commons-compress,MASZZ,21,0.995,0.0,0.03553387482195262,0.4965309615485366,0.1212498864321658
commons-compress,MASZZ,21,0.995,0.05,0.03956870582252497,0.5163004061501453,0.1212498864321658
commons-compress,MASZZ,21,0.995,0.1,0.04714288246422334,0.5223890861514296,0.1212498864321658
commons-compress,MASZZ,21,0.995,0.25,0.06431820665661109,0.5444681623699538,0.1212498864321658
commons-compress,MASZZ,21,0.999,0.0,0.010706100494213137,0.48148786212994554,0.0826214096974057
commons-compress,MASZZ,21,0.999,0.05,0.013334001074610255,0.5005225060047653,0.0826214096974057
commons-compress,MASZZ,21,0.999,0.1,0.019070263927850734,0.5054233788141531,0.0826214096974057
commons-compress,MASZZ,21,0.999,0.25,0.03209300644107342,0.5204970002604787,0.0826214096974057
commons-compress,MASZZ,42,0.9,0.0,0.04747749393897103,0.3831473542649399,0.21778762704708676
commons-compress,MASZZ,42,0.9,0.05,0.05439076248081048,0.39682546271259184,0.21778762704708676
commons-compress,MASZZ,42,0.9,0.1,0.05974568537683132,0.4108955404462756,0.21778762704708676
commons-compress,MASZZ,42,0.9,0.25,0.06924422701261919,0.43573222012481755,0.21778762704708676
commons-compress,MASZZ,42,0.95,0.0,0.0470824772519637,0.44145698366067626,0.20704943506146514
commons-compress,MASZZ,42,0.95,0.05,0.05339132157213492,0.4581066628286299,0.20704943506146514
commons-compress,MASZZ,42,0.95,0.1,0.06140543201018659,0.4708484049449799,0.20704943506146514
commons-compress,MASZZ,42,0.95,0.25,0.06979617676842635,0.49920750513200013,0.20704943506146514
commons-compress,MASZZ,42,0.99,0.0,0.03668951067065761,0.49265431003694876,0.1506828860589007
commons-compress,MASZZ,42,0.99,0.05,0.04127739426897281,0.5122279614572571,0.1506828860589007
commons-compress,MASZZ,42,0.99,0.1,0.04970157612073358,0.5190565477778476,0.1506828860589007
commons-compress,MASZZ,42,0.99,0.25,0.06149989772514504,0.542879772898054,0.1506828860589007
commons-compress,MASZZ,42,0.995,0.0,0.026327204949633146,0.48762124473649715,0.10894288017114644
commons-compress,MASZZ,42,0.995,0.05,0.03019740660208485,0.5069844113167814,0.10894288017114644
commons-compress,MASZZ,42,0.995,0.1,0.03764237520446526,0.5128028079743691,0.10894288017114644
commons-compress,MASZZ,42,0.995,0.25,0.050101103837349954,0.532062942761622,0.10894288017114644
commons-compress,MASZZ,42,0.999,0.0,0.005267235373590546,0.4765296995486903,0.06918308370200882
commons-compress,MASZZ,42,0.999,0.05,0.007896526089824111,0.49535859299744417,0.06918308370200882
commons-compress,MASZZ,42,0.999,0.1,0.013721100188825289,0.500203652769071,0.06918308370200882
commons-compress,MASZZ,42,0.999,0.25,0.024094279080702524,0.5138339209921537,0.06918308370200882
commons-compress,MASZZ,77,0.9,0.0,0.06909838431891974,0.4145492049163056,0.25205343854495654
commons-compress,MASZZ,77,0.9,0.05,0.07714224816145374,0.42986937269433895,0.25205343854495654
commons-compress,MASZZ,77,0.9,0.1,0.08376889691010767,0.4457864856144598,0.25205343854495654
commons-compress,MASZZ,77,0.9,0.25,0.09806029513961541,0.47758423693734914,0.25205343854495654
commons-compress,MASZZ,77,0.95,0.0,0.06918898420760869,0.46801826915294276,0.22877067580225355
commons-compress,MASZZ,77,0.95,0.05,0.07665381759389175,0.4860568857804662,0.22877067580225355
commons-compress,MASZZ,77,0.95,0.1,0.08596821751645879,0.5003609443808317,0.22877067580225355
commons-compress,MASZZ,77,0.95,0.25,0.099259468949703,0.5346080736948737,0.22877067580225355
commons-compress,MASZZ,77,0.99,0.0,0.05350445872079933,0.5105378752332344,0.16042059699043665
commons-compress,MASZZ,77,0.99,0.05,0.05897162623910258,0.5310466904888551,0.16042059699043665
commons-compress,MASZZ,77,0.99,0.1,0.06838485173200216,0.5389271757737204,0.16042059699043665
commons-compress,MASZZ,77,0.99,0.25,0.08391066250170352,0.5667147780247469,0.16042059699043665
commons-compress,MASZZ,77,0.995,0.0,0.04289783429701677,0.5042552433714241,0.12693506268779547
commons-compress,MASZZ,77,0.995,0.05,0.04763454400443173,0.5244882317008557,0.12693506268779547
commons-compress,MASZZ,77,0.995,0.1,0.05605418559044707,0.5312850286798435,0.12693506268779547
commons-compress,MASZZ,77,0.995,0.25,0.07218624352356035,0.5542325402881395,0.12693506268779547
commons-compress,MASZZ,77,0.999,0.0,0.017451195418973376,0.4862868993374936,0.09695808104528836
commons-compress,MASZZ,77,0.999,0.05,0.020717607351266338,0.505626014337502,0.09695808104528836
commons-compress,MASZZ,77,0.999,0.1,0.027258833572584,0.5110449858677414,0.09695808104528836
commons-compress,MASZZ,77,0.999,0.25,0.040332917571278167,0.5268382019862253,0.09695808104528836
commons-compress,MASZZ,101,0.9,0.0,0.06712405359642756,0.4102929456519931,0.22584958357908505
commons-compress,MASZZ,101,0.9,0.05,0.0740756749955699,0.4252169535705256,0.22584958357908505
commons-compress,MASZZ,101,0.9,0.1,0.08044355566737324,0.4408065581606134,0.22584958357908505
commons-compress,MASZZ,101,0.9,0.25,0.09407150931549357,0.47161074240467893,0.22584958357908505
commons-compress,MASZZ,101,0.95,0.0,0.06620333691067665,0.465305249279728,0.20950276423135866
commons-compress,MASZZ,101,0.95,0.05,0.07282011370683356,0.4830696137721568,0.20950276423135866
commons-compress,MASZZ,101,0.95,0.1,0.0816781329691568,0.4970056534023301,0.20950276423135866
commons-compress,MASZZ,101,0.95,0.25,0.09410962740590398,0.5305737512350344,0.20950276423135866
commons-compress,MASZZ,101,0.99,0.0,0.052494140510522196,0.509315549869317,0.15523357305276775
commons-compress,MASZZ,101,0.99,0.05,0.05755125768152192,0.529692799473159,0.15523357305276775
commons-compress,MASZZ,101,0.99,0.1,0.06649275705278651,0.5372304118192658,0.15523357305276775
commons-compress,MASZZ,101,0.99,0.25,0.08134133399419953,0.5643287848325119,0.15523357305276775
commons-compress,MASZZ,101,0.995,0.0,0.04237209031852229,0.5035050478318821,0.12048707714827704
commons-compress,MASZZ,101,0.995,0.05,0.04676450392414444,0.5236391799667063,0.12048707714827704
commons-compress,MASZZ,101,0.995,0.1,0.05474089968263408,0.5301380709107024,0.12048707714827704
commons-compress,MASZZ,101,0.995,0.25,0.07015493345063051,0.5523672138338965,0.12048707714827704
commons-compress,MASZZ,101,0.999,0.0,0.01885049616645716,0.48739764942743896,0.09098192701273733
commons-compress,MASZZ,101,0.999,0.05,0.02190428186593224,0.5067413267245292,0.09098192701273733
commons-compress,MASZZ,101,0.999,0.1,0.028119592452566317,0.5119898091447013,0.09098192701273733
commons-compress,MASZZ,101,0.999,0.25,0.04074491459924817,0.5273621524355739,0.09098192701273733
commons-compress,MASZZ,123,0.9,0.0,0.057758756383854214,0.3861533057177244,0.27480578987978055
commons-compress,MASZZ,123,0.9,0.05,0.06422064952333323,0.3998150083846908,0.27480578987978055
commons-compress,MASZZ,123,0.9,0.1,0.07003766987562507,0.413984736011426,0.27480578987978055
commons-compress,MASZZ,123,0.9,0.25,0.07291473683273951,0.43227048363187753,0.27480578987978055
commons-compress,MASZZ,123,0.95,0.0,0.05746926146573832,0.4392721359207809,0.2844837424833745
commons-compress,MASZZ,123,0.95,0.05,0.06362931772539426,0.4556751820258148,0.2844837424833745
commons-compress,MASZZ,123,0.95,0.1,0.0719736046970031,0.4680799718923889,0.2844837424833745
commons-compress,MASZZ,123,0.95,0.25,0.07649567608651113,0.49135975082620886,0.2844837424833745
commons-compress,MASZZ,123,0.99,0.0,0.052984106004850685,0.5036083647072099,0.15158121955661
commons-compress,MASZZ,123,0.99,0.05,0.05806684435405608,0.52368717531936,0.15158121955661
commons-compress,MASZZ,123,0.99,0.1,0.06703716315759593,0.5308890949724802,0.15158121955661
commons-compress,MASZZ,123,0.99,0.25,0.08033352746296646,0.5556806821766076,0.15158121955661
commons-compress,MASZZ,123,0.995,0.0,0.045205955641969615,0.5026213249021957,0.11133852013711162
commons-compress,MASZZ,123,0.995,0.05,0.04974655716960548,0.5227092455732985,0.11133852013711162
commons-compress,MASZZ,123,0.995,0.1,0.05788963893090888,0.5291561565443842,0.11133852013711162
commons-compress,MASZZ,123,0.995,0.25,0.07295806773474285,0.5506590132983028,0.11133852013711162
commons-compress,MASZZ,123,0.999,0.0,0.02376375334593933,0.4904186744139931,0.08794228345343781
commons-compress,MASZZ,123,0.999,0.05,0.027074462112901862,0.5099203265489859,0.08794228345343781
commons-compress,MASZZ,123,0.999,0.1,0.0335787670964354,0.515346503574206,0.08794228345343781
commons-compress,MASZZ,123,0.999,0.25,0.046783052949842086,0.5311256688062175,0.08794228345343781
commons-compress,MASZZ,202,0.9,0.0,0.06234487299967204,0.3891116723643791,0.232775069326798
commons-compress,MASZZ,202,0.9,0.05,0.07003558357115436,0.4031016657481541,0.232775069326798
commons-compress,MASZZ,202,0.9,0.1,0.07626499544427691,0.4175225605567636,0.232775069326798
commons-compress,MASZZ,202,0.9,0.25,0.08606589080687967,0.4374209495681288,0.232775069326798
commons-compress,MASZZ,202,0.95,0.0,0.06281864814048098,0.4440975820740008,0.2187116179787897
commons-compress,MASZZ,202,0.95,0.05,0.0699503651798064,0.4608853428891328,0.2187116179787897
commons-compress,MASZZ,202,0.95,0.1,0.07889006633076133,0.47378240318200726,0.2187116179787897
commons-compress,MASZZ,202,0.95,0.25,0.08764951715518134,0.49717504367405635,0.2187116179787897
commons-compress,MASZZ,202,0.99,0.0,0.05928642645830935,0.5129098419521914,0.1177727153118319
commons-compress,MASZZ,202,0.99,0.05,0.0650559434838678,0.5335426916198428,0.1177727153118319
commons-compress,MASZZ,202,0.99,0.1,0.07480926032923552,0.5415626943503394,0.1177727153118319
commons-compress,MASZZ,202,0.99,0.25,0.08857166602764581,0.5658370235640703,0.1177727153118319
commons-compress,MASZZ,202,0.995,0.0,0.05265858411049569,0.5120877719744851,0.09661135919786536
commons-compress,MASZZ,202,0.995,0.05,0.057905701006349494,0.5327303373322237,0.09661135919786536
commons-compress,MASZZ,202,0.995,0.1,0.0668994631609792,0.5399878382388,0.09661135919786536
commons-compress,MASZZ,202,0.995,0.25,0.08257058660397384,0.5615865487289876,0.09661135919786536
commons-compress,MASZZ,202,0.999,0.0,0.03073431757640617,0.4966679640683884,0.09444910299079501
commons-compress,MASZZ,202,0.999,0.05,0.034695327891366694,0.5165499236411548,0.09444910299079501
commons-compress,MASZZ,202,0.999,0.1,0.04201785819195376,0.5225795022354023,0.09444910299079501
commons-compress,MASZZ,202,0.999,0.25,0.0560519535441849,0.53859025749273,0.09444910299079501
commons-compress,MASZZ,314,0.9,0.0,0.046835785924970716,0.3600042967897632,0.2555424213735432
commons-compress,MASZZ,314,0.9,0.05,0.052726497265114955,0.3722986206812842,0.2555424213735432
commons-compress,MASZZ,314,0.9,0.1,0.05790103603242118,0.38493028164702464,0.2555424213735432
commons-compress,MASZZ,314,0.9,0.25,0.06164306300486587,0.4004112080332352,0.2555424213735432
commons-compress,MASZZ,314,0.95,0.0,0.04451608765058551,0.41707750574453406,0.2562998758718617
commons-compress,MASZZ,314,0.95,0.05,0.04999879912068214,0.4323199546615266,0.2562998758718617
commons-compress,MASZZ,314,0.95,0.1,0.05758118934683331,0.44341927169655915,0.2562998758718617
commons-compress,MASZZ,314,0.95,0.25,0.06133088098538789,0.4634309181356469,0.2562998758718617
commons-compress,MASZZ,314,0.99,0.0,0.037566938070665794,0.4924085204322585,0.13923117924124973
commons-compress,MASZZ,314,0.99,0.05,0.041843484939775015,0.511901671014537,0.13923117924124973
commons-compress,MASZZ,314,0.99,0.1,0.04990697656405718,0.5184448235558675,0.13923117924124973
commons-compress,MASZZ,314,0.99,0.25,0.06032337528105238,0.541092228113651,0.13923117924124973
commons-compress,MASZZ,314,0.995,0.0,0.030297341929172748,0.4920574893343662,0.10027086604176953
commons-compress,MASZZ,314,0.995,0.05,0.03405834519293738,0.5115930080164476,0.10027086604176953
commons-compress,MASZZ,314,0.995,0.1,0.04132451258335683,0.5174185614690181,0.10027086604176953
commons-compress,MASZZ,314,0.995,0.25,0.05339756951189713,0.536749687353713,0.10027086604176953
commons-compress,MASZZ,314,0.999,0.0,0.013369146618803396,0.4825366021895155,0.071915465966329
commons-compress,MASZZ,314,0.999,0.05,0.016136302677632934,0.5016260865710009,0.071915465966329
commons-compress,MASZZ,314,0.999,0.1,0.02202920406628436,0.5065886455470084,0.071915465966329
commons-compress,MASZZ,314,0.999,0.25,0.0330883790506053,0.5207029629609041,0.071915465966329
commons-compress,MASZZ,999,0.9,0.0,0.07166441778749646,0.4054759785319545,0.2489230437148998
commons-compress,MASZZ,999,0.9,0.05,0.07728130072926019,0.4175782820056516,0.2489230437148998
commons-compress,MASZZ,999,0.9,0.1,0.07587499224278894,0.4205580745820192,0.2489230437148998
commons-compress,MASZZ,999,0.9,0.25,0.08308607947794919,0.4382954048633985,0.2489230437148998
commons-compress,MASZZ,999,0.95,0.0,0.07051814171792346,0.45414134448486826,0.23949680807375426
commons-compress,MASZZ,999,0.95,0.05,0.07617183482333849,0.4693122296308502,0.23949680807375426
commons-compress,MASZZ,999,0.95,0.1,0.07675689184703402,0.4730399854892699,0.23949680807375426
commons-compress,MASZZ,999,0.95,0.25,0.08312176866430576,0.4943549639054473,0.23949680807375426
commons-compress,MASZZ,999,0.99,0.0,0.06557746549972668,0.5180324793256169,0.1237600919605575
commons-compress,MASZZ,999,0.99,0.05,0.07036431355371653,0.537220667778037,0.1237600919605575
commons-compress,MASZZ,999,0.99,0.1,0.07413831547230446,0.5405906143316631,0.1237600919605575
commons-compress,MASZZ,999,0.99,0.25,0.08170884321482452,0.5595048850345979,0.1237600919605575
commons-compress,MASZZ,999,0.995,0.0,0.06092245366858592,0.5190017223744976,0.0984441964236786
commons-compress,MASZZ,999,0.995,0.05,0.0653607648547022,0.5383445094127657,0.0984441964236786
commons-compress,MASZZ,999,0.995,0.1,0.06900671527136712,0.5415461032038917,0.0984441964236786
commons-compress,MASZZ,999,0.995,0.25,0.07724969736975912,0.5570790475349827,0.0984441964236786
commons-compress,MASZZ,999,0.999,0.0,0.045448156990661785,0.5090647593066394,0.09329174895409582
commons-compress,MASZZ,999,0.999,0.05,0.048993845297981946,0.5279745372517571,0.09329174895409582
commons-compress,MASZZ,999,0.999,0.1,0.05175345578562646,0.5305842605471857,0.09329174895409582
commons-compress,MASZZ,999,0.999,0.25,0.05814376314117975,0.5407448888355139,0.09329174895409582
commons-compress,LSZZ,7,0.9,0.0,0.11101097493334378,0.4672800651097858,0.047993497729946225
commons-compress,LSZZ,7,0.9,0.05,0.11532904052466984,0.4804875900356146,0.047993497729946225
commons-compress,LSZZ,7,0.9,0.1,0.11451602567040049,0.4814301553389109,0.047993497729946225
commons-compress,LSZZ,7,0.9,0.25,0.11744722369140514,0.49907931486039175,0.047993497729946225
commons-compress,LSZZ,7,0.95,0.0,0.11376312487155772,0.5111017304374353,0.052263631005423555
commons-compress,LSZZ,7,0.95,0.05,0.11834064419219757,0.5263259218751861,0.052263631005423555
commons-compress,LSZZ,7,0.95,0.1,0.11902226296857052,0.5293333497638625,0.052263631005423555
commons-compress,LSZZ,7,0.95,0.25,0.12224920240420478,0.5456126288967227,0.052263631005423555
commons-compress,LSZZ,7,0.99,0.0,0.11664292282119564,0.5461977321681211,0.07322391312613308
commons-compress,LSZZ,7,0.99,0.05,0.12027821838503408,0.5631009876026131,0.07322391312613308
commons-compress,LSZZ,7,0.99,0.1,0.12253695561250395,0.5646823754684649,0.07322391312613308
commons-compress,LSZZ,7,0.99,0.25,0.12745612822417998,0.5749211394825394,0.07322391312613308
commons-compress,LSZZ,7,0.995,0.0,0.11411769546978133,0.5504587338329275,0.08321004039597944
commons-compress,LSZZ,7,0.995,0.05,0.11746294001877461,0.5676228909468343,0.08321004039597944
commons-compress,LSZZ,7,0.995,0.1,0.1193729149633338,0.568785449957897,0.08321004039597944
commons-compress,LSZZ,7,0.995,0.25,0.12478724994858126,0.5781386975800287,0.08321004039597944
commons-compress,LSZZ,7,0.999,0.0,0.10144844738367646,0.5485555082129633,0.11561253473475741
commons-compress,LSZZ,7,0.999,0.05,0.10401393699720317,0.5656641395595433,0.11561253473475741
commons-compress,LSZZ,7,0.999,0.1,0.104912788390263,0.5662476518493392,0.11561253473475741
commons-compress,LSZZ,7,0.999,0.25,0.1084660678114645,0.5733982179813677,0.11561253473475741
commons-compress,LSZZ,13,0.9,0.0,0.09428550637975851,0.4391909337893481,0.04807049112650888
commons-compress,LSZZ,13,0.9,0.05,0.10820781824238437,0.4588806717890255,0.04807049112650888
commons-compress,LSZZ,13,0.9,0.1,0.11451224198834158,0.47743517248194456,0.04807049112650888
commons-compress,LSZZ,13,0.9,0.25,0.12430599542058292,0.5038178840573901,0.04807049112650888
commons-compress,LSZZ,13,0.95,0.0,0.09452958169810534,0.4757515987899538,0.05235308136646279
commons-compress,LSZZ,13,0.95,0.05,0.10660188943739604,0.49576821380966946,0.05235308136646279
commons-compress,LSZZ,13,0.95,0.1,0.11608045358645921,0.5124779378523624,0.05235308136646279
commons-compress,LSZZ,13,0.95,0.25,0.1263947145719265,0.5399189192787988,0.05235308136646279
commons-compress,LSZZ,13,0.99,0.0,0.0913249621871617,0.5165799519555054,0.05561739551526979
commons-compress,LSZZ,13,0.99,0.05,0.10009768566458004,0.5379803535709067,0.05561739551526979
commons-compress,LSZZ,13,0.99,0.1,0.11144662547996459,0.5465582170708403,0.05561739551526979
commons-compress,LSZZ,13,0.99,0.25,0.12750863812130817,0.5679911202406318,0.05561739551526979
commons-compress,LSZZ,13,0.995,0.0,0.0875440296565558,0.5250772239099065,0.06027725002197626
commons-compress,LSZZ,13,0.995,0.05,0.09571944470292945,0.5469285867113143,0.06027725002197626
commons-compress,LSZZ,13,0.995,0.1,0.1064137226261359,0.5546495775717178,0.06027725002197626
commons-compress,LSZZ,13,0.995,0.25,0.12521256487326782,0.5769272371126333,0.06027725002197626
commons-compress,LSZZ,13,0.999,0.0,0.06444495307394456,0.518600106520439,0.10706882264680118
commons-compress,LSZZ,13,0.999,0.05,0.07110541515020793,0.5401366749197877,0.10706882264680118
commons-compress,LSZZ,13,0.999,0.1,0.07998159698119321,0.5466077174095756,0.10706882264680118
commons-compress,LSZZ,13,0.999,0.25,0.097554331398102,0.566912323931011,0.10706882264680118
commons-compress,LSZZ,21,0.9,0.0,0.11084408713121391,0.4678129499749359,0.08344348140381207
commons-compress,LSZZ,21,0.9,0.05,0.11953989742101707,0.48302743371712265,0.08344348140381207
commons-compress,LSZZ,21,0.9,0.1,0.12028591058177363,0.4841321085308188,0.08344348140381207
commons-compress,LSZZ,21,0.9,0.25,0.12466794458022024,0.5026668001134498,0.08344348140381207
commons-compress,LSZZ,21,0.95,0.0,0.11109301475833594,0.5079150577559373,0.04750469255382847
commons-compress,LSZZ,21,0.95,0.05,0.11822450097170555,0.5245851534629796,0.04750469255382847
commons-compress,LSZZ,21,0.95,0.1,0.12173626411843708,0.5282575870726927,0.04750469255382847
commons-compress,LSZZ,21,0.95,0.25,0.12566065946438662,0.5440226433649521,0.04750469255382847
commons-compress,LSZZ,21,0.99,0.0,0.10915533925447,0.5409253035274203,0.03376527415341579
commons-compress,LSZZ,21,0.99,0.05,0.1138804583861986,0.5588283429884353,0.03376527415341579
commons-compress,LSZZ,21,0.99,0.1,0.12010061249332629,0.5628255340121515,0.03376527415341579
commons-compress,LSZZ,21,0.99,0.25,0.12775141298865672,0.5733691429879577,0.03376527415341579
commons-compress,LSZZ,21,0.995,0.0,0.10646156550262327,0.5465421611605004,0.04553516589737735
commons-compress,LSZZ,21,0.995,0.05,0.11076822011087406,0.5647242890125075,0.04553516589737735
commons-compress,LSZZ,21,0.995,0.1,0.11668738822600234,0.5686876435977599,0.04553516589737735
commons-compress,LSZZ,21,0.995,0.25,0.12648398603589395,0.5797323392882942,0.04553516589737735
commons-compress,LSZZ,21,0.999,0.0,0.09110220252837277,0.5427055967070102,0.09896336686920956
commons-compress,LSZZ,21,0.999,0.05,0.09439826426041446,0.560687133378878,0.09896336686920956
commons-compress,LSZZ,21,0.999,0.1,0.09915078075411789,0.5641854380731124,0.09896336686920956
commons-compress,LSZZ,21,0.999,0.25,0.10813143701557368,0.573800263978125,0.09896336686920956
commons-compress,LSZZ,42,0.9,0.0,0.11717620300347757,0.47173123859559923,0.054964193198115525
commons-compress,LSZZ,42,0.9,0.05,0.1261574430378257,0.4889772688490488,0.054964193198115525
commons-compress,LSZZ,42,0.9,0.1,0.1257147247881762,0.49049390877635235,0.054964193198115525
commons-compress,LSZZ,42,0.9,0.25,0.13134010665421483,0.5102160442223241,0.054964193198115525
commons-compress,LSZZ,42,0.95,0.0,0.12251995003729148,0.5261739008449415,0.06319810229435437
commons-compress,LSZZ,42,0.95,0.05,0.13045889916796313,0.5441626205099548,0.06319810229435437
commons-compress,LSZZ,42,0.95,0.1,0.13261170635450267,0.5491518476518857,0.06319810229435437
commons-compress,LSZZ,42,0.95,0.25,0.13941390261137077,0.5698540156829133,0.06319810229435437
commons-compress,LSZZ,42,0.99,0.0,0.12994165462897045,0.5652746797407304,0.08352533384025622
commons-compress,LSZZ,42,0.99,0.05,0.1358371433764955,0.5838905343049091,0.08352533384025622
commons-compress,LSZZ,42,0.99,0.1,0.14110368486770564,0.5884489724565874,0.08352533384025622
commons-compress,LSZZ,42,0.99,0.25,0.15190396860841668,0.6060208430631028,0.08352533384025622
commons-compress,LSZZ,42,0.995,0.0,0.1227172838197786,0.5624094687826677,0.10739093886888906
commons-compress,LSZZ,42,0.995,0.05,0.1279379622838902,0.5808051466198909,0.10739093886888906
commons-compress,LSZZ,42,0.995,0.1,0.13265953980229878,0.5844706909267908,0.10739093886888906
commons-compress,LSZZ,42,0.995,0.25,0.14340680570699113,0.6000612328291935,0.10739093886888906
commons-compress,LSZZ,42,0.999,0.0,0.09994833980753334,0.5490494389545522,0.1300249524176582
commons-compress,LSZZ,42,0.999,0.05,0.10375593350269759,0.5667126931278154,0.1300249524176582
commons-compress,LSZZ,42,0.999,0.1,0.10690219415750868,0.5690397690051178,0.1300249524176582
commons-compress,LSZZ,42,0.999,0.25,0.11412163477381868,0.5802859822139178,0.1300249524176582
commons-compress,LSZZ,77,0.9,0.0,0.11348625425996223,0.47942216152273426,0.04764832122811409
commons-compress,LSZZ,77,0.9,0.05,0.12126997103289457,0.4962801793003553,0.04764832122811409
commons-compress,LSZZ,77,0.9,0.1,0.1223096610087189,0.500300549261277,0.04764832122811409
commons-compress,LSZZ,77,0.9,0.25,0.12538138601571416,0.5168254109928613,0.04764832122811409
commons-compress,LSZZ,77,0.95,0.0,0.11697553700092184,0.5218076193086081,0.04940205187857267
commons-compress,LSZZ,77,0.95,0.05,0.12404628070434173,0.5391786578027921,0.04940205187857267
commons-compress,LSZZ,77,0.95,0.1,0.12698208582745837,0.5453083413516384,0.04940205187857267
commons-compress,LSZZ,77,0.95,0.25,0.13072545941466615,0.5618177186348613,0.04940205187857267
commons-compress,LSZZ,77,0.99,0.0,0.11904085541822938,0.551010954931104,0.06542170477532583
commons-compress,LSZZ,77,0.99,0.05,0.1240676374611706,0.5687377839226657,0.06542170477532583
commons-compress,LSZZ,77,0.99,0.1,0.1288121438931075,0.5726317208111552,0.06542170477532583
commons-compress,LSZZ,77,0.99,0.25,0.1361423519641754,0.58583986895346,0.06542170477532583
commons-compress,LSZZ,77,0.995,0.0,0.11574194603263974,0.553685811744179,0.07931006176092073
commons-compress,LSZZ,77,0.995,0.05,0.12032577313197641,0.5715032059527125,0.07931006176092073
commons-compress,LSZZ,77,0.995,0.1,0.12462932173984004,0.5746986263604186,0.07931006176092073
commons-compress,LSZZ,77,0.995,0.25,0.1331265876120075,0.5875568354002303,0.07931006176092073
commons-compress,LSZZ,77,0.999,0.0,0.10066353793275833,0.5487730186543359,0.11719434179327982
commons-compress,LSZZ,77,0.999,0.05,0.10425635963088042,0.5663148665827821,0.11719434179327982
commons-compress,LSZZ,77,0.999,0.1,0.1073511955618039,0.5685891115494152,0.11719434179327982
commons-compress,LSZZ,77,0.999,0.25,0.11434002588127246,0.5793551838029855,0.11719434179327982
commons-compress,LSZZ,101,0.9,0.0,0.12866809348080438,0.4882151768449024,0.08344324628443395
commons-compress,LSZZ,101,0.9,0.05,0.13262448969055984,0.5015311086993003,0.08344324628443395
commons-compress,LSZZ,101,0.9,0.1,0.13427228563997629,0.5060702593752033,0.08344324628443395
commons-compress,LSZZ,101,0.9,0.25,0.13994030906994953,0.527788900375059,0.08344324628443395
commons-compress,LSZZ,101,0.95,0.0,0.13019266572737306,0.5315201570158112,0.04745209084946424
commons-compress,LSZZ,101,0.95,0.05,0.13456582133263148,0.5471744891452567,0.04745209084946424
commons-compress,LSZZ,101,0.95,0.1,0.13746764249713994,0.553160532635868,0.04745209084946424
commons-compress,LSZZ,101,0.95,0.25,0.14338675209923704,0.5736358169039402,0.04745209084946424
commons-compress,LSZZ,101,0.99,0.0,0.1317136661508957,0.5631516960420689,0.05116270783167849
commons-compress,LSZZ,101,0.99,0.05,0.13550052502111345,0.580689150963057,0.05116270783167849
commons-compress,LSZZ,101,0.99,0.1,0.1388959330909366,0.5835834019304917,0.05116270783167849
commons-compress,LSZZ,101,0.99,0.25,0.1470701842441976,0.5977379261837779,0.05116270783167849
commons-compress,LSZZ,101,0.995,0.0,0.1277192585731784,0.5642346403695376,0.07483036076149453
commons-compress,LSZZ,101,0.995,0.05,0.13119449761580151,0.581904683357229,0.07483036076149453
commons-compress,LSZZ,101,0.995,0.1,0.13397924690792584,0.5840159537338104,0.07483036076149453
commons-compress,LSZZ,101,0.995,0.25,0.14247110927537193,0.5966396238543447,0.07483036076149453
commons-compress,LSZZ,101,0.999,0.0,0.11196691931319491,0.5574594130858186,0.11998082203720288
commons-compress,LSZZ,101,0.999,0.05,0.11454415062157652,0.574846691657291,0.11998082203720288
commons-compress,LSZZ,101,0.999,0.1,0.11600755948281824,0.5759776464496641,0.11998082203720288
commons-compress,LSZZ,101,0.999,0.25,0.12201694175008211,0.5853322813629965,0.11998082203720288
commons-compress,LSZZ,123,0.9,0.0,0.12850468074059523,0.4874026940598329,0.11968116458959827
commons-compress,LSZZ,123,0.9,0.05,0.13359038793805544,0.5016344175680606,0.11968116458959827
commons-compress,LSZZ,123,0.9,0.1,0.1314470801669972,0.5009750451745997,0.11968116458959827
commons-compress,LSZZ,123,0.9,0.25,0.13765400876216669,0.5208584265730789,0.11968116458959827
commons-compress,LSZZ,123,0.95,0.0,0.13064075262793456,0.532241931868708,0.06613671978927853
commons-compress,LSZZ,123,0.95,0.05,0.13594111982302037,0.5484986100137501,0.06613671978927853
commons-compress,LSZZ,123,0.95,0.1,0.13572443377600824,0.5504179338818509,0.06613671978927853
commons-compress,LSZZ,123,0.95,0.25,0.14207274990756663,0.5695892202112391,0.06613671978927853
commons-compress,LSZZ,123,0.99,0.0,0.13266063763542224,0.5635426751612684,0.05905568608387592
commons-compress,LSZZ,123,0.99,0.05,0.13701992733090435,0.5813112540007435,0.05905568608387592
commons-compress,LSZZ,123,0.99,0.1,0.13927194648452287,0.5830190946861389,0.05905568608387592
commons-compress,LSZZ,123,0.99,0.25,0.14652510631405896,0.5955236966030956,0.05905568608387592
commons-compress,LSZZ,123,0.995,0.0,0.12845512541910417,0.5645098837349828,0.08022985687126331
commons-compress,LSZZ,123,0.995,0.05,0.13244459337113196,0.5823722337841339,0.08022985687126331
commons-compress,LSZZ,123,0.995,0.1,0.1344088924012155,0.5836792504575965,0.08022985687126331
commons-compress,LSZZ,123,0.995,0.25,0.14137244794924747,0.5942976222781812,0.08022985687126331
commons-compress,LSZZ,123,0.999,0.0,0.11382330733353721,0.5589693174539548,0.12022271662458377
commons-compress,LSZZ,123,0.999,0.05,0.11693693319212638,0.5765898636350648,0.12022271662458377
commons-compress,LSZZ,123,0.999,0.1,0.11789439054817569,0.5772517135859948,0.12022271662458377
commons-compress,LSZZ,123,0.999,0.25,0.12218914541183092,0.5846366750681775,0.12022271662458377
commons-compress,LSZZ,202,0.9,0.0,0.11672409171341618,0.46658256752325517,0.22979550118235598
commons-compress,LSZZ,202,0.9,0.05,0.12568169003408128,0.48355936449274095,0.22979550118235598
commons-compress,LSZZ,202,0.9,0.1,0.12699447413702963,0.48715220651885255,0.22979550118235598
commons-compress,LSZZ,202,0.9,0.25,0.13401900865808625,0.5089270692027377,0.22979550118235598
commons-compress,LSZZ,202,0.95,0.0,0.12089560023858775,0.5206451536266946,0.24927306150063397
commons-compress,LSZZ,202,0.95,0.05,0.128749609192568,0.5383447651414961,0.24927306150063397
commons-compress,LSZZ,202,0.95,0.1,0.13242385085649266,0.5450792980418515,0.24927306150063397
commons-compress,LSZZ,202,0.95,0.25,0.1403207980256011,0.5671341324764123,0.24927306150063397
commons-compress,LSZZ,202,0.99,0.0,0.12612639229226683,0.5603204383046735,0.17338299598608065
commons-compress,LSZZ,202,0.99,0.05,0.13182237410029993,0.578677226660769,0.17338299598608065
commons-compress,LSZZ,202,0.99,0.1,0.13773351199610911,0.583784763263105,0.17338299598608065
commons-compress,LSZZ,202,0.99,0.25,0.1493962904557507,0.6023839303690143,0.17338299598608065
commons-compress,LSZZ,202,0.995,0.0,0.11849986410068016,0.557600480373202,0.1402829972488511
commons-compress,LSZZ,202,0.995,0.05,0.1235000060914238,0.5757446875447267,0.1402829972488511
commons-compress,LSZZ,202,0.995,0.1,0.12869019188967096,0.5797731819715104,0.1402829972488511
commons-compress,LSZZ,202,0.995,0.25,0.14038558290121278,0.5964775369066695,0.1402829972488511
commons-compress,LSZZ,202,0.999,0.0,0.0964347839769604,0.5456769910304792,0.12975167765996345
commons-compress,LSZZ,202,0.999,0.05,0.10005864750926059,0.5631638938274675,0.12975167765996345
commons-compress,LSZZ,202,0.999,0.1,0.10359984248969797,0.5658004803952168,0.12975167765996345
commons-compress,LSZZ,202,0.999,0.25,0.11206506259030734,0.5784799978621465,0.12975167765996345
commons-compress,LSZZ,314,0.9,0.0,0.12041169909165608,0.48891979262150037,0.08128385858088136
commons-compress,LSZZ,314,0.9,0.05,0.12818881765100826,0.5045633342315236,0.08128385858088136
commons-compress,LSZZ,314,0.9,0.1,0.12798033829216596,0.5033775083947178,0.08128385858088136
commons-compress,LSZZ,314,0.9,0.25,0.1345410832558843,0.5206704258447918,0.08128385858088136
commons-compress,LSZZ,314,0.95,0.0,0.12347074235550543,0.5333974886029328,0.04526425659686376
commons-compress,LSZZ,314,0.95,0.05,0.13015820851601206,0.5509466940442497,0.04526425659686376
commons-compress,LSZZ,314,0.95,0.1,0.13233163645703488,0.5528133773869172,0.04526425659686376
commons-compress,LSZZ,314,0.95,0.25,0.1399850444526897,0.5693921214477337,0.04526425659686376
commons-compress,LSZZ,314,0.99,0.0,0.12404957879785239,0.5606652533634653,0.055214821659846
commons-compress,LSZZ,314,0.99,0.05,0.1288714497241755,0.5793942697760737,0.055214821659846
commons-compress,LSZZ,314,0.99,0.1,0.13391676332082847,0.5828337951779844,0.055214821659846
commons-compress,LSZZ,314,0.99,0.25,0.14470976034096303,0.594622895828008,0.055214821659846
commons-compress,LSZZ,314,0.995,0.0,0.11805025321527153,0.5593210768541563,0.07810074461888286
commons-compress,LSZZ,314,0.995,0.05,0.12233210846505053,0.5779916157850584,0.07810074461888286
commons-compress,LSZZ,314,0.995,0.1,0.1270131845399443,0.5812907587686311,0.07810074461888286
commons-compress,LSZZ,314,0.995,0.25,0.1382983867796124,0.5918819638747528,0.07810074461888286
commons-compress,LSZZ,314,0.999,0.0,0.09820169045415361,0.5486613161740571,0.11592749034985468
commons-compress,LSZZ,314,0.999,0.05,0.10127839416863739,0.5667941274478514,0.11592749034985468
commons-compress,LSZZ,314,0.999,0.1,0.10465056825242833,0.5694530504817333,0.11592749034985468
commons-compress,LSZZ,314,0.999,0.25,0.11315312233810983,0.5769606040412633,0.11592749034985468
commons-compress,LSZZ,999,0.9,0.0,0.09020420145363259,0.41950814193534347,0.12046035532515563
commons-compress,LSZZ,999,0.9,0.05,0.10391309453057983,0.4381686312970772,0.12046035532515563
commons-compress,LSZZ,999,0.9,0.1,0.11098170712737442,0.4573744273092134,0.12046035532515563
commons-compress,LSZZ,999,0.9,0.25,0.11953844188206654,0.48443636635190246,0.12046035532515563
commons-compress,LSZZ,999,0.95,0.0,0.08883540032921922,0.46036070253137285,0.06887049236207533
commons-compress,LSZZ,999,0.95,0.05,0.10060994906858756,0.4795724998642291,0.06887049236207533
commons-compress,LSZZ,999,0.95,0.1,0.11118893811309088,0.4969514111152806,0.06887049236207533
commons-compress,LSZZ,999,0.95,0.25,0.11996279180998047,0.521327255614082,0.06887049236207533
commons-compress,LSZZ,999,0.99,0.0,0.08701623668861143,0.511108723817135,0.036976327529073885
commons-compress,LSZZ,999,0.99,0.05,0.09556364914899777,0.5322230250586124,0.036976327529073885
commons-compress,LSZZ,999,0.99,0.1,0.10718466296693356,0.5409332406648292,0.036976327529073885
commons-compress,LSZZ,999,0.99,0.25,0.12193170924707208,0.5598640233858321,0.036976327529073885
commons-compress,LSZZ,999,0.995,0.0,0.08348707707707112,0.520875062953299,0.04384601047956746
commons-compress,LSZZ,999,0.995,0.05,0.09145034676583452,0.5425066871895129,0.04384601047956746
commons-compress,LSZZ,999,0.995,0.1,0.10232854495489731,0.5503268176302715,0.04384601047956746
commons-compress,LSZZ,999,0.995,0.25,0.1198485261762716,0.5707049383022752,0.04384601047956746
commons-compress,LSZZ,999,0.999,0.0,0.060019897878201986,0.5148050092056187,0.0957905417584095
commons-compress,LSZZ,999,0.999,0.05,0.06644896584803855,0.5361431251307902,0.0957905417584095
commons-compress,LSZZ,999,0.999,0.1,0.07541632840144727,0.5426641569921773,0.0957905417584095
commons-compress,LSZZ,999,0.999,0.25,0.09177343514865169,0.5615634857283955,0.0957905417584095
commons-compress,RSZZ,7,0.9,0.0,0.058983816332281884,0.41303611810198454,0.24728609546936983
commons-compress,RSZZ,7,0.9,0.05,0.06649877119681868,0.4282771638451824,0.24728609546936983
commons-compress,RSZZ,7,0.9,0.1,0.07316913039385509,0.4454402305949386,0.24728609546936983
commons-compress,RSZZ,7,0.9,0.25,0.0896882877465458,0.4847955295999906,0.24728609546936983
commons-compress,RSZZ,7,0.95,0.0,0.05823169003987087,0.4578881850343243,0.21426887321399574
commons-compress,RSZZ,7,0.95,0.05,0.0651235467782606,0.4753970813173622,0.21426887321399574
commons-compress,RSZZ,7,0.95,0.1,0.07423768441485418,0.48981665825957355,0.21426887321399574
commons-compress,RSZZ,7,0.95,0.25,0.09103432944323323,0.5272061893257678,0.21426887321399574
commons-compress,RSZZ,7,0.99,0.0,0.0523175745631517,0.5067881950712105,0.10025973862315976
commons-compress,RSZZ,7,0.99,0.05,0.057722677771080866,0.5271009327973775,0.10025973862315976
commons-compress,RSZZ,7,0.99,0.1,0.0671323464178106,0.5348253242004117,0.10025973862315976
commons-compress,RSZZ,7,0.99,0.25,0.08429131600275834,0.5606046298371985,0.10025973862315976
commons-compress,RSZZ,7,0.995,0.0,0.04471928032735417,0.5057208694754588,0.06709677611366634
commons-compress,RSZZ,7,0.995,0.05,0.04955123672841493,0.5260304980337003,0.06709677611366634
commons-compress,RSZZ,7,0.995,0.1,0.05812118090718638,0.5329520201667675,0.06709677611366634
commons-compress,RSZZ,7,0.995,0.25,0.07572204138415449,0.5553110032621055,0.06709677611366634
commons-compress,RSZZ,7,0.999,0.0,0.024720249972595712,0.4925355564243965,0.06328995643193706
commons-compress,RSZZ,7,0.999,0.05,0.028366773860242715,0.5122014249583229,0.06328995643193706
commons-compress,RSZZ,7,0.999,0.1,0.03536556857238032,0.5180125759239607,0.06328995643193706
commons-compress,RSZZ,7,0.999,0.25,0.0507497734467004,0.5347514089014799,0.06328995643193706
commons-compress,RSZZ,13,0.9,0.0,0.05593743457286859,0.3845501349894836,0.14376943054390315
commons-compress,RSZZ,13,0.9,0.05,0.062431443485412734,0.39813494866259047,0.14376943054390315
commons-compress,RSZZ,13,0.9,0.1,0.06878833498114986,0.4135465394139987,0.14376943054390315
commons-compress,RSZZ,13,0.9,0.25,0.08548752491534359,0.44732994337955584,0.14376943054390315
commons-compress,RSZZ,13,0.95,0.0,0.05171352469328469,0.43449198695973934,0.06356274480077737
commons-compress,RSZZ,13,0.95,0.05,0.05786065170007163,0.4506735804197678,0.06356274480077737
commons-compress,RSZZ,13,0.95,0.1,0.06635581366022324,0.4635337803122031,0.06356274480077737
commons-compress,RSZZ,13,0.95,0.25,0.08252342687051843,0.4969337251965733,0.06356274480077737
commons-compress,RSZZ,13,0.99,0.0,0.049168287411294524,0.4981186783181838,-0.00390780332598521
commons-compress,RSZZ,13,0.99,0.05,0.05451746568204402,0.5179716347989824,-0.00390780332598521
commons-compress,RSZZ,13,0.99,0.1,0.06362006931632286,0.52509848453614,-0.00390780332598521
commons-compress,RSZZ,13,0.99,0.25,0.08100506104030222,0.5501055635744395,-0.00390780332598521
commons-compress,RSZZ,13,0.995,0.0,0.045544347776081955,0.50391136363236,0.004985878997160756
commons-compress,RSZZ,13,0.995,0.05,0.05058559328538689,0.524131632733099,0.004985878997160756
commons-compress,RSZZ,13,0.995,0.1,0.059143055861173646,0.5309022663568602,0.004985878997160756
commons-compress,RSZZ,13,0.995,0.25,0.07777602208210631,0.5537843619603409,0.004985878997160756
commons-compress,RSZZ,13,0.999,0.0,0.02884450829057147,0.49534371256581,0.054470952660142055
commons-compress,RSZZ,13,0.999,0.05,0.03291533470561069,0.51517045055036,0.054470952660142055
commons-compress,RSZZ,13,0.999,0.1,0.04015334532583217,0.5211385961636019,0.054470952660142055
commons-compress,RSZZ,13,0.999,0.25,0.05719591022368673,0.5392147826875723,0.054470952660142055
commons-compress,RSZZ,21,0.9,0.0,0.0498025131002699,0.39742962122652137,0.1281045203535157
commons-compress,RSZZ,21,0.9,0.05,0.055975715919024185,0.41168792643300467,0.1281045203535157
commons-compress,RSZZ,21,0.9,0.1,0.061971755567151336,0.427857079677374,0.1281045203535157
commons-compress,RSZZ,21,0.9,0.25,0.07783240433395272,0.4653711537504186,0.1281045203535157
commons-compress,RSZZ,21,0.95,0.0,0.05056766335177893,0.45241428645935894,0.05082477164828883
commons-compress,RSZZ,21,0.95,0.05,0.05665487120513659,0.4695330692411881,0.05082477164828883
commons-compress,RSZZ,21,0.95,0.1,0.06508263439188351,0.48344744642289156,0.05082477164828883
commons-compress,RSZZ,21,0.95,0.25,0.08154161132859268,0.5214833458114151,0.05082477164828883
commons-compress,RSZZ,21,0.99,0.0,0.04419072920310973,0.5003452898087419,0.01306008089851576
commons-compress,RSZZ,21,0.99,0.05,0.049279621989764336,0.52031467981487,0.01306008089851576
commons-compress,RSZZ,21,0.99,0.1,0.0580894490850064,0.5275724973034269,0.01306008089851576
commons-compress,RSZZ,21,0.99,0.25,0.07476308330057735,0.5535146110085539,0.01306008089851576
commons-compress,RSZZ,21,0.995,0.0,0.03527281998343985,0.497293648466668,0.02725639973229806
commons-compress,RSZZ,21,0.995,0.05,0.03977694880378157,0.5171678653218156,0.02725639973229806
commons-compress,RSZZ,21,0.995,0.1,0.0477302472026824,0.5235492495060912,0.02725639973229806
commons-compress,RSZZ,21,0.995,0.25,0.06439597700110887,0.5453018607449291,0.02725639973229806
commons-compress,RSZZ,21,0.999,0.0,0.01799123961773278,0.487046545419484,0.04725500895158757
commons-compress,RSZZ,21,0.999,0.05,0.021494529065373726,0.50643940958941,0.04725500895158757
commons-compress,RSZZ,21,0.999,0.1,0.028094157911566955,0.5119195215565729,0.04725500895158757
commons-compress,RSZZ,21,0.999,0.25,0.0429481931548988,0.5283764768738101,0.04725500895158757
commons-compress,RSZZ,42,0.9,0.0,0.06047806983531786,0.4174330964343878,0.2472843880738665
commons-compress,RSZZ,42,0.9,0.05,0.07306345869831972,0.4360231767116112,0.2472843880738665
commons-compress,RSZZ,42,0.9,0.1,0.07679313904420991,0.4519859516523616,0.2472843880738665
commons-compress,RSZZ,42,0.9,0.25,0.0906613843691175,0.4831412793776023,0.2472843880738665
commons-compress,RSZZ,42,0.95,0.0,0.06102851756332524,0.4623195177971523,0.21413918486667696
commons-compress,RSZZ,42,0.95,0.05,0.07227131376875426,0.48178102404045814,0.21413918486667696
commons-compress,RSZZ,42,0.95,0.1,0.07956875091734862,0.49711221275277895,0.21413918486667696
commons-compress,RSZZ,42,0.95,0.25,0.09222909721803449,0.526552266183884,0.21413918486667696
commons-compress,RSZZ,42,0.99,0.0,0.05469572653765657,0.5079317378890038,0.10010777363581304
commons-compress,RSZZ,42,0.99,0.05,0.06275986797161033,0.5291028376754726,0.10010777363581304
commons-compress,RSZZ,42,0.99,0.1,0.07290873564196962,0.5378859836781681,0.10010777363581304
commons-compress,RSZZ,42,0.99,0.25,0.08698728396574452,0.563151704591334,0.10010777363581304
commons-compress,RSZZ,42,0.995,0.0,0.04707419141033791,0.5064195694896546,0.06953800852408633
commons-compress,RSZZ,42,0.995,0.05,0.05435564435643005,0.5275200680085523,0.06953800852408633
commons-compress,RSZZ,42,0.995,0.1,0.06380288251861951,0.5349691112399622,0.06953800852408633
commons-compress,RSZZ,42,0.995,0.25,0.07896754851220673,0.5583369744302749,0.06953800852408633
commons-compress,RSZZ,42,0.999,0.0,0.02718692265384679,0.492040733337874,0.06601111518613942
commons-compress,RSZZ,42,0.999,0.05,0.03312956867253627,0.5124132072421825,0.06601111518613942
commons-compress,RSZZ,42,0.999,0.1,0.04108621006818092,0.5182151923106348,0.06601111518613942
commons-compress,RSZZ,42,0.999,0.25,0.05513122265289806,0.5371136952421479,0.06601111518613942
commons-compress,RSZZ,77,0.9,0.0,0.05156244104487233,0.38635492484576056,0.1134856973204642
commons-compress,RSZZ,77,0.9,0.05,0.06368161561992965,0.4033198715537919,0.1134856973204642
commons-compress,RSZZ,77,0.9,0.1,0.06688688483260376,0.4174546498872203,0.1134856973204642
commons-compress,RSZZ,77,0.9,0.25,0.08144152940365822,0.44500421294040954,0.1134856973204642
commons-compress,RSZZ,77,0.95,0.0,0.05029563024608793,0.43619582047325867,0.05266694176370684
commons-compress,RSZZ,77,0.95,0.05,0.06097718444202939,0.45429127153048626,0.05266694176370684
commons-compress,RSZZ,77,0.95,0.1,0.06764332056486275,0.4680858823928972,0.05266694176370684
commons-compress,RSZZ,77,0.95,0.25,0.08064091952914121,0.4953302528427539,0.05266694176370684
commons-compress,RSZZ,77,0.99,0.0,0.04766771630146616,0.49439064274049876,-0.006818756148388129
commons-compress,RSZZ,77,0.99,0.05,0.05536435042158428,0.5148536542719457,-0.006818756148388129
commons-compress,RSZZ,77,0.99,0.1,0.06509983537953584,0.5228403224020514,-0.006818756148388129
commons-compress,RSZZ,77,0.99,0.25,0.08032871748124493,0.548578235268441,-0.006818756148388129
commons-compress,RSZZ,77,0.995,0.0,0.0441301717583049,0.4997879384221013,0.0017459753081191165
commons-compress,RSZZ,77,0.995,0.05,0.051257676614135786,0.5205416570078345,0.0017459753081191165
commons-compress,RSZZ,77,0.995,0.1,0.06053174957191615,0.5276006322760141,0.0017459753081191165
commons-compress,RSZZ,77,0.995,0.25,0.0774585146145615,0.5523638157954989,0.0017459753081191165
commons-compress,RSZZ,77,0.999,0.0,0.027966482869812678,0.49133180648830627,0.05435672216298009
commons-compress,RSZZ,77,0.999,0.05,0.03394989349630929,0.5116672093307587,0.05435672216298009
commons-compress,RSZZ,77,0.999,0.1,0.0419523880859208,0.5174274958111151,0.05435672216298009
commons-compress,RSZZ,77,0.999,0.25,0.058103098085933676,0.538269946547671,0.05435672216298009
commons-compress,RSZZ,101,0.9,0.0,0.051251085715866035,0.3799746607103291,0.2977109726651387
commons-compress,RSZZ,101,0.9,0.05,0.05836168216856959,0.3934868632974752,0.2977109726651387
commons-compress,RSZZ,101,0.9,0.1,0.06457720748672634,0.40870527793754363,0.2977109726651387
commons-compress,RSZZ,101,0.9,0.25,0.08155733524439228,0.44305845189074844,0.2977109726651387
commons-compress,RSZZ,101,0.95,0.0,0.04808472200127525,0.43055088268904007,0.2384865108074379
commons-compress,RSZZ,101,0.95,0.05,0.05444597550459315,0.44663026219353186,0.2384865108074379
commons-compress,RSZZ,101,0.95,0.1,0.06296327548308127,0.45944187787592444,0.2384865108074379
commons-compress,RSZZ,101,0.95,0.25,0.07982715819358016,0.4936250967853488,0.2384865108074379
commons-compress,RSZZ,101,0.99,0.0,0.04418203475675706,0.49324126578208205,0.0931331995288204
commons-compress,RSZZ,101,0.99,0.05,0.04916171593478438,0.5128456101755057,0.0931331995288204
commons-compress,RSZZ,101,0.99,0.1,0.05809285774403877,0.5197731805458247,0.0931331995288204
commons-compress,RSZZ,101,0.99,0.25,0.07577414668978683,0.5454062864254773,0.0931331995288204
commons-compress,RSZZ,101,0.995,0.0,0.039785457894987324,0.49820772133992414,0.04537739622374518
commons-compress,RSZZ,101,0.995,0.05,0.044359415834445914,0.5181244738497613,0.04537739622374518
commons-compress,RSZZ,101,0.995,0.1,0.05263915598233431,0.5246040777939511,0.04537739622374518
commons-compress,RSZZ,101,0.995,0.25,0.07116832390670512,0.5475589058993452,0.04537739622374518
commons-compress,RSZZ,101,0.999,0.0,0.02416578524047252,0.49127510231570465,0.055680570389649284
commons-compress,RSZZ,101,0.999,0.05,0.027783315168595966,0.5108750594340056,0.055680570389649284
commons-compress,RSZZ,101,0.999,0.1,0.03474949664779899,0.5166120713587475,0.055680570389649284
commons-compress,RSZZ,101,0.999,0.25,0.051569747148822155,0.5346559296354799,0.055680570389649284
commons-compress,RSZZ,123,0.9,0.0,0.03777936422001622,0.3937615433824129,0.05720407947562833
commons-compress,RSZZ,123,0.9,0.05,0.049177796882347045,0.4111137955142458,0.05720407947562833
commons-compress,RSZZ,123,0.9,0.1,0.05210577365740257,0.42678441652324556,0.05720407947562833
commons-compress,RSZZ,123,0.9,0.25,0.06359290984838438,0.4570675258653917,0.05720407947562833
commons-compress,RSZZ,123,0.95,0.0,0.03582118447484592,0.44410400107387327,0.05346258323759988
commons-compress,RSZZ,123,0.95,0.05,0.04574584383058687,0.46261298513862165,0.05346258323759988
commons-compress,RSZZ,123,0.95,0.1,0.051924155350099505,0.47750100160086906,0.05346258323759988
commons-compress,RSZZ,123,0.95,0.25,0.06209208645382724,0.5080965548538732,0.05346258323759988
commons-compress,RSZZ,123,0.99,0.0,0.02309080081124643,0.4831159360261145,0.06345785235873824
commons-compress,RSZZ,123,0.99,0.05,0.02950226375337372,0.5029893728358926,0.06345785235873824
commons-compress,RSZZ,123,0.99,0.1,0.03785898871854529,0.5103810274972629,0.06345785235873824
commons-compress,RSZZ,123,0.99,0.25,0.048178763796049524,0.5342001382043722,0.06345785235873824
commons-compress,RSZZ,123,0.995,0.0,0.014257474353514198,0.47890918889042683,0.06638616064412965
commons-compress,RSZZ,123,0.995,0.05,0.019822882056479977,0.49857112005713755,0.06638616064412965
commons-compress,RSZZ,123,0.995,0.1,0.027382380076904342,0.5044428014854433,0.06638616064412965
commons-compress,RSZZ,123,0.995,0.25,0.03816110161718219,0.525064751097727,0.06638616064412965
commons-compress,RSZZ,123,0.999,0.0,-0.0011975148748745298,0.4695086299841235,0.04702521363147249
commons-compress,RSZZ,123,0.999,0.05,0.003260857780466705,0.488702859620095,0.04702521363147249
commons-compress,RSZZ,123,0.999,0.1,0.009576766775438048,0.4932056204953368,0.04702521363147249
commons-compress,RSZZ,123,0.999,0.25,0.01972577851433596,0.5096693416958742,0.04702521363147249
commons-compress,RSZZ,202,0.9,0.0,0.07740545164303407,0.43733351768086187,0.2687165896786862
commons-compress,RSZZ,202,0.9,0.05,0.0850220618355546,0.4536784695063262,0.2687165896786862
commons-compress,RSZZ,202,0.9,0.1,0.09264168728133372,0.47219474240441905,0.2687165896786862
commons-compress,RSZZ,202,0.9,0.25,0.11459575337668605,0.5178562154253378,0.2687165896786862
commons-compress,RSZZ,202,0.95,0.0,0.07575025083574465,0.48465447520902377,0.22994773976007643
commons-compress,RSZZ,202,0.95,0.05,0.0831543015465595,0.5034591555303769,0.22994773976007643
commons-compress,RSZZ,202,0.95,0.1,0.09306328715184542,0.5192698783669635,0.22994773976007643
commons-compress,RSZZ,202,0.95,0.25,0.11510498327857858,0.5640748313128463,0.22994773976007643
commons-compress,RSZZ,202,0.99,0.0,0.06438980803573756,0.5193089464214196,0.1364798001551318
commons-compress,RSZZ,202,0.99,0.05,0.07053494703636433,0.5402699801884429,0.1364798001551318
commons-compress,RSZZ,202,0.99,0.1,0.08053287001014847,0.5486432268730687,0.1364798001551318
commons-compress,RSZZ,202,0.99,0.25,0.10165861353267719,0.5787272743392283,0.1364798001551318
commons-compress,RSZZ,202,0.995,0.0,0.053914906196049876,0.5133265890181129,0.10049233657980886
commons-compress,RSZZ,202,0.995,0.05,0.059393863281867014,0.5340391972126195,0.10049233657980886
commons-compress,RSZZ,202,0.995,0.1,0.06844367632780465,0.5413636278965857,0.10049233657980886
commons-compress,RSZZ,202,0.995,0.25,0.08921825342658574,0.5666316563717566,0.10049233657980886
commons-compress,RSZZ,202,0.999,0.0,0.030057337723369326,0.496368697450363,0.08338982547627001
commons-compress,RSZZ,202,0.999,0.05,0.03419158517395188,0.5162490337406901,0.08338982547627001
commons-compress,RSZZ,202,0.999,0.1,0.041500933584496455,0.5222774682575496,0.08338982547627001
commons-compress,RSZZ,202,0.999,0.25,0.05901446892533262,0.540781469804518,0.08338982547627001
commons-compress,RSZZ,314,0.9,0.0,0.04912134186209855,0.39885761963349137,0.2575171018249271
commons-compress,RSZZ,314,0.9,0.05,0.06099056627807639,0.41646502171651156,0.2575171018249271
commons-compress,RSZZ,314,0.9,0.1,0.064040646321699,0.4313314178832819,0.2575171018249271
commons-compress,RSZZ,314,0.9,0.25,0.07161906786657847,0.4569575454175057,0.2575171018249271
commons-compress,RSZZ,314,0.95,0.0,0.04663223628622732,0.44945539434979936,0.225444013564178
commons-compress,RSZZ,314,0.95,0.05,0.05687020673556098,0.4682015718173582,0.225444013564178
commons-compress,RSZZ,314,0.95,0.1,0.06325833186965145,0.4827296962251913,0.225444013564178
commons-compress,RSZZ,314,0.95,0.25,0.0694271144044705,0.5094490794982266,0.225444013564178
commons-compress,RSZZ,314,0.99,0.0,0.031032892592128356,0.48849846068738334,0.13534603885511845
commons-compress,RSZZ,314,0.99,0.05,0.03748811984950493,0.5085806778051957,0.13534603885511845
commons-compress,RSZZ,314,0.99,0.1,0.045910434730293166,0.5159631240311353,0.13534603885511845
commons-compress,RSZZ,314,0.99,0.25,0.05310675788640541,0.5386398682502992,0.13534603885511845
commons-compress,RSZZ,314,0.995,0.0,0.022070170482487383,0.4840612646994869,0.09102988093129367
commons-compress,RSZZ,314,0.995,0.05,0.02766147808311242,0.5039180094337693,0.09102988093129367
commons-compress,RSZZ,314,0.995,0.1,0.035247571714073084,0.5097629974688243,0.09102988093129367
commons-compress,RSZZ,314,0.995,0.25,0.04376165893752901,0.5295605987971042,0.09102988093129367
commons-compress,RSZZ,314,0.999,0.0,0.008464676014697903,0.47544134207764127,0.050587469905621046
commons-compress,RSZZ,314,0.999,0.05,0.013037949163596303,0.4948701320674955,0.050587469905621046
commons-compress,RSZZ,314,0.999,0.1,0.01945662792193869,0.499385366450608,0.050587469905621046
commons-compress,RSZZ,314,0.999,0.25,0.0284600245812169,0.5153054852699428,0.050587469905621046
commons-compress,RSZZ,999,0.9,0.0,0.050601878704810546,0.37787888665038044,0.11062964422500181
commons-compress,RSZZ,999,0.9,0.05,0.058652142523231025,0.391498828364165,0.11062964422500181
commons-compress,RSZZ,999,0.9,0.1,0.06494443872222734,0.4066522711095654,0.11062964422500181
commons-compress,RSZZ,999,0.9,0.25,0.08242218469874356,0.44123450828903416,0.11062964422500181
commons-compress,RSZZ,999,0.95,0.0,0.046796708791740235,0.42803108667779927,0.047502650184668614
commons-compress,RSZZ,999,0.95,0.05,0.054024001308766535,0.44415927457533677,0.047502650184668614
commons-compress,RSZZ,999,0.95,0.1,0.06275770719295204,0.4570307365708107,0.047502650184668614
commons-compress,RSZZ,999,0.95,0.25,0.08005529352405799,0.4914905458314682,0.047502650184668614
commons-compress,RSZZ,999,0.99,0.0,0.04332355681629099,0.4913428472974206,-0.012875294462713956
commons-compress,RSZZ,999,0.99,0.05,0.04907466059330287,0.5109907728049234,-0.012875294462713956
commons-compress,RSZZ,999,0.99,0.1,0.05865264116930782,0.5182603806274011,-0.012875294462713956
commons-compress,RSZZ,999,0.99,0.25,0.0775274081894623,0.544882579628193,-0.012875294462713956
commons-compress,RSZZ,999,0.995,0.0,0.03900115229483955,0.49740308893554097,-0.006398969053260928
commons-compress,RSZZ,999,0.995,0.05,0.044329146597685595,0.5174154702288629,-0.006398969053260928
commons-compress,RSZZ,999,0.995,0.1,0.0533251107536575,0.5243148583477387,-0.006398969053260928
commons-compress,RSZZ,999,0.995,0.25,0.07334031684965679,0.5486565361051411,-0.006398969053260928
commons-compress,RSZZ,999,0.999,0.0,0.02178013226756379,0.4896103274013517,0.04461685681319522
commons-compress,RSZZ,999,0.999,0.05,0.02604981588531941,0.5092568000976331,0.04461685681319522
commons-compress,RSZZ,999,0.999,0.1,0.033690308777987295,0.5153666934797838,0.04461685681319522
commons-compress,RSZZ,999,0.999,0.25,0.05193447374050983,0.534757247387551,0.04461685681319522
commons-compress,RASZZ,7,0.9,0.0,0.04544732589710792,0.35472590999552506,0.23092220973702116
commons-compress,RASZZ,7,0.9,0.05,0.05382408263201576,0.37327516674803474,0.23092220973702116
commons-compress,RASZZ,7,0.9,0.1,0.05514719858348811,0.38030133035450564,0.23092220973702116
commons-compress,RASZZ,7,0.9,0.25,0.06439970533186018,0.4070033997896542,0.23092220973702116
commons-compress,RASZZ,7,0.95,0.0,0.04246000579681721,0.4112622459384624,0.23035183519973407
commons-compress,RASZZ,7,0.95,0.05,0.05073474829428053,0.4327678895285305,0.23035183519973407
commons-compress,RASZZ,7,0.95,0.1,0.054052556008823124,0.4405068411054621,0.23035183519973407
commons-compress,RASZZ,7,0.95,0.25,0.062105552856449746,0.46604814087546453,0.23035183519973407
commons-compress,RASZZ,7,0.99,0.0,0.033049895583780464,0.4829595663603237,0.12339392037318281
commons-compress,RASZZ,7,0.99,0.05,0.04007805920635736,0.5082143919737429,0.12339392037318281
commons-compress,RASZZ,7,0.99,0.1,0.047357879150309166,0.5175427825281566,0.12339392037318281
commons-compress,RASZZ,7,0.99,0.25,0.06098769450961584,0.5378950656372556,0.12339392037318281
commons-compress,RASZZ,7,0.995,0.0,0.026540958064208288,0.4846003516891077,0.08496931950946765
commons-compress,RASZZ,7,0.995,0.05,0.0330474203969386,0.5099409769226891,0.08496931950946765
commons-compress,RASZZ,7,0.995,0.1,0.04033160976814471,0.5197451761269274,0.08496931950946765
commons-compress,RASZZ,7,0.995,0.25,0.055405577008294335,0.5370655487449264,0.08496931950946765
commons-compress,RASZZ,7,0.999,0.0,0.008359341772439875,0.47551386146086677,0.06404665340582695
commons-compress,RASZZ,7,0.999,0.05,0.01375650702123298,0.5003793377541722,0.06404665340582695
commons-compress,RASZZ,7,0.999,0.1,0.02020537452409012,0.510190548188122,0.06404665340582695
commons-compress,RASZZ,7,0.999,0.25,0.03375126198555315,0.5230936554094261,0.06404665340582695
commons-compress,RASZZ,13,0.9,0.0,0.036748391063245504,0.33031606952455245,0.2513472419757761
commons-compress,RASZZ,13,0.9,0.05,0.044670264827499466,0.3475888917527569,0.2513472419757761
commons-compress,RASZZ,13,0.9,0.1,0.048786416978431175,0.35961738120704656,0.2513472419757761
commons-compress,RASZZ,13,0.9,0.25,0.05774517653612041,0.38630507169065165,0.2513472419757761
commons-compress,RASZZ,13,0.95,0.0,0.03617871040942011,0.39669733143960756,0.24460156866532437
commons-compress,RASZZ,13,0.95,0.05,0.04412499265744563,0.4174413494167594,0.24460156866532437
commons-compress,RASZZ,13,0.95,0.1,0.04953853959318974,0.4279014360148318,0.24460156866532437
commons-compress,RASZZ,13,0.95,0.25,0.05890643540785153,0.4553319676831549,0.24460156866532437
commons-compress,RASZZ,13,0.99,0.0,0.03624201342728595,0.48084474692640816,0.12431334223862045
commons-compress,RASZZ,13,0.99,0.05,0.04343709864142124,0.5059889848224954,0.12431334223862045
commons-compress,RASZZ,13,0.99,0.1,0.05175459486524253,0.5158648825654978,0.12431334223862045
commons-compress,RASZZ,13,0.99,0.25,0.06868634593886519,0.538496285017654,0.12431334223862045
commons-compress,RASZZ,13,0.995,0.0,0.029730324393590215,0.4832673935184808,0.08247857612641445
commons-compress,RASZZ,13,0.995,0.05,0.03640356443624947,0.5085383159684466,0.08247857612641445
commons-compress,RASZZ,13,0.995,0.1,0.04454040200457738,0.5187292420737522,0.08247857612641445
commons-compress,RASZZ,13,0.995,0.25,0.06295325134777237,0.5383072710573985,0.08247857612641445
commons-compress,RASZZ,13,0.999,0.0,0.008678585078470375,0.4744696863632934,0.06636493048261032
commons-compress,RASZZ,13,0.999,0.05,0.014092444134744744,0.49928056086001826,0.06636493048261032
commons-compress,RASZZ,13,0.999,0.1,0.02109512963563055,0.5093660923393901,0.06636493048261032
commons-compress,RASZZ,13,0.999,0.25,0.03732049981720563,0.5243403890969055,0.06636493048261032
commons-compress,RASZZ,21,0.9,0.0,0.08728208297459016,0.4161151767155425,0.26659398989679406
commons-compress,RASZZ,21,0.9,0.05,0.09784645450825594,0.43787458879685875,0.26659398989679406
commons-compress,RASZZ,21,0.9,0.1,0.10305358235236499,0.4511575629385754,0.26659398989679406
commons-compress,RASZZ,21,0.9,0.25,0.119416032217938,0.4863676624841221,0.26659398989679406
commons-compress,RASZZ,21,0.95,0.0,0.08771426034252795,0.4638147397349492,0.24492988648672218
commons-compress,RASZZ,21,0.95,0.05,0.09835542932043193,0.4880684478811926,0.24492988648672218
commons-compress,RASZZ,21,0.95,0.1,0.10561107558345463,0.5006889053639217,0.24492988648672218
commons-compress,RASZZ,21,0.95,0.25,0.12186721661451566,0.5342492591441291,0.24492988648672218
commons-compress,RASZZ,21,0.99,0.0,0.08195860043289448,0.524190148284031,0.12585661282529131
commons-compress,RASZZ,21,0.99,0.05,0.09154428832453416,0.5516009952891998,0.12585661282529131
commons-compress,RASZZ,21,0.99,0.1,0.10226076442030856,0.563781234368906,0.12585661282529131
commons-compress,RASZZ,21,0.99,0.25,0.12610901342794317,0.5924602821251949,0.12585661282529131
commons-compress,RASZZ,21,0.995,0.0,0.0739594342696754,0.5230232736501714,0.11139470498826239
commons-compress,RASZZ,21,0.995,0.05,0.08294549413154893,0.5503731026790054,0.11139470498826239
commons-compress,RASZZ,21,0.995,0.1,0.0934686811578679,0.562741256781592,0.11139470498826239
commons-compress,RASZZ,21,0.995,0.25,0.11881191854901087,0.5882507931514176,0.11139470498826239
commons-compress,RASZZ,21,0.999,0.0,0.04354913758578428,0.502076662315526,0.12226302230722334
commons-compress,RASZZ,21,0.999,0.05,0.050786440640181583,0.52833115530943,0.12226302230722334
commons-compress,RASZZ,21,0.999,0.1,0.0596744412360934,0.5399291609835618,0.12226302230722334
commons-compress,RASZZ,21,0.999,0.25,0.0811251007728196,0.5587573074371888,0.12226302230722334
commons-compress,RASZZ,42,0.9,0.0,0.08348805544401029,0.4165274163711782,0.24502731861682292
commons-compress,RASZZ,42,0.9,0.05,0.0938540304444437,0.438308385206598,0.24502731861682292
commons-compress,RASZZ,42,0.9,0.1,0.09867256843853629,0.45066299198125104,0.24502731861682292
commons-compress,RASZZ,42,0.9,0.25,0.1143420102559511,0.4870197328763258,0.24502731861682292
commons-compress,RASZZ,42,0.95,0.0,0.08578479527618108,0.4656349931410739,0.23794134195918176
commons-compress,RASZZ,42,0.95,0.05,0.09632506905048652,0.48998388561649486,0.23794134195918176
commons-compress,RASZZ,42,0.95,0.1,0.10341415525158676,0.5022459209931084,0.23794134195918176
commons-compress,RASZZ,42,0.95,0.25,0.1190003596930146,0.5356488648356704,0.23794134195918176
commons-compress,RASZZ,42,0.99,0.0,0.08217338634027284,0.5255853495586147,0.1368266737723194
commons-compress,RASZZ,42,0.99,0.05,0.09177030577387357,0.553069154151415,0.1368266737723194
commons-compress,RASZZ,42,0.99,0.1,0.1026801071157366,0.5653899578309254,0.1368266737723194
commons-compress,RASZZ,42,0.99,0.25,0.1258894315737627,0.5934816630397828,0.1368266737723194
commons-compress,RASZZ,42,0.995,0.0,0.0740272684991836,0.5238810546512526,0.12121629987168982
commons-compress,RASZZ,42,0.995,0.05,0.08301687553509857,0.5512757385936357,0.12121629987168982
commons-compress,RASZZ,42,0.995,0.1,0.09372644049361464,0.5637613185334234,0.12121629987168982
commons-compress,RASZZ,42,0.995,0.25,0.11850841941333133,0.5888178022771028,0.12121629987168982
commons-compress,RASZZ,42,0.999,0.0,0.04332259901330581,0.5023061556280765,0.12618012344203888
commons-compress,RASZZ,42,0.999,0.05,0.05054805595771554,0.5285726492406486,0.12618012344203888
commons-compress,RASZZ,42,0.999,0.1,0.05959912860859849,0.5402499814949585,0.12618012344203888
commons-compress,RASZZ,42,0.999,0.25,0.08058729003080606,0.5587174362905005,0.12618012344203888
commons-compress,RASZZ,77,0.9,0.0,0.062007804689007115,0.4030938062837887,0.1468696708073407
commons-compress,RASZZ,77,0.9,0.05,0.06313815627559721,0.4138493260389167,0.1468696708073407
commons-compress,RASZZ,77,0.9,0.1,0.05522472242380532,0.4043933961740082,0.1468696708073407
commons-compress,RASZZ,77,0.9,0.25,0.05791228801903932,0.428529473042894,0.1468696708073407
commons-compress,RASZZ,77,0.95,0.0,0.06452504368744762,0.46544705489589905,0.0695868554179772
commons-compress,RASZZ,77,0.95,0.05,0.06643989399629663,0.47932517273610925,0.0695868554179772
commons-compress,RASZZ,77,0.95,0.1,0.06003501037726824,0.4734238404337109,0.0695868554179772
commons-compress,RASZZ,77,0.95,0.25,0.06241103751892231,0.4971483445102131,0.0695868554179772
commons-compress,RASZZ,77,0.99,0.0,0.06409911755080741,0.5147932052020749,0.055399697115827505
commons-compress,RASZZ,77,0.99,0.05,0.0664149978846173,0.5313991016743459,0.055399697115827505
commons-compress,RASZZ,77,0.99,0.1,0.06373906104507442,0.5300559598893004,0.055399697115827505
commons-compress,RASZZ,77,0.99,0.25,0.0660051132956779,0.5405651982755383,0.055399697115827505
commons-compress,RASZZ,77,0.995,0.0,0.06030172846378748,0.5142505325344067,0.05945134593132793
commons-compress,RASZZ,77,0.995,0.05,0.06243269186514633,0.5308523207927137,0.05945134593132793
commons-compress,RASZZ,77,0.995,0.1,0.06005203529590902,0.5300458754048564,0.05945134593132793
commons-compress,RASZZ,77,0.995,0.25,0.06134850635784871,0.535456422485429,0.05945134593132793
commons-compress,RASZZ,77,0.999,0.0,0.05922732305689678,0.5201467938493007,0.06387195646953785
commons-compress,RASZZ,77,0.999,0.05,0.061305821406623356,0.5370765505387975,0.06387195646953785
commons-compress,RASZZ,77,0.999,0.1,0.05922720972028041,0.5371507841899881,0.06387195646953785
commons-compress,RASZZ,77,0.999,0.25,0.059748426349317485,0.5398287334776636,0.06387195646953785
commons-compress,RASZZ,101,0.9,0.0,0.05623330145298183,0.3885479651600097,0.14795071400363075
commons-compress,RASZZ,101,0.9,0.05,0.058711070609625444,0.40015278740393745,0.14795071400363075
commons-compress,RASZZ,101,0.9,0.1,0.06097310194247152,0.4078354987489768,0.14795071400363075
commons-compress,RASZZ,101,0.9,0.25,0.06765617436085074,0.4299263943261525,0.14795071400363075
commons-compress,RASZZ,101,0.95,0.0,0.05169610927371494,0.4461936868632174,0.07459322920281596
commons-compress,RASZZ,101,0.95,0.05,0.053885455140153214,0.45990713569228486,0.07459322920281596
commons-compress,RASZZ,101,0.95,0.1,0.057279388095435244,0.46692264319949167,0.07459322920281596
commons-compress,RASZZ,101,0.95,0.25,0.06190929954907872,0.4882676974868785,0.07459322920281596
commons-compress,RASZZ,101,0.99,0.0,0.0367230145239437,0.48817354837180765,0.052732230910309576
commons-compress,RASZZ,101,0.99,0.05,0.037996411102277174,0.5037398616023584,0.052732230910309576
commons-compress,RASZZ,101,0.99,0.1,0.04195378977244789,0.5072512465121284,0.052732230910309576
commons-compress,RASZZ,101,0.99,0.25,0.048005617951674025,0.5202824096539588,0.052732230910309576
commons-compress,RASZZ,101,0.995,0.0,0.031052263252875287,0.4880384202965528,0.04892681365975889
commons-compress,RASZZ,101,0.995,0.05,0.031990086108582005,0.5035793696332328,0.04892681365975889
commons-compress,RASZZ,101,0.995,0.1,0.03537193694644071,0.5066712368943498,0.04892681365975889
commons-compress,RASZZ,101,0.995,0.25,0.04158781341986592,0.5161507997770669,0.04892681365975889
commons-compress,RASZZ,101,0.999,0.0,0.0242648610795875,0.4924148464735153,0.044673067633503434
commons-compress,RASZZ,101,0.999,0.05,0.024812953245125374,0.5081732889047105,0.044673067633503434
commons-compress,RASZZ,101,0.999,0.1,0.02750690402857758,0.5113629556581055,0.044673067633503434
commons-compress,RASZZ,101,0.999,0.25,0.033172148616094445,0.5186921311511431,0.044673067633503434
commons-compress,RASZZ,123,0.9,0.0,0.029840815523408476,0.3538203742147295,0.14726958794183198
commons-compress,RASZZ,123,0.9,0.05,0.03740147972102152,0.3723222788702448,0.14726958794183198
commons-compress,RASZZ,123,0.9,0.1,0.03724651563866074,0.37850407776572625,0.14726958794183198
commons-compress,RASZZ,123,0.9,0.25,0.046861510622259024,0.4005557763058207,0.14726958794183198
commons-compress,RASZZ,123,0.95,0.0,0.02814933123434538,0.40654513463395764,0.07010888985729322
commons-compress,RASZZ,123,0.95,0.05,0.03567574278309325,0.42780411197763146,0.07010888985729322
commons-compress,RASZZ,123,0.95,0.1,0.037544432079775585,0.4345861151480031,0.07010888985729322
commons-compress,RASZZ,123,0.95,0.25,0.04644204811553639,0.457031283912066,0.07010888985729322
commons-compress,RASZZ,123,0.99,0.0,0.02561063658083331,0.4719261934939148,0.01706545244894487
commons-compress,RASZZ,123,0.99,0.05,0.0322497879508352,0.496604064167257,0.01706545244894487
commons-compress,RASZZ,123,0.99,0.1,0.03869832657337124,0.5050278380538197,0.01706545244894487
commons-compress,RASZZ,123,0.99,0.25,0.05246639125794385,0.5224758043337114,0.01706545244894487
commons-compress,RASZZ,123,0.995,0.0,0.01942826466499707,0.4737438369819265,0.03176310673391035
commons-compress,RASZZ,123,0.995,0.05,0.025562791448769273,0.4985167555071273,0.03176310673391035
commons-compress,RASZZ,123,0.995,0.1,0.032090638630332166,0.5074861581451132,0.03176310673391035
commons-compress,RASZZ,123,0.995,0.25,0.046370728403616904,0.5218151960556582,0.03176310673391035
commons-compress,RASZZ,123,0.999,0.0,0.004361562908261023,0.47058778039824334,0.043178719157404497
commons-compress,RASZZ,123,0.999,0.05,0.009549677099598681,0.49519566304011403,0.043178719157404497
commons-compress,RASZZ,123,0.999,0.1,0.015470593662660716,0.5045630483885426,0.043178719157404497
commons-compress,RASZZ,123,0.999,0.25,0.02814299554062618,0.5157585983644194,0.043178719157404497
commons-compress,RASZZ,202,0.9,0.0,0.05225110905043312,0.3893011232903306,0.09963990762040124
commons-compress,RASZZ,202,0.9,0.05,0.05588129877494445,0.40119053186039055,0.09963990762040124
commons-compress,RASZZ,202,0.9,0.1,0.0614214318297801,0.4152128347020627,0.09963990762040124
commons-compress,RASZZ,202,0.9,0.25,0.06200508613356595,0.43559352923332345,0.09963990762040124
commons-compress,RASZZ,202,0.95,0.0,0.05220336274581229,0.44839380113530136,0.04265456836684149
commons-compress,RASZZ,202,0.95,0.05,0.05539239555590326,0.4624059999973136,0.04265456836684149
commons-compress,RASZZ,202,0.95,0.1,0.061675846572173336,0.4734601970925203,0.04265456836684149
commons-compress,RASZZ,202,0.95,0.25,0.06171032705091742,0.4957766035593347,0.04265456836684149
commons-compress,RASZZ,202,0.99,0.0,0.04390943648647984,0.4952393612429673,0.03712078175390247
commons-compress,RASZZ,202,0.99,0.05,0.0461154928968558,0.5112900861251746,0.03712078175390247
commons-compress,RASZZ,202,0.99,0.1,0.05184991735400685,0.5162464894490709,0.03712078175390247
commons-compress,RASZZ,202,0.99,0.25,0.05762886262138958,0.5320348404488024,0.03712078175390247
commons-compress,RASZZ,202,0.995,0.0,0.038538496418189454,0.49531173748824986,0.039694464127083016
commons-compress,RASZZ,202,0.995,0.05,0.0403720638784563,0.511338283662715,0.039694464127083016
commons-compress,RASZZ,202,0.995,0.1,0.04537925664448903,0.5156593615678988,0.039694464127083016
commons-compress,RASZZ,202,0.995,0.25,0.05285912200993616,0.5283731209630269,0.039694464127083016
commons-compress,RASZZ,202,0.999,0.0,0.030407979350342798,0.4973451799496571,0.04933679851268841
commons-compress,RASZZ,202,0.999,0.05,0.03174056944556361,0.5134589973712756,0.04933679851268841
commons-compress,RASZZ,202,0.999,0.1,0.035861740312367905,0.5175905841678754,0.04933679851268841
commons-compress,RASZZ,202,0.999,0.25,0.04379607161844708,0.5279574909861965,0.04933679851268841
commons-compress,RASZZ,314,0.9,0.0,0.05028668534911497,0.3684991482253715,0.14667369850653272
commons-compress,RASZZ,314,0.9,0.05,0.05891650090623881,0.3877686324127537,0.14667369850653272
commons-compress,RASZZ,314,0.9,0.1,0.059851040879958434,0.39426362008279353,0.14667369850653272
commons-compress,RASZZ,314,0.9,0.25,0.06784733460552944,0.418224444807756,0.14667369850653272
commons-compress,RASZZ,314,0.95,0.0,0.0502620043572123,0.4199202503026291,0.07727376594188126
commons-compress,RASZZ,314,0.95,0.05,0.05894472741206231,0.44187863653536824,0.07727376594188126
commons-compress,RASZZ,314,0.95,0.1,0.06228115717347697,0.44938571750960443,0.07727376594188126
commons-compress,RASZZ,314,0.95,0.25,0.06954458263574352,0.4718457300220726,0.07727376594188126
commons-compress,RASZZ,314,0.99,0.0,0.047719977531741585,0.4853785962563197,0.012710298219250672
commons-compress,RASZZ,314,0.99,0.05,0.055515266162572095,0.5107599173000652,0.012710298219250672
commons-compress,RASZZ,314,0.99,0.1,0.06352979474178433,0.5201184434704071,0.012710298219250672
commons-compress,RASZZ,314,0.99,0.25,0.07828307304942796,0.5386360715058248,0.012710298219250672
commons-compress,RASZZ,314,0.995,0.0,0.04458956476024401,0.4930617833689825,0.02269692500547713
commons-compress,RASZZ,314,0.995,0.05,0.05203982124557528,0.5188448721055141,0.02269692500547713
commons-compress,RASZZ,314,0.995,0.1,0.06029252812832736,0.5290750157739844,0.02269692500547713
commons-compress,RASZZ,314,0.995,0.25,0.07747644434847825,0.5463683692705398,0.02269692500547713
commons-compress,RASZZ,314,0.999,0.0,0.030210622608365156,0.4913827752991134,0.07223617228324222
commons-compress,RASZZ,314,0.999,0.05,0.03675043068976638,0.5170780656795061,0.07223617228324222
commons-compress,RASZZ,314,0.999,0.1,0.044414649144473836,0.5277745081776005,0.07223617228324222
commons-compress,RASZZ,314,0.999,0.25,0.061168075170192834,0.5427147138893678,0.07223617228324222
commons-compress,RASZZ,999,0.9,0.0,0.04504723623828078,0.3484671188287442,0.25140475727226963
commons-compress,RASZZ,999,0.9,0.05,0.05340307156430225,0.3666890921180459,0.25140475727226963
commons-compress,RASZZ,999,0.9,0.1,0.05474735521830456,0.37335084569222204,0.25140475727226963
commons-compress,RASZZ,999,0.9,0.25,0.0630664237244812,0.39525073571149716,0.25140475727226963
commons-compress,RASZZ,999,0.95,0.0,0.0455841170399601,0.41434461885139057,0.24493169223294245
commons-compress,RASZZ,999,0.95,0.05,0.05402222494135793,0.43601144527292873,0.24493169223294245
commons-compress,RASZZ,999,0.95,0.1,0.05775843908953881,0.44407494985501267,0.24493169223294245
commons-compress,RASZZ,999,0.95,0.25,0.06516892432696522,0.46658861105196014,0.24493169223294245
commons-compress,RASZZ,999,0.99,0.0,0.04547366722251619,0.493125331659188,0.13040192157680325
commons-compress,RASZZ,999,0.99,0.05,0.053151492241308454,0.5189117434502752,0.13040192157680325
commons-compress,RASZZ,999,0.99,0.1,0.061392156062203274,0.5289859190887285,0.13040192157680325
commons-compress,RASZZ,999,0.99,0.25,0.07655532624367421,0.5501302592788452,0.13040192157680325
commons-compress,RASZZ,999,0.995,0.0,0.03827813277367104,0.4927667929834875,0.09409230663132775
commons-compress,RASZZ,999,0.995,0.05,0.0453983531125127,0.5185344561414362,0.09409230663132775
commons-compress,RASZZ,999,0.995,0.1,0.053576425329826205,0.5289387667351355,0.09409230663132775
commons-compress,RASZZ,999,0.995,0.25,0.07022010609935192,0.546994432832804,0.09409230663132775
commons-compress,RASZZ,999,0.999,0.0,0.017597487273366446,0.4819915877001251,0.07415227106810258
commons-compress,RASZZ,999,0.999,0.05,0.0234777317898,0.5071957959659159,0.07415227106810258
commons-compress,RASZZ,999,0.999,0.1,0.030649218022468852,0.5174850759840952,0.07415227106810258
commons-compress,RASZZ,999,0.999,0.25,0.045413061706847994,0.5310547693706648,0.07415227106810258
commons-configuration,oracle,7,0.9,0.0,0.08981123202995685,0.45213570539620856,0.023859570954698556
commons-configuration,oracle,7,0.9,0.05,0.0871538947644383,0.4488876096769852,0.023859570954698556
commons-configuration,oracle,7,0.9,0.1,0.09217987677087985,0.4501149692116421,0.023859570954698556
commons-configuration,oracle,7,0.9,0.25,0.0811042838985337,0.4350971527054828,0.023859570954698556
commons-configuration,oracle,7,0.95,0.0,0.09454715580154012,0.48695486971088925,0.07211715965109172
commons-configuration,oracle,7,0.95,0.05,0.0935204055985177,0.48543041734432973,0.07211715965109172
commons-configuration,oracle,7,0.95,0.1,0.09914334061512046,0.48656113192225936,0.07211715965109172
commons-configuration,oracle,7,0.95,0.25,0.09121056627680152,0.4741315629836794,0.07211715965109172
commons-configuration,oracle,7,0.99,0.0,0.10257059958219358,0.5720981416850995,0.06662928558152065
commons-configuration,oracle,7,0.99,0.05,0.10517088896817903,0.5769676286245495,0.06662928558152065
commons-configuration,oracle,7,0.99,0.1,0.10787628797782761,0.5788018732804556,0.06662928558152065
commons-configuration,oracle,7,0.99,0.25,0.10988679104472235,0.5844833620884732,0.06662928558152065
commons-configuration,oracle,7,0.995,0.0,0.10373940906875422,0.5778466904929116,0.07797219714463766
commons-configuration,oracle,7,0.995,0.05,0.10698788310002584,0.5834681743922253,0.07797219714463766
commons-configuration,oracle,7,0.995,0.1,0.10906638152741632,0.5850302793489834,0.07797219714463766
commons-configuration,oracle,7,0.995,0.25,0.1138591003999507,0.5924036744533301,0.07797219714463766
commons-configuration,oracle,7,0.999,0.0,0.10214328320257134,0.5622059960755504,0.09557076633075581
commons-configuration,oracle,7,0.999,0.05,0.1058089735713276,0.5674028722821219,0.09557076633075581
commons-configuration,oracle,7,0.999,0.1,0.10730900555418327,0.5676600368392166,0.09557076633075581
commons-configuration,oracle,7,0.999,0.25,0.11371932050632949,0.5717568157126441,0.09557076633075581
commons-configuration,oracle,13,0.9,0.0,0.08742841597683598,0.4510984593427712,0.03595922145124695
commons-configuration,oracle,13,0.9,0.05,0.08416029162137692,0.44745045665436745,0.03595922145124695
commons-configuration,oracle,13,0.9,0.1,0.08915078041567731,0.44799244508420305,0.03595922145124695
commons-configuration,oracle,13,0.9,0.25,0.07821568490064797,0.43068943476462085,0.03595922145124695
commons-configuration,oracle,13,0.95,0.0,0.09080290861725611,0.48312668437041334,0.09295366314623991
commons-configuration,oracle,13,0.95,0.05,0.08916402392610574,0.48106918068269816,0.09295366314623991
commons-configuration,oracle,13,0.95,0.1,0.09381187176270062,0.4812651865275305,0.09295366314623991
commons-configuration,oracle,13,0.95,0.25,0.08434357982474346,0.4654160399645403,0.09295366314623991
commons-configuration,oracle,13,0.99,0.0,0.10307106375363055,0.5795219055908611,0.07572803614296475
commons-configuration,oracle,13,0.99,0.05,0.10542478951653646,0.5844934109145327,0.07572803614296475
commons-configuration,oracle,13,0.99,0.1,0.10706467953524541,0.5859349594479399,0.07572803614296475
commons-configuration,oracle,13,0.99,0.25,0.10701886835694742,0.5907342831700813,0.07572803614296475
commons-configuration,oracle,13,0.995,0.0,0.10719788863011914,0.5871448597368296,0.0857431865798942
commons-configuration,oracle,13,0.995,0.05,0.11037235769616315,0.5929778128755855,0.0857431865798942
commons-configuration,oracle,13,0.995,0.1,0.1116360645092205,0.5943064067795636,0.0857431865798942
commons-configuration,oracle,13,0.995,0.25,0.11473586025170911,0.6013447832025599,0.0857431865798942
commons-configuration,oracle,13,0.999,0.0,0.11221054867884153,0.5770809409133759,0.1054029291544453
commons-configuration,oracle,13,0.999,0.05,0.11616065507511228,0.5827903102972891,0.1054029291544453
commons-configuration,oracle,13,0.999,0.1,0.11731608484350238,0.5831948892250534,0.1054029291544453
commons-configuration,oracle,13,0.999,0.25,0.12321654896691102,0.5882666983313816,0.1054029291544453
commons-configuration,oracle,21,0.9,0.0,0.10905996930722757,0.4770852949095076,0.03947407996064829
commons-configuration,oracle,21,0.9,0.05,0.10740528521413699,0.4751368057419214,0.03947407996064829
commons-configuration,oracle,21,0.9,0.1,0.1092746270647131,0.4754347475442488,0.03947407996064829
commons-configuration,oracle,21,0.9,0.25,0.10610268151708574,0.46875335066666074,0.03947407996064829
commons-configuration,oracle,21,0.95,0.0,0.114893899458553,0.5090217164501781,0.10820691707533855
commons-configuration,oracle,21,0.95,0.05,0.11492699680721243,0.5086467105937933,0.10820691707533855
commons-configuration,oracle,21,0.95,0.1,0.1187289453936486,0.5092961350017933,0.10820691707533855
commons-configuration,oracle,21,0.95,0.25,0.11786992652456278,0.5036760223049251,0.10820691707533855
commons-configuration,oracle,21,0.99,0.0,0.12226176673846258,0.592898124469853,0.08522219554414384
commons-configuration,oracle,21,0.99,0.05,0.125887755157774,0.5988510678680395,0.08522219554414384
commons-configuration,oracle,21,0.99,0.1,0.1285239288362524,0.6010700941195126,0.08522219554414384
commons-configuration,oracle,21,0.99,0.25,0.1326914726077777,0.6095068464734349,0.08522219554414384
commons-configuration,oracle,21,0.995,0.0,0.12270139388366219,0.596609956405818,0.09192214846670263
commons-configuration,oracle,21,0.995,0.05,0.1269375843534894,0.6032088056159929,0.09192214846670263
commons-configuration,oracle,21,0.995,0.1,0.12917727815678084,0.605217770493443,0.09192214846670263
commons-configuration,oracle,21,0.995,0.25,0.13452396068850828,0.6138419109512749,0.09192214846670263
commons-configuration,oracle,21,0.999,0.0,0.12082107976442473,0.5792187920951469,0.11191289574850656
commons-configuration,oracle,21,0.999,0.05,0.12545968340572175,0.5853018528682801,0.11191289574850656
commons-configuration,oracle,21,0.999,0.1,0.12731174407697546,0.5860493200624524,0.11191289574850656
commons-configuration,oracle,21,0.999,0.25,0.13323264194570988,0.5903640762188976,0.11191289574850656
commons-configuration,oracle,42,0.9,0.0,0.11944807141854842,0.47163878806854986,0.05011747719321887
commons-configuration,oracle,42,0.9,0.05,0.1216857789429364,0.47331432084292313,0.05011747719321887
commons-configuration,oracle,42,0.9,0.1,0.12470711540265625,0.472427973860989,0.05011747719321887
commons-configuration,oracle,42,0.9,0.25,0.1218647410265624,0.4579616463411216,0.05011747719321887
commons-configuration,oracle,42,0.95,0.0,0.11760957027533203,0.500259323751963,0.1276747615235315
commons-configuration,oracle,42,0.95,0.05,0.12045949553689124,0.5020022701317562,0.1276747615235315
commons-configuration,oracle,42,0.95,0.1,0.12386272376529485,0.5016558856063056,0.1276747615235315
commons-configuration,oracle,42,0.95,0.25,0.12053417651768498,0.4875927589450562,0.1276747615235315
commons-configuration,oracle,42,0.99,0.0,0.12400120579917542,0.5933172621528249,0.09158957911120644
commons-configuration,oracle,42,0.99,0.05,0.1292878776132505,0.6003324701957292,0.09158957911120644
commons-configuration,oracle,42,0.99,0.1,0.13231898105173615,0.6029701089032238,0.09158957911120644
commons-configuration,oracle,42,0.99,0.25,0.13230075269651917,0.6067814237728855,0.09158957911120644
commons-configuration,oracle,42,0.995,0.0,0.12845236896016324,0.601180542936065,0.09688580480961814
commons-configuration,oracle,42,0.995,0.05,0.1343961858812954,0.6088764360380314,0.09688580480961814
commons-configuration,oracle,42,0.995,0.1,0.13758916688819656,0.6117165195172309,0.09688580480961814
commons-configuration,oracle,42,0.995,0.25,0.14016767276392356,0.617709143525516,0.09688580480961814
commons-configuration,oracle,42,0.999,0.0,0.1348558278272981,0.5919947184569706,0.12592257780205662
commons-configuration,oracle,42,0.999,0.05,0.1415045121723936,0.5994666787907328,0.12592257780205662
commons-configuration,oracle,42,0.999,0.1,0.14505419209529274,0.601651497173934,0.12592257780205662
commons-configuration,oracle,42,0.999,0.25,0.15099022435591994,0.6062934006489739,0.12592257780205662
commons-configuration,oracle,77,0.9,0.0,0.10796971867760569,0.45975100817641057,0.035958872034442514
commons-configuration,oracle,77,0.9,0.05,0.10644582469881284,0.45672828529930387,0.035958872034442514
commons-configuration,oracle,77,0.9,0.1,0.1110066405306327,0.45648355517458505,0.035958872034442514
commons-configuration,oracle,77,0.9,0.25,0.1071103911746979,0.4435910857693454,0.035958872034442514
commons-configuration,oracle,77,0.95,0.0,0.10860713163680533,0.4895118004508493,0.09286072728508057
commons-configuration,oracle,77,0.95,0.05,0.10830325623595709,0.4878872960650523,0.09286072728508057
commons-configuration,oracle,77,0.95,0.1,0.11270862983791956,0.48746288386633285,0.09286072728508057
commons-configuration,oracle,77,0.95,0.25,0.10902511292842294,0.4754609195993692,0.09286072728508057
commons-configuration,oracle,77,0.99,0.0,0.11950321345623581,0.5864859850684145,0.07360515275380658
commons-configuration,oracle,77,0.99,0.05,0.12275462187549051,0.5917989599903901,0.07360515275380658
commons-configuration,oracle,77,0.99,0.1,0.12488310754782381,0.5932639148570236,0.07360515275380658
commons-configuration,oracle,77,0.99,0.25,0.1272602815327127,0.5997463904596112,0.07360515275380658
commons-configuration,oracle,77,0.995,0.0,0.12371360562096045,0.5942638132606741,0.08215479300387946
commons-configuration,oracle,77,0.995,0.05,0.1277534167362647,0.6004264090218705,0.08215479300387946
commons-configuration,oracle,77,0.995,0.1,0.12963464472384081,0.6018811627221624,0.08215479300387946
commons-configuration,oracle,77,0.995,0.25,0.13462650183814703,0.6099238397143171,0.08215479300387946
commons-configuration,oracle,77,0.999,0.0,0.1282387662775378,0.5837184475091571,0.11081623487534377
commons-configuration,oracle,77,0.999,0.05,0.13300224014466525,0.5897163909377122,0.11081623487534377
commons-configuration,oracle,77,0.999,0.1,0.13483619962204377,0.5902878573244371,0.11081623487534377
commons-configuration,oracle,77,0.999,0.25,0.14233978191614077,0.5958176447900605,0.11081623487534377
commons-configuration,oracle,101,0.9,0.0,0.09294280694616523,0.4420205511293907,0.050030698696639786
commons-configuration,oracle,101,0.9,0.05,0.0899619233338138,0.4378996865935813,0.050030698696639786
commons-configuration,oracle,101,0.9,0.1,0.09569853571628299,0.4387256466958816,0.050030698696639786
commons-configuration,oracle,101,0.9,0.25,0.08954369026927521,0.4225079734339509,0.050030698696639786
commons-configuration,oracle,101,0.95,0.0,0.09670094063859228,0.4760559836126649,0.12590147826829226
commons-configuration,oracle,101,0.95,0.05,0.09536928028284063,0.4736301721007051,0.12590147826829226
commons-configuration,oracle,101,0.95,0.1,0.10164480923397798,0.474488094074141,0.12590147826829226
commons-configuration,oracle,101,0.95,0.25,0.09785509770582931,0.46123172788927774,0.12590147826829226
commons-configuration,oracle,101,0.99,0.0,0.11538607590292166,0.5820502233837122,0.08836851824259584
commons-configuration,oracle,101,0.99,0.05,0.11838128197812606,0.5871534270011155,0.08836851824259584
commons-configuration,oracle,101,0.99,0.1,0.12195031342762035,0.5896835387156923,0.08836851824259584
commons-configuration,oracle,101,0.99,0.25,0.1310754426189247,0.6013592942429908,0.08836851824259584
commons-configuration,oracle,101,0.995,0.0,0.11761767899278401,0.588739525977512,0.09158360708637638
commons-configuration,oracle,101,0.995,0.05,0.12133490760261881,0.5946555441579978,0.09158360708637638
commons-configuration,oracle,101,0.995,0.1,0.12423323743113839,0.5968532124055841,0.09158360708637638
commons-configuration,oracle,101,0.995,0.25,0.13639062045761488,0.6105001969723458,0.09158360708637638
commons-configuration,oracle,101,0.999,0.0,0.11574353304582873,0.5728954360917926,0.10730505168796609
commons-configuration,oracle,101,0.999,0.05,0.11987767011032832,0.5783867854764132,0.10730505168796609
commons-configuration,oracle,101,0.999,0.1,0.12209730546975123,0.5791720868195844,0.10730505168796609
commons-configuration,oracle,101,0.999,0.25,0.1354838180756747,0.5891582049095591,0.10730505168796609
commons-configuration,oracle,123,0.9,0.0,0.08050977354516292,0.43032715468257304,0.03947569442837537
commons-configuration,oracle,123,0.9,0.05,0.07755551035798297,0.42577176399325156,0.03947569442837537
commons-configuration,oracle,123,0.9,0.1,0.08087545071203836,0.42411060625485497,0.03947569442837537
commons-configuration,oracle,123,0.9,0.25,0.07738960778947512,0.4125703919665591,0.03947569442837537
commons-configuration,oracle,123,0.95,0.0,0.08344983955089706,0.46594378236909606,0.10824752773641372
commons-configuration,oracle,123,0.95,0.05,0.08183553851764032,0.46309163651481616,0.10824752773641372
commons-configuration,oracle,123,0.95,0.1,0.08517932960903582,0.4615945342229618,0.10824752773641372
commons-configuration,oracle,123,0.95,0.25,0.08241033379215332,0.4499749767249692,0.10824752773641372
commons-configuration,oracle,123,0.99,0.0,0.09359688697758067,0.563598261966452,0.08137754551744741
commons-configuration,oracle,123,0.99,0.05,0.09549885309027692,0.5677190315064706,0.08137754551744741
commons-configuration,oracle,123,0.99,0.1,0.09621502374218731,0.567925196694082,0.08137754551744741
commons-configuration,oracle,123,0.99,0.25,0.10012006500853848,0.5740928693288208,0.08137754551744741
commons-configuration,oracle,123,0.995,0.0,0.09273803206445508,0.5667805351955808,0.0852653429869186
commons-configuration,oracle,123,0.995,0.05,0.0951643473619906,0.5715115463523561,0.0852653429869186
commons-configuration,oracle,123,0.995,0.1,0.09529707926313648,0.5714098370084653,0.0852653429869186
commons-configuration,oracle,123,0.995,0.25,0.10028781145186885,0.577893634163783,0.0852653429869186
commons-configuration,oracle,123,0.999,0.0,0.08612107746679755,0.5471193512818799,0.08259524218349058
commons-configuration,oracle,123,0.999,0.05,0.0886906705773266,0.5512108735560662,0.08259524218349058
commons-configuration,oracle,123,0.999,0.1,0.08809837938975765,0.5496734190073546,0.08259524218349058
commons-configuration,oracle,123,0.999,0.25,0.09229197739296215,0.5511727614231491,0.08259524218349058
commons-configuration,oracle,202,0.9,0.0,0.0690137053784169,0.41102815875167276,0.039033087073677704
commons-configuration,oracle,202,0.9,0.05,0.06498884299514673,0.40511491544853157,0.039033087073677704
commons-configuration,oracle,202,0.9,0.1,0.06995174219584342,0.4042498863563963,0.039033087073677704
commons-configuration,oracle,202,0.9,0.25,0.061438334762473866,0.3844428006016393,0.039033087073677704
commons-configuration,oracle,202,0.95,0.0,0.06677484375802294,0.44109243861252634,0.10733946815482591
commons-configuration,oracle,202,0.95,0.05,0.06388823283683993,0.43657812198982593,0.10733946815482591
commons-configuration,oracle,202,0.95,0.1,0.06885365485013219,0.4354638866520358,0.10733946815482591
commons-configuration,oracle,202,0.95,0.25,0.0618539194561142,0.4174690717339519,0.10733946815482591
commons-configuration,oracle,202,0.99,0.0,0.06882785889196907,0.5277549352943134,0.09655083023029573
commons-configuration,oracle,202,0.99,0.05,0.06911719370261073,0.5296601998512654,0.09655083023029573
commons-configuration,oracle,202,0.99,0.1,0.0700389559682245,0.5290070295430365,0.09655083023029573
commons-configuration,oracle,202,0.99,0.25,0.06884848347682768,0.5275239074580675,0.09655083023029573
commons-configuration,oracle,202,0.995,0.0,0.06889272912102745,0.5377346208794389,0.09040488004040727
commons-configuration,oracle,202,0.995,0.05,0.06976741134080064,0.5406125897789315,0.09040488004040727
commons-configuration,oracle,202,0.995,0.1,0.06984475243225148,0.5398268712845516,0.09040488004040727
commons-configuration,oracle,202,0.995,0.25,0.0700744455919676,0.5402402406087694,0.09040488004040727
commons-configuration,oracle,202,0.999,0.0,0.0717532604687726,0.535722486675894,0.07327628492484614
commons-configuration,oracle,202,0.999,0.05,0.07327525592916527,0.5388883728157092,0.07327628492484614
commons-configuration,oracle,202,0.999,0.1,0.0729142442999706,0.5375009379923732,0.07327628492484614
commons-configuration,oracle,202,0.999,0.25,0.07468544200904072,0.5370109508586993,0.07327628492484614
commons-configuration,oracle,314,0.9,0.0,0.10339565113521033,0.45501432038366874,0.05003069869569414
commons-configuration,oracle,314,0.9,0.05,0.10163349719857091,0.45174486677437,0.05003069869569414
commons-configuration,oracle,314,0.9,0.1,0.10362746556190935,0.4501912302087612,0.05003069869569414
commons-configuration,oracle,314,0.9,0.25,0.09196210034794737,0.4345275544389363,0.05003069869569414
commons-configuration,oracle,314,0.95,0.0,0.1011299521073657,0.47930065957699114,0.1259012479988871
commons-configuration,oracle,314,0.95,0.05,0.10043659568924268,0.47714426405237276,0.1259012479988871
commons-configuration,oracle,314,0.95,0.1,0.10222890963857591,0.4750019846279894,0.1259012479988871
commons-configuration,oracle,314,0.95,0.25,0.08953114252740813,0.45786287766491296,0.1259012479988871
commons-configuration,oracle,314,0.99,0.0,0.10266541295949834,0.5686586199708891,0.0881362549233398
commons-configuration,oracle,314,0.99,0.05,0.10503975220576901,0.5730429799965422,0.0881362549233398
commons-configuration,oracle,314,0.99,0.1,0.10499327894226652,0.5726593967332189,0.0881362549233398
commons-configuration,oracle,314,0.99,0.25,0.09574773089489938,0.5700022346021075,0.0881362549233398
commons-configuration,oracle,314,0.995,0.0,0.10719609991550004,0.5779347813018354,0.08988539758070005
commons-configuration,oracle,314,0.995,0.05,0.11037552578798983,0.5832468092849812,0.08988539758070005
commons-configuration,oracle,314,0.995,0.1,0.11031972454401044,0.5830729344336812,0.08988539758070005
commons-configuration,oracle,314,0.995,0.25,0.10434707982280855,0.5824287392310988,0.08988539758070005
commons-configuration,oracle,314,0.999,0.0,0.11742442534105016,0.5748139087328675,0.09700123722800874
commons-configuration,oracle,314,0.999,0.05,0.1216245878027853,0.5803480210059316,0.09700123722800874
commons-configuration,oracle,314,0.999,0.1,0.12203265089534522,0.57984235816416,0.09700123722800874
commons-configuration,oracle,314,0.999,0.25,0.12064702649205956,0.5787627327774836,0.09700123722800874
commons-configuration,oracle,999,0.9,0.0,0.09272221712440566,0.43867251850186034,0.058856651065979225
commons-configuration,oracle,999,0.9,0.05,0.08993231442567184,0.43419925043470486,0.058856651065979225
commons-configuration,oracle,999,0.9,0.1,0.09560194076571293,0.4338257587697724,0.058856651065979225
commons-configuration,oracle,999,0.9,0.25,0.07968629787416026,0.4141646284908627,0.058856651065979225
commons-configuration,oracle,999,0.95,0.0,0.0966536648582132,0.4740446430897636,0.14594196012244548
commons-configuration,oracle,999,0.95,0.05,0.09532342069153352,0.4712467835978179,0.14594196012244548
commons-configuration,oracle,999,0.95,0.1,0.10042900803417937,0.4707940273569158,0.14594196012244548
commons-configuration,oracle,999,0.95,0.25,0.08631482875748141,0.45180068485579455,0.14594196012244548
commons-configuration,oracle,999,0.99,0.0,0.10553845746449332,0.5741241376075856,0.09630628531943233
commons-configuration,oracle,999,0.99,0.05,0.10774002150816285,0.5784447412661449,0.09630628531943233
commons-configuration,oracle,999,0.99,0.1,0.10942370572493516,0.5794607835706854,0.09630628531943233
commons-configuration,oracle,999,0.99,0.25,0.10469754711887011,0.5804025548717902,0.09630628531943233
commons-configuration,oracle,999,0.995,0.0,0.10999612524515219,0.5829313729822331,0.0939464620480698
commons-configuration,oracle,999,0.995,0.05,0.11301185442960504,0.5881636088773491,0.0939464620480698
commons-configuration,oracle,999,0.995,0.1,0.11430623855306245,0.5891177951683361,0.0939464620480698
commons-configuration,oracle,999,0.995,0.25,0.11341659816437849,0.5925405711040975,0.0939464620480698
commons-configuration,oracle,999,0.999,0.0,0.11949214734129233,0.5791553376605836,0.10698207227613754
commons-configuration,oracle,999,0.999,0.05,0.12350082780763767,0.5845836104286797,0.10698207227613754
commons-configuration,oracle,999,0.999,0.1,0.12492204283553998,0.5849618243164394,0.10698207227613754
commons-configuration,oracle,999,0.999,0.25,0.12857823852744948,0.5880084291952025,0.10698207227613754
commons-configuration,BSZZ,7,0.9,0.0,0.0668082345809691,0.37975711508955684,-0.07191475037463277
commons-configuration,BSZZ,7,0.9,0.05,0.06716316954579032,0.3764566261275225,-0.07191475037463277
commons-configuration,BSZZ,7,0.9,0.1,0.06264279794166945,0.3702652635059972,-0.07191475037463277
commons-configuration,BSZZ,7,0.9,0.25,0.06334816102350933,0.3453845233423812,-0.07191475037463277
commons-configuration,BSZZ,7,0.95,0.0,0.06063697615322651,0.4223474386818775,-0.13024363874532108
commons-configuration,BSZZ,7,0.95,0.05,0.06151294182929484,0.4213008272927269,-0.13024363874532108
commons-configuration,BSZZ,7,0.95,0.1,0.057435263858896135,0.4167530277260815,-0.13024363874532108
commons-configuration,BSZZ,7,0.95,0.25,0.054092105942511036,0.3940170883733634,-0.13024363874532108
commons-configuration,BSZZ,7,0.99,0.0,0.0668621473736658,0.523054834334534,-0.10421388910473955
commons-configuration,BSZZ,7,0.99,0.05,0.07035660812903537,0.5288037196032204,-0.10421388910473955
commons-configuration,BSZZ,7,0.99,0.1,0.06845198976321205,0.5291087781192718,-0.10421388910473955
commons-configuration,BSZZ,7,0.99,0.25,0.0629978423821589,0.5236677216231,-0.10421388910473955
commons-configuration,BSZZ,7,0.995,0.0,0.07374991710193819,0.5453330245869916,-0.0523896214100755
commons-configuration,BSZZ,7,0.995,0.05,0.0780729052864377,0.5525635986558854,-0.0523896214100755
commons-configuration,BSZZ,7,0.995,0.1,0.07705594754203496,0.5542844943960806,-0.0523896214100755
commons-configuration,BSZZ,7,0.995,0.25,0.07355023146736646,0.5544147900908559,-0.0523896214100755
commons-configuration,BSZZ,7,0.999,0.0,0.08908201835371973,0.5562186455111776,0.06095708913182764
commons-configuration,BSZZ,7,0.999,0.05,0.09461215569719987,0.5642869972060116,0.06095708913182764
commons-configuration,BSZZ,7,0.999,0.1,0.09495517461187224,0.5668444493305057,0.06095708913182764
commons-configuration,BSZZ,7,0.999,0.25,0.09567295298547439,0.5706057649053703,0.06095708913182764
commons-configuration,BSZZ,13,0.9,0.0,0.05758713361528927,0.3794043611970022,-0.02870073743330125
commons-configuration,BSZZ,13,0.9,0.05,0.0546794606478821,0.3739781055930254,-0.02870073743330125
commons-configuration,BSZZ,13,0.9,0.1,0.04995635512679318,0.3685686626568969,-0.02870073743330125
commons-configuration,BSZZ,13,0.9,0.25,0.04718618198239551,0.3430996107780421,-0.02870073743330125
commons-configuration,BSZZ,13,0.95,0.0,0.04806950396297654,0.4190459810944856,-0.06264547866777269
commons-configuration,BSZZ,13,0.95,0.05,0.046199877966815545,0.4164697281992969,-0.06264547866777269
commons-configuration,BSZZ,13,0.95,0.1,0.0406445467621758,0.4119087947918927,-0.06264547866777269
commons-configuration,BSZZ,13,0.95,0.25,0.03316442530029524,0.388090936187916,-0.06264547866777269
commons-configuration,BSZZ,13,0.99,0.0,0.04708402253378542,0.5083802282321201,-0.0841456711488687
commons-configuration,BSZZ,13,0.99,0.05,0.04849891437413519,0.5128360410509563,-0.0841456711488687
commons-configuration,BSZZ,13,0.99,0.1,0.04321422041940812,0.5115906039846946,-0.0841456711488687
commons-configuration,BSZZ,13,0.99,0.25,0.032255453395786046,0.5027354677819248,-0.0841456711488687
commons-configuration,BSZZ,13,0.995,0.0,0.05245314564064161,0.5279070738860538,-0.04880822543439305
commons-configuration,BSZZ,13,0.995,0.05,0.05475484614787239,0.5337906603656689,-0.04880822543439305
commons-configuration,BSZZ,13,0.995,0.1,0.05018823046765342,0.5337282287916798,-0.04880822543439305
commons-configuration,BSZZ,13,0.995,0.25,0.040383329294027104,0.5296896487186822,-0.04880822543439305
commons-configuration,BSZZ,13,0.999,0.0,0.06591071438762355,0.5385884362890927,0.035627523944440125
commons-configuration,BSZZ,13,0.999,0.05,0.06942725377767583,0.5453639571505935,0.035627523944440125
commons-configuration,BSZZ,13,0.999,0.1,0.06610127508183469,0.5460938319905325,0.035627523944440125
commons-configuration,BSZZ,13,0.999,0.25,0.05938564117395406,0.5454087700060039,0.035627523944440125
commons-configuration,BSZZ,21,0.9,0.0,0.06630593208730907,0.3829753118740209,-0.030774377399771097
commons-configuration,BSZZ,21,0.9,0.05,0.0666347024688887,0.3798424565166724,-0.030774377399771097
commons-configuration,BSZZ,21,0.9,0.1,0.06286199603323543,0.3748271141611912,-0.030774377399771097
commons-configuration,BSZZ,21,0.9,0.25,0.05579624444781568,0.34561392529972745,-0.030774377399771097
commons-configuration,BSZZ,21,0.95,0.0,0.058215161872491296,0.42358907762168085,-0.07579364337734702
commons-configuration,BSZZ,21,0.95,0.05,0.05896497694778865,0.42260714233071117,-0.07579364337734702
commons-configuration,BSZZ,21,0.95,0.1,0.0554448977516003,0.4190541351742812,-0.07579364337734702
commons-configuration,BSZZ,21,0.95,0.25,0.04408839190698257,0.3918241241781282,-0.07579364337734702
commons-configuration,BSZZ,21,0.99,0.0,0.06008605536338844,0.5172416606646745,-0.09115945303594235
commons-configuration,BSZZ,21,0.99,0.05,0.06322755425674584,0.5226877418097448,-0.09115945303594235
commons-configuration,BSZZ,21,0.99,0.1,0.06136108326777336,0.5232166204666372,-0.09115945303594235
commons-configuration,BSZZ,21,0.99,0.25,0.048256402934120486,0.5126118904417813,-0.09115945303594235
commons-configuration,BSZZ,21,0.995,0.0,0.06820341600537796,0.5402204766404102,-0.05005146228501883
commons-configuration,BSZZ,21,0.995,0.05,0.07223749085285001,0.5471847416863281,-0.05005146228501883
commons-configuration,BSZZ,21,0.995,0.1,0.07127342958190451,0.5490922953834405,-0.05005146228501883
commons-configuration,BSZZ,21,0.995,0.25,0.06134220872776899,0.544767941149806,-0.05005146228501883
commons-configuration,BSZZ,21,0.999,0.0,0.08636888463808677,0.5539697867572131,0.04800779373090106
commons-configuration,BSZZ,21,0.999,0.05,0.09175769675653962,0.5619209969828939,0.04800779373090106
commons-configuration,BSZZ,21,0.999,0.1,0.09227269453057846,0.5647691734529607,0.04800779373090106
commons-configuration,BSZZ,21,0.999,0.25,0.08836235132106637,0.565456778939087,0.04800779373090106
commons-configuration,BSZZ,42,0.9,0.0,0.05843278670431895,0.3898309720022436,-0.1450464773969488
commons-configuration,BSZZ,42,0.9,0.05,0.0577224282723386,0.3862276606525197,-0.1450464773969488
commons-configuration,BSZZ,42,0.9,0.1,0.055496508292818277,0.3825354337889766,-0.1450464773969488
commons-configuration,BSZZ,42,0.9,0.25,0.051267233931989425,0.3589291643081423,-0.1450464773969488
commons-configuration,BSZZ,42,0.95,0.0,0.05053638461401884,0.4279444614313619,-0.17444731431813956
commons-configuration,BSZZ,42,0.95,0.05,0.05031549080764083,0.42642217259193016,-0.17444731431813956
commons-configuration,BSZZ,42,0.95,0.1,0.04786125629589944,0.4234984801266506,-0.17444731431813956
commons-configuration,BSZZ,42,0.95,0.25,0.03983474333978557,0.40109371453141524,-0.17444731431813956
commons-configuration,BSZZ,42,0.99,0.0,0.051854653218422746,0.5152098433693697,-0.12012137802779811
commons-configuration,BSZZ,42,0.99,0.05,0.054125587586036715,0.5199494893047223,-0.12012137802779811
commons-configuration,BSZZ,42,0.99,0.1,0.05195725515060506,0.5199171854372197,-0.12012137802779811
commons-configuration,BSZZ,42,0.99,0.25,0.04322252606400028,0.5123835751963803,-0.12012137802779811
commons-configuration,BSZZ,42,0.995,0.0,0.05550249370403005,0.5335663716939657,-0.0653236347085997
commons-configuration,BSZZ,42,0.995,0.05,0.058454268102376826,0.5396179579085427,-0.0653236347085997
commons-configuration,BSZZ,42,0.995,0.1,0.05670222782606576,0.5405755721950503,-0.0653236347085997
commons-configuration,BSZZ,42,0.995,0.25,0.05008816659819949,0.5380981448661932,-0.0653236347085997
commons-configuration,BSZZ,42,0.999,0.0,0.06045035989271574,0.536821386692578,0.03045567598461762
commons-configuration,BSZZ,42,0.999,0.05,0.06408565134249573,0.5433429944048008,0.03045567598461762
commons-configuration,BSZZ,42,0.999,0.1,0.06287555565398859,0.5445426848217376,0.03045567598461762
commons-configuration,BSZZ,42,0.999,0.25,0.05879880355811109,0.5442172302004855,0.03045567598461762
commons-configuration,BSZZ,77,0.9,0.0,0.06042669632402466,0.37034664549284557,-0.03051488239346438
commons-configuration,BSZZ,77,0.9,0.05,0.06044922145405371,0.3665559717950924,-0.03051488239346438
commons-configuration,BSZZ,77,0.9,0.1,0.05708812663086687,0.360187546091495,-0.03051488239346438
commons-configuration,BSZZ,77,0.9,0.25,0.05899684163046796,0.3351085232420543,-0.03051488239346438
commons-configuration,BSZZ,77,0.95,0.0,0.05373688241308433,0.41504876226550114,-0.06197133692740572
commons-configuration,BSZZ,77,0.95,0.05,0.05425342706433702,0.41362196796055756,-0.06197133692740572
commons-configuration,BSZZ,77,0.95,0.1,0.05114797483996916,0.4089171348746796,-0.06197133692740572
commons-configuration,BSZZ,77,0.95,0.25,0.049213245182874295,0.38654848231877925,-0.06197133692740572
commons-configuration,BSZZ,77,0.99,0.0,0.058247820361987585,0.5169704140319179,-0.07205592429815619
commons-configuration,BSZZ,77,0.99,0.05,0.06129356688835731,0.5224023661308629,-0.07205592429815619
commons-configuration,BSZZ,77,0.99,0.1,0.05957052193352202,0.5225544581797339,-0.07205592429815619
commons-configuration,BSZZ,77,0.99,0.25,0.05789920460042549,0.5188329907891053,-0.07205592429815619
commons-configuration,BSZZ,77,0.995,0.0,0.06418855765815686,0.5391281693408255,-0.031414388707238006
commons-configuration,BSZZ,77,0.995,0.05,0.06801350136103983,0.5460355368685624,-0.031414388707238006
commons-configuration,BSZZ,77,0.995,0.1,0.06697780663004964,0.5475697688793703,-0.031414388707238006
commons-configuration,BSZZ,77,0.995,0.25,0.06714690820514609,0.549283924780873,-0.031414388707238006
commons-configuration,BSZZ,77,0.999,0.0,0.07391913124314163,0.5463464574333374,0.06276191945019162
commons-configuration,BSZZ,77,0.999,0.05,0.07865944447267637,0.5539005738018501,0.06276191945019162
commons-configuration,BSZZ,77,0.999,0.1,0.07854328461546956,0.5560300924162584,0.06276191945019162
commons-configuration,BSZZ,77,0.999,0.25,0.08136253749543765,0.5602141967243277,0.06276191945019162
commons-configuration,BSZZ,101,0.9,0.0,0.06660498651686343,0.38300814113213477,-0.059362709924795865
commons-configuration,BSZZ,101,0.9,0.05,0.06694933443312504,0.37987699582772755,-0.059362709924795865
commons-configuration,BSZZ,101,0.9,0.1,0.06510176147891415,0.37616620180848687,-0.059362709924795865
commons-configuration,BSZZ,101,0.9,0.25,0.05179506526308851,0.34503350928748605,-0.059362709924795865
commons-configuration,BSZZ,101,0.95,0.0,0.061575955455381276,0.4251247189673542,-0.11086025823280996
commons-configuration,BSZZ,101,0.95,0.05,0.06250083190219723,0.4242227741528907,-0.11086025823280996
commons-configuration,BSZZ,101,0.95,0.1,0.061070509740221296,0.4218573513081614,-0.11086025823280996
commons-configuration,BSZZ,101,0.95,0.25,0.04523714463563745,0.39302119886559955,-0.11086025823280996
commons-configuration,BSZZ,101,0.99,0.0,0.061926191868884733,0.5217650784625341,-0.0967045467914036
commons-configuration,BSZZ,101,0.99,0.05,0.06516354217723937,0.5274467812559186,-0.0967045467914036
commons-configuration,BSZZ,101,0.99,0.1,0.06452613296115178,0.5289964170911013,-0.0967045467914036
commons-configuration,BSZZ,101,0.99,0.25,0.05283242454060074,0.5201270841735863,-0.0967045467914036
commons-configuration,BSZZ,101,0.995,0.0,0.06850316625065375,0.5431785228261478,-0.04830303894283295
commons-configuration,BSZZ,101,0.995,0.05,0.07255285487735882,0.5502968704152266,-0.04830303894283295
commons-configuration,BSZZ,101,0.995,0.1,0.07253022135736431,0.5530370129052967,-0.04830303894283295
commons-configuration,BSZZ,101,0.995,0.25,0.06536400586918033,0.5511138000983097,-0.04830303894283295
commons-configuration,BSZZ,101,0.999,0.0,0.08429378681117014,0.5544594221381395,0.05425564827768169
commons-configuration,BSZZ,101,0.999,0.05,0.08957450854482084,0.562436137126078,0.05425564827768169
commons-configuration,BSZZ,101,0.999,0.1,0.09073253860538823,0.5658849487870798,0.05425564827768169
commons-configuration,BSZZ,101,0.999,0.25,0.09021275098058708,0.5691265057109247,0.05425564827768169
commons-configuration,BSZZ,123,0.9,0.0,0.04713136976079663,0.3762763454949755,-0.032492174220583134
commons-configuration,BSZZ,123,0.9,0.05,0.04582811511962316,0.3721380437718623,-0.032492174220583134
commons-configuration,BSZZ,123,0.9,0.1,0.042234630467687016,0.3673665240634328,-0.032492174220583134
commons-configuration,BSZZ,123,0.9,0.25,0.03606150120996915,0.34083584308972464,-0.032492174220583134
commons-configuration,BSZZ,123,0.95,0.0,0.040453708268056415,0.41805714813119266,-0.06696593037853699
commons-configuration,BSZZ,123,0.95,0.05,0.03977513817585356,0.416201632095319,-0.06696593037853699
commons-configuration,BSZZ,123,0.95,0.1,0.036414836096460575,0.412587652857223,-0.06696593037853699
commons-configuration,BSZZ,123,0.95,0.25,0.026452584367345412,0.38805178228850673,-0.06696593037853699
commons-configuration,BSZZ,123,0.99,0.0,0.04490931909844862,0.5085500948590636,-0.08524486098095134
commons-configuration,BSZZ,123,0.99,0.05,0.04694221548413367,0.5131283769943425,-0.08524486098095134
commons-configuration,BSZZ,123,0.99,0.1,0.044431530754601004,0.5128133546561822,-0.08524486098095134
commons-configuration,BSZZ,123,0.99,0.25,0.03419669417619315,0.5037504436065913,-0.08524486098095134
commons-configuration,BSZZ,123,0.995,0.0,0.04868694638950236,0.5268054050728552,-0.04773574299929602
commons-configuration,BSZZ,123,0.995,0.05,0.05140968488996409,0.5326863154389062,-0.04773574299929602
commons-configuration,BSZZ,123,0.995,0.1,0.049355720999209686,0.5333839360377681,-0.04773574299929602
commons-configuration,BSZZ,123,0.995,0.25,0.04099021614093176,0.5291981854637084,-0.04773574299929602
commons-configuration,BSZZ,123,0.999,0.0,0.055202884636993986,0.5323601069969441,0.03212779622523601
commons-configuration,BSZZ,123,0.999,0.05,0.05869159034795654,0.5388264421365287,0.03212779622523601
commons-configuration,BSZZ,123,0.999,0.1,0.0572921581751675,0.5399199176496701,0.03212779622523601
commons-configuration,BSZZ,123,0.999,0.25,0.05163628986852174,0.5383044528221503,0.03212779622523601
commons-configuration,BSZZ,202,0.9,0.0,0.03832453441152278,0.36479187364431026,-0.030526512063516587
commons-configuration,BSZZ,202,0.9,0.05,0.03690121447112331,0.3602849213469164,-0.030526512063516587
commons-configuration,BSZZ,202,0.9,0.1,0.032890857013405175,0.35493009256258284,-0.030526512063516587
commons-configuration,BSZZ,202,0.9,0.25,0.03603616621361242,0.33579953824869696,-0.030526512063516587
commons-configuration,BSZZ,202,0.95,0.0,0.0312023766164313,0.41006442625504036,-0.06251402244444772
commons-configuration,BSZZ,202,0.95,0.05,0.030264826712618483,0.407983938416092,-0.06251402244444772
commons-configuration,BSZZ,202,0.95,0.1,0.026555506365195203,0.4041167982854745,-0.06251402244444772
commons-configuration,BSZZ,202,0.95,0.25,0.025203685955890755,0.38590794894323105,-0.06251402244444772
commons-configuration,BSZZ,202,0.99,0.0,0.03356936423337808,0.5033935701420479,-0.08248458907849016
commons-configuration,BSZZ,202,0.99,0.05,0.03510519281763864,0.507809220572339,-0.08248458907849016
commons-configuration,BSZZ,202,0.99,0.1,0.03223020989023512,0.5075591735857191,-0.08248458907849016
commons-configuration,BSZZ,202,0.99,0.25,0.02750373166699964,0.502481845027281,-0.08248458907849016
commons-configuration,BSZZ,202,0.995,0.0,0.03496592058429422,0.5194251288491764,-0.04417056388889184
commons-configuration,BSZZ,202,0.995,0.05,0.03705415066505594,0.5250146545596829,-0.04417056388889184
commons-configuration,BSZZ,202,0.995,0.1,0.03449534548903956,0.5256467395677771,-0.04417056388889184
commons-configuration,BSZZ,202,0.995,0.25,0.029873994198702895,0.5241211707604536,-0.04417056388889184
commons-configuration,BSZZ,202,0.999,0.0,0.03401388298228434,0.5178969186015171,0.02627273802843867
commons-configuration,BSZZ,202,0.999,0.05,0.03646926068469651,0.5236927296408956,0.02627273802843867
commons-configuration,BSZZ,202,0.999,0.1,0.034121668906886324,0.5242984377114791,0.02627273802843867
commons-configuration,BSZZ,202,0.999,0.25,0.02921570662337656,0.5229325724861554,0.02627273802843867
commons-configuration,BSZZ,314,0.9,0.0,0.05445317328042295,0.39027281317715157,-0.028704763301334164
commons-configuration,BSZZ,314,0.9,0.05,0.054815195388321324,0.3882820240917701,-0.028704763301334164
commons-configuration,BSZZ,314,0.9,0.1,0.05185637438826258,0.3845365495282171,-0.028704763301334164
commons-configuration,BSZZ,314,0.9,0.25,0.047844021218409825,0.36124484221405145,-0.028704763301334164
commons-configuration,BSZZ,314,0.95,0.0,0.05103631018809894,0.428631871246133,-0.0629092275271401
commons-configuration,BSZZ,314,0.95,0.05,0.051937191458521756,0.4285634995788746,-0.0629092275271401
commons-configuration,BSZZ,314,0.95,0.1,0.04968971852223471,0.4261330613549926,-0.0629092275271401
commons-configuration,BSZZ,314,0.95,0.25,0.0423825819764677,0.4041852863297248,-0.0629092275271401
commons-configuration,BSZZ,314,0.99,0.0,0.05223069214390299,0.5150886545985403,-0.08809733089331204
commons-configuration,BSZZ,314,0.99,0.05,0.05528987337646961,0.5208585215870349,-0.08809733089331204
commons-configuration,BSZZ,314,0.99,0.1,0.054300588712258624,0.5222812463777067,-0.08809733089331204
commons-configuration,BSZZ,314,0.99,0.25,0.04676533531594934,0.5156705261117406,-0.08809733089331204
commons-configuration,BSZZ,314,0.995,0.0,0.055282161666077,0.5330367841772875,-0.04955170861058154
commons-configuration,BSZZ,314,0.995,0.05,0.05894371074034442,0.5400260388614192,-0.04955170861058154
commons-configuration,BSZZ,314,0.995,0.1,0.05842656333768248,0.5425184447664,-0.04955170861058154
commons-configuration,BSZZ,314,0.995,0.25,0.05321772964103171,0.5412603029017811,-0.04955170861058154
commons-configuration,BSZZ,314,0.999,0.0,0.05871362531335929,0.5347537404967599,0.03657301306468606
commons-configuration,BSZZ,314,0.999,0.05,0.06294186666932498,0.5420729874875266,0.03657301306468606
commons-configuration,BSZZ,314,0.999,0.1,0.06292733452921187,0.5447713160107822,0.03657301306468606
commons-configuration,BSZZ,314,0.999,0.25,0.06039829215765249,0.5458733359468395,0.03657301306468606
commons-configuration,BSZZ,999,0.9,0.0,0.05854375538565999,0.3720012569516033,-0.031730054753053065
commons-configuration,BSZZ,999,0.9,0.05,0.05817364043017551,0.36786983635481835,-0.031730054753053065
commons-configuration,BSZZ,999,0.9,0.1,0.05335081770061943,0.3621084700824839,-0.031730054753053065
commons-configuration,BSZZ,999,0.9,0.25,0.05519453254905993,0.3385657238126093,-0.031730054753053065
commons-configuration,BSZZ,999,0.95,0.0,0.051539482531683084,0.41575723212772575,-0.06470654171365155
commons-configuration,BSZZ,999,0.95,0.05,0.05166127815636935,0.4139732785385852,-0.06470654171365155
commons-configuration,BSZZ,999,0.95,0.1,0.047479299076797994,0.40987518905580617,-0.06470654171365155
commons-configuration,BSZZ,999,0.95,0.25,0.04554010142652584,0.38795500289401824,-0.06470654171365155
commons-configuration,BSZZ,999,0.99,0.0,0.055946294073169416,0.5140419938218502,-0.07964863125326323
commons-configuration,BSZZ,999,0.99,0.05,0.05864772117799152,0.5190123131444492,-0.07964863125326323
commons-configuration,BSZZ,999,0.99,0.1,0.05632055538655326,0.5191020952458621,-0.07964863125326323
commons-configuration,BSZZ,999,0.99,0.25,0.05149536513226918,0.5135224988882319,-0.07964863125326323
commons-configuration,BSZZ,999,0.995,0.0,0.06249392690801711,0.5358751908873645,-0.041553394253400294
commons-configuration,BSZZ,999,0.995,0.05,0.06601607145670028,0.5423215887475419,-0.041553394253400294
commons-configuration,BSZZ,999,0.995,0.1,0.06447433328307133,0.543682309820661,-0.041553394253400294
commons-configuration,BSZZ,999,0.995,0.25,0.0607241208025006,0.5430907444804313,-0.041553394253400294
commons-configuration,BSZZ,999,0.999,0.0,0.07699211668218342,0.5474712744488468,0.0539052295068795
commons-configuration,BSZZ,999,0.999,0.05,0.0816862003185915,0.5548075928620703,0.0539052295068795
commons-configuration,BSZZ,999,0.999,0.1,0.0813871345243181,0.5569514052815103,0.0539052295068795
commons-configuration,BSZZ,999,0.999,0.25,0.08081883324378353,0.5596168592153251,0.0539052295068795
commons-configuration,AGSZZ,7,0.9,0.0,0.05695875836911556,0.3734674147282263,0.00579882207273484
commons-configuration,AGSZZ,7,0.9,0.05,0.06256027348194461,0.3755490047956572,0.00579882207273484
commons-configuration,AGSZZ,7,0.9,0.1,0.060015329928442496,0.3658676002528303,0.00579882207273484
commons-configuration,AGSZZ,7,0.9,0.25,0.05114655955178869,0.3362002644017187,0.00579882207273484
commons-configuration,AGSZZ,7,0.95,0.0,0.05898523857395334,0.4311633960842869,0.007698391770032763
commons-configuration,AGSZZ,7,0.95,0.05,0.06470109160599999,0.4349920003869429,0.007698391770032763
commons-configuration,AGSZZ,7,0.95,0.1,0.06340369764009847,0.4290552858043228,0.007698391770032763
commons-configuration,AGSZZ,7,0.95,0.25,0.05390053673842401,0.40515373942454636,0.007698391770032763
commons-configuration,AGSZZ,7,0.99,0.0,0.0612420353331485,0.5280992434345435,-0.01375304779385335
commons-configuration,AGSZZ,7,0.99,0.05,0.0678648314943606,0.5369548815885422,-0.01375304779385335
commons-configuration,AGSZZ,7,0.99,0.1,0.06866998491189362,0.5374969947531179,-0.01375304779385335
commons-configuration,AGSZZ,7,0.99,0.25,0.06253227465915989,0.5325920222678928,-0.01375304779385335
commons-configuration,AGSZZ,7,0.995,0.0,0.06350440718948115,0.543809128279922,-0.005877231779516835
commons-configuration,AGSZZ,7,0.995,0.05,0.0704905453242846,0.5536255430045444,-0.005877231779516835
commons-configuration,AGSZZ,7,0.995,0.1,0.07196329447658206,0.55536509718918,-0.005877231779516835
commons-configuration,AGSZZ,7,0.995,0.25,0.06825393708386045,0.5546882225158856,-0.005877231779516835
commons-configuration,AGSZZ,7,0.999,0.0,0.06929520586595858,0.5476366076111343,0.05207617843506865
commons-configuration,AGSZZ,7,0.999,0.05,0.07680862127704048,0.5577923806054045,0.05207617843506865
commons-configuration,AGSZZ,7,0.999,0.1,0.07914496788281108,0.5600507261290878,0.05207617843506865
commons-configuration,AGSZZ,7,0.999,0.25,0.07933308246990164,0.5616399839227015,0.05207617843506865
commons-configuration,AGSZZ,13,0.9,0.0,0.05190585727828876,0.3963354099707675,-0.16109721632208235
commons-configuration,AGSZZ,13,0.9,0.05,0.057991629573617795,0.40030068347987735,-0.16109721632208235
commons-configuration,AGSZZ,13,0.9,0.1,0.0541811736974202,0.3921491153582243,-0.16109721632208235
commons-configuration,AGSZZ,13,0.9,0.25,0.06299520613650085,0.38355504938201496,-0.16109721632208235
commons-configuration,AGSZZ,13,0.95,0.0,0.06046004204054996,0.4555040527348466,-0.166899352505742
commons-configuration,AGSZZ,13,0.95,0.05,0.06696692710508453,0.46131688766623086,-0.166899352505742
commons-configuration,AGSZZ,13,0.95,0.1,0.06471314494868805,0.45693376309220035,-0.166899352505742
commons-configuration,AGSZZ,13,0.95,0.25,0.07251102132787876,0.4518219097992236,-0.166899352505742
commons-configuration,AGSZZ,13,0.99,0.0,0.06883907357387052,0.5439882417793384,-0.04738430515811445
commons-configuration,AGSZZ,13,0.99,0.05,0.07655551923382219,0.554320930664387,-0.04738430515811445
commons-configuration,AGSZZ,13,0.99,0.1,0.07768512069038905,0.5562139783478619,-0.04738430515811445
commons-configuration,AGSZZ,13,0.99,0.25,0.08564020075360844,0.5632647952443213,-0.04738430515811445
commons-configuration,AGSZZ,13,0.995,0.0,0.06939342083038114,0.5534461209175153,-0.01385532399569355
commons-configuration,AGSZZ,13,0.995,0.05,0.07737211304877037,0.5643897069148365,-0.01385532399569355
commons-configuration,AGSZZ,13,0.995,0.1,0.07928333597999511,0.5671893033595844,-0.01385532399569355
commons-configuration,AGSZZ,13,0.995,0.25,0.08812704876521008,0.5763186127253421,-0.01385532399569355
commons-configuration,AGSZZ,13,0.999,0.0,0.06870760690609429,0.5487436754050226,0.06140198538415389
commons-configuration,AGSZZ,13,0.999,0.05,0.07686393634206008,0.5595598942542799,0.06140198538415389
commons-configuration,AGSZZ,13,0.999,0.1,0.0794297582046292,0.5624397396658867,0.06140198538415389
commons-configuration,AGSZZ,13,0.999,0.25,0.08933918778568582,0.5711235645196767,0.06140198538415389
commons-configuration,AGSZZ,21,0.9,0.0,0.05377544296304733,0.3749719338674111,-0.13010556385041658
commons-configuration,AGSZZ,21,0.9,0.05,0.05925238012448076,0.37728326376006205,-0.13010556385041658
commons-configuration,AGSZZ,21,0.9,0.1,0.05225118537311232,0.3657739108325806,-0.13010556385041658
commons-configuration,AGSZZ,21,0.9,0.25,0.049568849437295774,0.3415307541838077,-0.13010556385041658
commons-configuration,AGSZZ,21,0.95,0.0,0.055762627195672355,0.4364237809180769,-0.1466298602907174
commons-configuration,AGSZZ,21,0.95,0.05,0.06138417814900935,0.4406529787491882,-0.1466298602907174
commons-configuration,AGSZZ,21,0.95,0.1,0.05563302864959089,0.43296116388395345,-0.1466298602907174
commons-configuration,AGSZZ,21,0.95,0.25,0.051879720148034075,0.41453269840983764,-0.1466298602907174
commons-configuration,AGSZZ,21,0.99,0.0,0.05956222833268099,0.5348845863077659,-0.0406222393090289
commons-configuration,AGSZZ,21,0.99,0.05,0.06627278161961739,0.544264688462451,-0.0406222393090289
commons-configuration,AGSZZ,21,0.99,0.1,0.06437708256074828,0.5437398879292906,-0.0406222393090289
commons-configuration,AGSZZ,21,0.99,0.25,0.059331159509073556,0.5413050012181584,-0.0406222393090289
commons-configuration,AGSZZ,21,0.995,0.0,0.061002354659318594,0.5453313369707982,-0.008796250577858116
commons-configuration,AGSZZ,21,0.995,0.05,0.06804462361741823,0.5554022394753575,-0.008796250577858116
commons-configuration,AGSZZ,21,0.995,0.1,0.06719359219618287,0.5559689515597948,-0.008796250577858116
commons-configuration,AGSZZ,21,0.995,0.25,0.0627849961222263,0.5556015079990958,-0.008796250577858116
commons-configuration,AGSZZ,21,0.999,0.0,0.06601679938782165,0.5455318756556932,0.052215740348235944
commons-configuration,AGSZZ,21,0.999,0.05,0.07355367723873077,0.5557553699346469,0.052215740348235944
commons-configuration,AGSZZ,21,0.999,0.1,0.0738796734511776,0.5568106869143657,0.052215740348235944
commons-configuration,AGSZZ,21,0.999,0.25,0.07181457086590841,0.5570493063128891,0.052215740348235944
commons-configuration,AGSZZ,42,0.9,0.0,0.0442910769396633,0.3544811023393529,-0.2370495446479046
commons-configuration,AGSZZ,42,0.9,0.05,0.049620451942412956,0.35594290002939927,-0.2370495446479046
commons-configuration,AGSZZ,42,0.9,0.1,0.04598114834203355,0.3461450255662409,-0.2370495446479046
commons-configuration,AGSZZ,42,0.9,0.25,0.03595523998132164,0.3138272062096762,-0.2370495446479046
commons-configuration,AGSZZ,42,0.95,0.0,0.04763226401900309,0.4167393572200245,-0.19080143921838272
commons-configuration,AGSZZ,42,0.95,0.05,0.05312735242367776,0.42019192057155663,-0.19080143921838272
commons-configuration,AGSZZ,42,0.95,0.1,0.050397992394083636,0.4138631858307131,-0.19080143921838272
commons-configuration,AGSZZ,42,0.95,0.25,0.03964246765407615,0.38829431189147623,-0.19080143921838272
commons-configuration,AGSZZ,42,0.99,0.0,0.050987886659545574,0.5253948422752278,-0.05067143819156996
commons-configuration,AGSZZ,42,0.99,0.05,0.05744572502192276,0.5344521625443326,-0.05067143819156996
commons-configuration,AGSZZ,42,0.99,0.1,0.05704806988169449,0.5349111771931405,-0.05067143819156996
commons-configuration,AGSZZ,42,0.99,0.25,0.0494755017335398,0.5303283002188043,-0.05067143819156996
commons-configuration,AGSZZ,42,0.995,0.0,0.05141200637716408,0.5361016898693746,-0.018190269307760402
commons-configuration,AGSZZ,42,0.995,0.05,0.05813253505814795,0.5458476287813124,-0.018190269307760402
commons-configuration,AGSZZ,42,0.995,0.1,0.058406526974253706,0.5472048134523356,-0.018190269307760402
commons-configuration,AGSZZ,42,0.995,0.25,0.0537436000222225,0.5462999637866625,-0.018190269307760402
commons-configuration,AGSZZ,42,0.999,0.0,0.05543603265997184,0.5373693039725151,0.0361730627343981
commons-configuration,AGSZZ,42,0.999,0.05,0.06258659336171347,0.5473104901331205,0.0361730627343981
commons-configuration,AGSZZ,42,0.999,0.1,0.06373054021604306,0.5490450674261395,0.0361730627343981
commons-configuration,AGSZZ,42,0.999,0.25,0.0633377465450102,0.5503933135089993,0.0361730627343981
commons-configuration,AGSZZ,77,0.9,0.0,0.04630317739306643,0.3523320049661932,-0.14159928931897928
commons-configuration,AGSZZ,77,0.9,0.05,0.051737361291786146,0.353681857687174,-0.14159928931897928
commons-configuration,AGSZZ,77,0.9,0.1,0.045727306054282144,0.3423916511322025,-0.14159928931897928
commons-configuration,AGSZZ,77,0.9,0.25,0.03792284822111211,0.311677059592411,-0.14159928931897928
commons-configuration,AGSZZ,77,0.95,0.0,0.048534863184441814,0.41117734440050363,-0.1832354895865648
commons-configuration,AGSZZ,77,0.95,0.05,0.054076967344156505,0.41434018642028053,-0.1832354895865648
commons-configuration,AGSZZ,77,0.95,0.1,0.04901374958971505,0.40633473649265106,-0.1832354895865648
commons-configuration,AGSZZ,77,0.95,0.25,0.03930102040470599,0.3808156706985007,-0.1832354895865648
commons-configuration,AGSZZ,77,0.99,0.0,0.05830596159966039,0.5206027414994386,-0.11452339914312273
commons-configuration,AGSZZ,77,0.99,0.05,0.06514499333327424,0.5294104446130787,-0.11452339914312273
commons-configuration,AGSZZ,77,0.99,0.1,0.0637776330557132,0.5286957024962494,-0.11452339914312273
commons-configuration,AGSZZ,77,0.99,0.25,0.054645042488437164,0.5207684922615671,-0.11452339914312273
commons-configuration,AGSZZ,77,0.995,0.0,0.06204821611812716,0.5414850476665853,-0.05862143100799119
commons-configuration,AGSZZ,77,0.995,0.05,0.06932277747594426,0.5515114018959507,-0.05862143100799119
commons-configuration,AGSZZ,77,0.995,0.1,0.06906431687423277,0.5524162715919644,-0.05862143100799119
commons-configuration,AGSZZ,77,0.995,0.25,0.06252908905530562,0.5497405241922195,-0.05862143100799119
commons-configuration,AGSZZ,77,0.999,0.0,0.06913185841691301,0.5476376143676714,0.04464996704927768
commons-configuration,AGSZZ,77,0.999,0.05,0.07699582503959433,0.5581136695872115,0.04464996704927768
commons-configuration,AGSZZ,77,0.999,0.1,0.07798384277944412,0.5597914482749459,0.04464996704927768
commons-configuration,AGSZZ,77,0.999,0.25,0.07576761490915043,0.5600163446218225,0.04464996704927768
commons-configuration,AGSZZ,101,0.9,0.0,0.07499646857833522,0.39728641501113965,-0.2370493797203979
commons-configuration,AGSZZ,101,0.9,0.05,0.08228501455901302,0.40130122570323395,-0.2370493797203979
commons-configuration,AGSZZ,101,0.9,0.1,0.07545102012259852,0.39050477094673386,-0.2370493797203979
commons-configuration,AGSZZ,101,0.9,0.25,0.06626880716489145,0.36385678090765694,-0.2370493797203979
commons-configuration,AGSZZ,101,0.95,0.0,0.08169343901340716,0.4556433673730769,-0.19077325221611777
commons-configuration,AGSZZ,101,0.95,0.05,0.08930635677658513,0.4614634591058801,-0.19077325221611777
commons-configuration,AGSZZ,101,0.95,0.1,0.08494582470823189,0.4550063835557686,-0.19077325221611777
commons-configuration,AGSZZ,101,0.95,0.25,0.07495872410971081,0.4335705988447619,-0.19077325221611777
commons-configuration,AGSZZ,101,0.99,0.0,0.08619164072283017,0.5542103877478862,-0.04997215711760395
commons-configuration,AGSZZ,101,0.99,0.05,0.09481196938825137,0.5650755410193904,-0.04997215711760395
commons-configuration,AGSZZ,101,0.99,0.1,0.09537732046804519,0.5665976126786877,-0.04997215711760395
commons-configuration,AGSZZ,101,0.99,0.25,0.0872142005316919,0.5628430952443099,-0.04997215711760395
commons-configuration,AGSZZ,101,0.995,0.0,0.08824863377028508,0.5663729540279885,-0.014095412236522194
commons-configuration,AGSZZ,101,0.995,0.05,0.09720948075543519,0.577989889660715,-0.014095412236522194
commons-configuration,AGSZZ,101,0.995,0.1,0.09893732525854632,0.580755594931008,-0.014095412236522194
commons-configuration,AGSZZ,101,0.995,0.25,0.09375362012296483,0.5807812103924185,-0.014095412236522194
commons-configuration,AGSZZ,101,0.999,0.0,0.09578029266056527,0.5677365506712454,0.06864693787770804
commons-configuration,AGSZZ,101,0.999,0.05,0.10534681923657506,0.5795420950209185,0.06864693787770804
commons-configuration,AGSZZ,101,0.999,0.1,0.10843824449734847,0.5828809446353791,0.06864693787770804
commons-configuration,AGSZZ,101,0.999,0.25,0.10848199238658521,0.5852500278837273,0.06864693787770804
commons-configuration,AGSZZ,123,0.9,0.0,0.06392923544039054,0.40592409875311986,-0.23706403772982268
commons-configuration,AGSZZ,123,0.9,0.05,0.0706133369355821,0.41047782005958766,-0.23706403772982268
commons-configuration,AGSZZ,123,0.9,0.1,0.06480068994659731,0.4017187303506209,-0.23706403772982268
commons-configuration,AGSZZ,123,0.9,0.25,0.07469415628101586,0.39280548789107106,-0.23706403772982268
commons-configuration,AGSZZ,123,0.95,0.0,0.06917377027475241,0.4619547637300847,-0.19083993015547074
commons-configuration,AGSZZ,123,0.95,0.05,0.07617056840375451,0.46818026259778095,-0.19083993015547074
commons-configuration,AGSZZ,123,0.95,0.1,0.07189136007122372,0.46298647098216966,-0.19083993015547074
commons-configuration,AGSZZ,123,0.95,0.25,0.08049024034428258,0.4573799379751303,-0.19083993015547074
commons-configuration,AGSZZ,123,0.99,0.0,0.07428764377569841,0.5502519037425344,-0.05040690338342923
commons-configuration,AGSZZ,123,0.99,0.05,0.08235737555389894,0.5609799971433544,-0.05040690338342923
commons-configuration,AGSZZ,123,0.99,0.1,0.08234709597129465,0.5625053587781055,-0.05040690338342923
commons-configuration,AGSZZ,123,0.99,0.25,0.08895938997092763,0.5691043844546774,-0.05040690338342923
commons-configuration,AGSZZ,123,0.995,0.0,0.07475220346225317,0.5593109467723372,-0.015670361920490383
commons-configuration,AGSZZ,123,0.995,0.05,0.08308324209615811,0.5706296028319552,-0.015670361920490383
commons-configuration,AGSZZ,123,0.995,0.1,0.08408486889171778,0.5731517205283657,-0.015670361920490383
commons-configuration,AGSZZ,123,0.995,0.25,0.09152062160946695,0.5818727998317245,-0.015670361920490383
commons-configuration,AGSZZ,123,0.999,0.0,0.07561643270843979,0.5546171458857262,0.06265913798669974
commons-configuration,AGSZZ,123,0.999,0.05,0.0842086931869624,0.5658092284454846,0.06265913798669974
commons-configuration,AGSZZ,123,0.999,0.1,0.08615177449883427,0.5685073315243581,0.06265913798669974
commons-configuration,AGSZZ,123,0.999,0.25,0.09514287820415093,0.5769952260527264,0.06265913798669974
commons-configuration,AGSZZ,202,0.9,0.0,0.05686333901188408,0.37915465610639637,-0.03225664976098744
commons-configuration,AGSZZ,202,0.9,0.05,0.06245988379757631,0.3815324905730337,-0.03225664976098744
commons-configuration,AGSZZ,202,0.9,0.1,0.06234280486830895,0.3741530919120145,-0.03225664976098744
commons-configuration,AGSZZ,202,0.9,0.25,0.05486714102433443,0.3454342269016515,-0.03225664976098744
commons-configuration,AGSZZ,202,0.95,0.0,0.05945874895908796,0.4392140509835198,-0.05460950939906152
commons-configuration,AGSZZ,202,0.95,0.05,0.0651992668137146,0.44346200823169973,-0.05460950939906152
commons-configuration,AGSZZ,202,0.95,0.1,0.06607892486137562,0.43965702939066037,-0.05460950939906152
commons-configuration,AGSZZ,202,0.95,0.25,0.05696701970664331,0.41790360491279804,-0.05460950939906152
commons-configuration,AGSZZ,202,0.99,0.0,0.06095971109325552,0.5339250982478289,-0.0064991124950567565
commons-configuration,AGSZZ,202,0.99,0.05,0.06756780118358593,0.5430842010772762,-0.0064991124950567565
commons-configuration,AGSZZ,202,0.99,0.1,0.06951682659081142,0.5448879976636445,-0.0064991124950567565
commons-configuration,AGSZZ,202,0.99,0.25,0.06298947200293349,0.5413968460313291,-0.0064991124950567565
commons-configuration,AGSZZ,202,0.995,0.0,0.06055349403322848,0.5440677598149518,0.011977489320171893
commons-configuration,AGSZZ,202,0.995,0.05,0.06738592117935477,0.5538976464741406,0.011977489320171893
commons-configuration,AGSZZ,202,0.995,0.1,0.06965565339910436,0.5564284365297639,0.011977489320171893
commons-configuration,AGSZZ,202,0.995,0.25,0.06551435717197174,0.5561941758706225,0.011977489320171893
commons-configuration,AGSZZ,202,0.999,0.0,0.06193603067145061,0.5427742614265377,0.05897442808241577
commons-configuration,AGSZZ,202,0.999,0.05,0.06906611182798171,0.5526767582314557,0.05897442808241577
commons-configuration,AGSZZ,202,0.999,0.1,0.071790847296155,0.5553101013837538,0.05897442808241577
commons-configuration,AGSZZ,202,0.999,0.25,0.07112608810417181,0.5565216631007742,0.05897442808241577
commons-configuration,AGSZZ,314,0.9,0.0,0.06730770457481847,0.36946053907224924,-0.08437025639436135
commons-configuration,AGSZZ,314,0.9,0.05,0.07310423679096525,0.3711166463174709,-0.08437025639436135
commons-configuration,AGSZZ,314,0.9,0.1,0.0678418105127197,0.35983718499156025,-0.08437025639436135
commons-configuration,AGSZZ,314,0.9,0.25,0.05831291023816017,0.3266127782768724,-0.08437025639436135
commons-configuration,AGSZZ,314,0.95,0.0,0.06912517248412176,0.42470482859089703,-0.16367894919009873
commons-configuration,AGSZZ,314,0.95,0.05,0.07507448070989611,0.42795107136924654,-0.16367894919009873
commons-configuration,AGSZZ,314,0.95,0.1,0.07060849384780263,0.4199489117953095,-0.16367894919009873
commons-configuration,AGSZZ,314,0.95,0.25,0.06172335725579798,0.394209466207293,-0.16367894919009873
commons-configuration,AGSZZ,314,0.99,0.0,0.07134177459599506,0.5339234881357425,-0.1218275445065721
commons-configuration,AGSZZ,314,0.99,0.05,0.07829827352060793,0.5429137823173821,-0.1218275445065721
commons-configuration,AGSZZ,314,0.99,0.1,0.07714718143320923,0.5423782866948825,-0.1218275445065721
commons-configuration,AGSZZ,314,0.99,0.25,0.0715350790003351,0.5379504161613329,-0.1218275445065721
commons-configuration,AGSZZ,314,0.995,0.0,0.07577290257282512,0.5549121860704063,-0.065711364122382
commons-configuration,AGSZZ,314,0.995,0.05,0.083221730025211,0.5651537386377918,-0.065711364122382
commons-configuration,AGSZZ,314,0.995,0.1,0.0832206256473202,0.5662593620615843,-0.065711364122382
commons-configuration,AGSZZ,314,0.995,0.25,0.07971007663281693,0.5665766471854886,-0.065711364122382
commons-configuration,AGSZZ,314,0.999,0.0,0.08384074078567044,0.5599035903283202,0.048435474807443
commons-configuration,AGSZZ,314,0.999,0.05,0.09194837054622021,0.5705578550544195,0.048435474807443
commons-configuration,AGSZZ,314,0.999,0.1,0.09324648677889195,0.5723783876318908,0.048435474807443
commons-configuration,AGSZZ,314,0.999,0.25,0.09318757524605979,0.5745022487653176,0.048435474807443
commons-configuration,AGSZZ,999,0.9,0.0,0.05337712339951287,0.3647536740804482,-0.1424728424474857
commons-configuration,AGSZZ,999,0.9,0.05,0.05915900504927779,0.36682919000189845,-0.1424728424474857
commons-configuration,AGSZZ,999,0.9,0.1,0.05426115684670161,0.3572423264581204,-0.1424728424474857
commons-configuration,AGSZZ,999,0.9,0.25,0.04588626292633809,0.3278870371347413,-0.1424728424474857
commons-configuration,AGSZZ,999,0.95,0.0,0.05515195747547459,0.4261191945472857,-0.1576137218699932
commons-configuration,AGSZZ,999,0.95,0.05,0.06108766347571269,0.4301573419555702,-0.1576137218699932
commons-configuration,AGSZZ,999,0.95,0.1,0.057077362773683006,0.4239551855200267,-0.1576137218699932
commons-configuration,AGSZZ,999,0.95,0.25,0.047748781654563865,0.4013954221149768,-0.1576137218699932
commons-configuration,AGSZZ,999,0.99,0.0,0.05957255035099477,0.5319054110413264,-0.04657427248527371
commons-configuration,AGSZZ,999,0.99,0.05,0.06663414849882472,0.5414562410455406,-0.04657427248527371
commons-configuration,AGSZZ,999,0.99,0.1,0.06593652116292083,0.5420795668859959,-0.04657427248527371
commons-configuration,AGSZZ,999,0.99,0.25,0.06000014654194091,0.5394011401991874,-0.04657427248527371
commons-configuration,AGSZZ,999,0.995,0.0,0.05862082639472534,0.5421678859178771,-0.013023999543106318
commons-configuration,AGSZZ,999,0.995,0.05,0.06588293332608043,0.5523874684761754,-0.013023999543106318
commons-configuration,AGSZZ,999,0.995,0.1,0.06598633828560235,0.5539492152882639,-0.013023999543106318
commons-configuration,AGSZZ,999,0.995,0.25,0.06178108962234952,0.5539301569355009,-0.013023999543106318
commons-configuration,AGSZZ,999,0.999,0.0,0.056444562774610005,0.5376391855222513,0.04238905515440321
commons-configuration,AGSZZ,999,0.999,0.05,0.06381983309267113,0.5477532629560102,0.04238905515440321
commons-configuration,AGSZZ,999,0.999,0.1,0.06459785585234577,0.5494120067146618,0.04238905515440321
commons-configuration,AGSZZ,999,0.999,0.25,0.06248552776875106,0.5495822091601724,0.04238905515440321
commons-configuration,MASZZ,7,0.9,0.0,0.05430307300824755,0.3621557077225902,-0.03601567966881145
commons-configuration,MASZZ,7,0.9,0.05,0.0633201085674628,0.3663898623567625,-0.03601567966881145
commons-configuration,MASZZ,7,0.9,0.1,0.06932626172406862,0.36272101796026907,-0.03601567966881145
commons-configuration,MASZZ,7,0.9,0.25,0.061745544957900425,0.3318420756873088,-0.03601567966881145
commons-configuration,MASZZ,7,0.95,0.0,0.055791580356127475,0.41925576619639815,-0.075356918645905
commons-configuration,MASZZ,7,0.95,0.05,0.06411000580734437,0.4248635183351402,-0.075356918645905
commons-configuration,MASZZ,7,0.95,0.1,0.07096353821148478,0.4245825109407778,-0.075356918645905
commons-configuration,MASZZ,7,0.95,0.25,0.06439542142799108,0.4006236340998177,-0.075356918645905
commons-configuration,MASZZ,7,0.99,0.0,0.05681216259716903,0.5267031630004056,-0.07553265820269399
commons-configuration,MASZZ,7,0.99,0.05,0.06520515396043608,0.5372663640232996,-0.07553265820269399
commons-configuration,MASZZ,7,0.99,0.1,0.07327049488100852,0.543526769772468,-0.07553265820269399
commons-configuration,MASZZ,7,0.99,0.25,0.07275023176045683,0.5428422469301217,-0.07553265820269399
commons-configuration,MASZZ,7,0.995,0.0,0.055987610480644184,0.5435326774355153,-0.025445093780073914
commons-configuration,MASZZ,7,0.995,0.05,0.06448049026941602,0.5550062068090914,-0.025445093780073914
commons-configuration,MASZZ,7,0.995,0.1,0.07266130421169643,0.5622948878530849,-0.025445093780073914
commons-configuration,MASZZ,7,0.995,0.25,0.07579202152331607,0.5676421942092357,-0.025445093780073914
commons-configuration,MASZZ,7,0.999,0.0,0.049806065831842224,0.5349220951448014,0.0708386695569545
commons-configuration,MASZZ,7,0.999,0.05,0.058120194634753194,0.5459967030343245,0.0708386695569545
commons-configuration,MASZZ,7,0.999,0.1,0.06608871531493932,0.5528263319452954,0.0708386695569545
commons-configuration,MASZZ,7,0.999,0.25,0.07271740590235112,0.5595350495567232,0.0708386695569545
commons-configuration,MASZZ,13,0.9,0.0,0.03975621882282315,0.3403462465087808,-0.06730140392309583
commons-configuration,MASZZ,13,0.9,0.05,0.047468565651824564,0.3426467660276917,-0.06730140392309583
commons-configuration,MASZZ,13,0.9,0.1,0.05106316331726994,0.3374504715616024,-0.06730140392309583
commons-configuration,MASZZ,13,0.9,0.25,0.041067457015006206,0.3068270286803398,-0.06730140392309583
commons-configuration,MASZZ,13,0.95,0.0,0.04093401769377466,0.4000256438343616,-0.11701192746789732
commons-configuration,MASZZ,13,0.95,0.05,0.047780371021711954,0.40385723779840227,-0.11701192746789732
commons-configuration,MASZZ,13,0.95,0.1,0.052276955799062094,0.40236581587815384,-0.11701192746789732
commons-configuration,MASZZ,13,0.95,0.25,0.04156652404999868,0.3759130096543662,-0.11701192746789732
commons-configuration,MASZZ,13,0.99,0.0,0.046728036644105894,0.5116063744290235,-0.097763251515983
commons-configuration,MASZZ,13,0.99,0.05,0.0538503626551713,0.5206832141385859,-0.097763251515983
commons-configuration,MASZZ,13,0.99,0.1,0.06014224802618247,0.525739614229271,-0.097763251515983
commons-configuration,MASZZ,13,0.99,0.25,0.054505139395465606,0.5202515332764993,-0.097763251515983
commons-configuration,MASZZ,13,0.995,0.0,0.04820173903960179,0.5310653695304764,-0.04968183412693531
commons-configuration,MASZZ,13,0.995,0.05,0.055552470395814575,0.5412134648102918,-0.04968183412693531
commons-configuration,MASZZ,13,0.995,0.1,0.06214052441516038,0.5473503499413466,-0.04968183412693531
commons-configuration,MASZZ,13,0.995,0.25,0.06133828284050054,0.5488679199799019,-0.04968183412693531
commons-configuration,MASZZ,13,0.999,0.0,0.049868646345551,0.5330177779105942,0.04601489474801371
commons-configuration,MASZZ,13,0.999,0.05,0.05745959047960358,0.543339507771745,0.04601489474801371
commons-configuration,MASZZ,13,0.999,0.1,0.0643359712234713,0.5495560009222907,0.04601489474801371
commons-configuration,MASZZ,13,0.999,0.25,0.06940046557004877,0.5551737818426348,0.04601489474801371
commons-configuration,MASZZ,21,0.9,0.0,0.044161881500466585,0.34204662729755714,-0.03494994915569442
commons-configuration,MASZZ,21,0.9,0.05,0.05224616017665901,0.344771617993322,-0.03494994915569442
commons-configuration,MASZZ,21,0.9,0.1,0.050332295662034565,0.3376781574233819,-0.03494994915569442
commons-configuration,MASZZ,21,0.9,0.25,0.039549845233856316,0.30423924894355686,-0.03494994915569442
commons-configuration,MASZZ,21,0.95,0.0,0.04287421791726176,0.40065314777439304,-0.07314399382940713
commons-configuration,MASZZ,21,0.95,0.05,0.050108909623129465,0.40485126458118353,-0.07314399382940713
commons-configuration,MASZZ,21,0.95,0.1,0.05019683682943401,0.4014379970009134,-0.07314399382940713
commons-configuration,MASZZ,21,0.95,0.25,0.03934834469418821,0.3737235435294577,-0.07314399382940713
commons-configuration,MASZZ,21,0.99,0.0,0.046413272144075854,0.5101289201873602,-0.08909914845098844
commons-configuration,MASZZ,21,0.99,0.05,0.053856221421735455,0.5194435539094717,-0.08909914845098844
commons-configuration,MASZZ,21,0.99,0.1,0.057852493214451996,0.5232097381484828,-0.08909914845098844
commons-configuration,MASZZ,21,0.99,0.25,0.05035672803926953,0.5162073248714514,-0.08909914845098844
commons-configuration,MASZZ,21,0.995,0.0,0.04758246423439082,0.5293421245490544,-0.05076543424071682
commons-configuration,MASZZ,21,0.995,0.05,0.055235019344607644,0.5397053643166233,-0.05076543424071682
commons-configuration,MASZZ,21,0.995,0.1,0.05993789731578671,0.544741841014125,-0.05076543424071682
commons-configuration,MASZZ,21,0.995,0.25,0.05607096837478172,0.544054499884822,-0.05076543424071682
commons-configuration,MASZZ,21,0.999,0.0,0.04863697626885009,0.531041715244079,0.038130689431150874
commons-configuration,MASZZ,21,0.999,0.05,0.05649381373759863,0.541555921321937,0.038130689431150874
commons-configuration,MASZZ,21,0.999,0.1,0.0617980158728657,0.5468334350534009,0.038130689431150874
commons-configuration,MASZZ,21,0.999,0.25,0.0626964923235727,0.5496308932610644,0.038130689431150874
commons-configuration,MASZZ,42,0.9,0.0,0.06415147163627308,0.3624811918147476,-0.046165415856783514
commons-configuration,MASZZ,42,0.9,0.05,0.06742974794759819,0.3614394559408971,-0.046165415856783514
commons-configuration,MASZZ,42,0.9,0.1,0.060499808863695055,0.34968565871962787,-0.046165415856783514
commons-configuration,MASZZ,42,0.9,0.25,0.06217822071481047,0.3250356551568249,-0.046165415856783514
commons-configuration,MASZZ,42,0.95,0.0,0.0642023920447831,0.4189508737037664,-0.09827378160137423
commons-configuration,MASZZ,42,0.95,0.05,0.06787367881106038,0.4205632637356428,-0.09827378160137423
commons-configuration,MASZZ,42,0.95,0.1,0.062119999627554275,0.4121955825853428,-0.09827378160137423
commons-configuration,MASZZ,42,0.95,0.25,0.0627343622888146,0.39261727081204606,-0.09827378160137423
commons-configuration,MASZZ,42,0.99,0.0,0.07151682028153424,0.5290464064768695,-0.09003129214322189
commons-configuration,MASZZ,42,0.99,0.05,0.07742905530879478,0.5372905196758458,-0.09003129214322189
commons-configuration,MASZZ,42,0.99,0.1,0.0749777369080921,0.5362870353645844,-0.09003129214322189
commons-configuration,MASZZ,42,0.99,0.25,0.07235600573883853,0.5326529942885464,-0.09003129214322189
commons-configuration,MASZZ,42,0.995,0.0,0.07608183089650511,0.5514465055142389,-0.04202427327992429
commons-configuration,MASZZ,42,0.995,0.05,0.0826448000923994,0.5610987711972737,-0.04202427327992429
commons-configuration,MASZZ,42,0.995,0.1,0.08127253707448832,0.5617599867032796,-0.04202427327992429
commons-configuration,MASZZ,42,0.995,0.25,0.07892472384067985,0.5623991316564522,-0.04202427327992429
commons-configuration,MASZZ,42,0.999,0.0,0.08761156850869266,0.5602343378402954,0.06551908805193839
commons-configuration,MASZZ,42,0.999,0.05,0.09513348487673057,0.570557884233104,0.06551908805193839
commons-configuration,MASZZ,42,0.999,0.1,0.09522102281701722,0.5721026558802169,0.06551908805193839
commons-configuration,MASZZ,42,0.999,0.25,0.09574762169323361,0.5749152927298222,0.06551908805193839
commons-configuration,MASZZ,77,0.9,0.0,0.05676664342029142,0.37350842547760044,-0.04879713678035486
commons-configuration,MASZZ,77,0.9,0.05,0.06356881812497436,0.37664081961506,-0.04879713678035486
commons-configuration,MASZZ,77,0.9,0.1,0.06238217761842581,0.36849301560779973,-0.04879713678035486
commons-configuration,MASZZ,77,0.9,0.25,0.06707832610234979,0.34978348243312724,-0.04879713678035486
commons-configuration,MASZZ,77,0.95,0.0,0.05909755572921247,0.43125806847975373,-0.10018755795291093
commons-configuration,MASZZ,77,0.95,0.05,0.06591432233643293,0.43613838376966413,-0.10018755795291093
commons-configuration,MASZZ,77,0.95,0.1,0.06537042420145132,0.43147678884315005,-0.10018755795291093
commons-configuration,MASZZ,77,0.95,0.25,0.07128575896776736,0.4193059133275721,-0.10018755795291093
commons-configuration,MASZZ,77,0.99,0.0,0.059754019086880585,0.5334494251499925,-0.08731770341950816
commons-configuration,MASZZ,77,0.99,0.05,0.06724964318633771,0.5434563590084129,-0.08731770341950816
commons-configuration,MASZZ,77,0.99,0.1,0.06888697714365893,0.5455779471077226,-0.08731770341950816
commons-configuration,MASZZ,77,0.99,0.25,0.07638661385315881,0.5514342861106142,-0.08731770341950816
commons-configuration,MASZZ,77,0.995,0.0,0.05871675292607674,0.5488196544629912,-0.03112582252374083
commons-configuration,MASZZ,77,0.995,0.05,0.06637412260194737,0.5597275894413826,-0.03112582252374083
commons-configuration,MASZZ,77,0.995,0.1,0.06856424811191503,0.5630227541005868,-0.03112582252374083
commons-configuration,MASZZ,77,0.995,0.25,0.07609363093596111,0.5719655161830096,-0.03112582252374083
commons-configuration,MASZZ,77,0.999,0.0,0.04957912689545958,0.5357377087563776,0.0702449744311809
commons-configuration,MASZZ,77,0.999,0.05,0.05696000256661492,0.5460673675026858,0.0702449744311809
commons-configuration,MASZZ,77,0.999,0.1,0.05920273283078526,0.5488816898311919,0.0702449744311809
commons-configuration,MASZZ,77,0.999,0.25,0.06542935720615134,0.5552290845646038,0.0702449744311809
commons-configuration,MASZZ,101,0.9,0.0,0.08114603694788837,0.39120402963533635,-0.040846005870160774
commons-configuration,MASZZ,101,0.9,0.05,0.08647475083711288,0.3922709415736294,-0.040846005870160774
commons-configuration,MASZZ,101,0.9,0.1,0.08416129322826328,0.38675784980955247,-0.040846005870160774
commons-configuration,MASZZ,101,0.9,0.25,0.07995389911028766,0.36199977243503645,-0.040846005870160774
commons-configuration,MASZZ,101,0.95,0.0,0.08502547379778772,0.4495752433924101,-0.08855178913553076
commons-configuration,MASZZ,101,0.95,0.05,0.09048794053365669,0.45314156946310397,-0.08855178913553076
commons-configuration,MASZZ,101,0.95,0.1,0.08955648942496686,0.4505875592716763,-0.08855178913553076
commons-configuration,MASZZ,101,0.95,0.25,0.08579299049548221,0.4318599637664139,-0.08855178913553076
commons-configuration,MASZZ,101,0.99,0.0,0.0937798593214739,0.5559501673814586,-0.08401346144990834
commons-configuration,MASZZ,101,0.99,0.05,0.10110541702862542,0.5657330927609748,-0.08401346144990834
commons-configuration,MASZZ,101,0.99,0.1,0.10315354221517746,0.5690272556538258,-0.08401346144990834
commons-configuration,MASZZ,101,0.99,0.25,0.09918216037906899,0.5679282154828653,-0.08401346144990834
commons-configuration,MASZZ,101,0.995,0.0,0.09872762912727699,0.5759541246163161,-0.027621714940316462
commons-configuration,MASZZ,101,0.995,0.05,0.10667744524375602,0.5869971456080487,-0.027621714940316462
commons-configuration,MASZZ,101,0.995,0.1,0.10964797779614883,0.5915443028624005,-0.027621714940316462
commons-configuration,MASZZ,101,0.995,0.25,0.1082126041149529,0.5957118670055949,-0.027621714940316462
commons-configuration,MASZZ,101,0.999,0.0,0.10732782846295924,0.5755866907395755,0.10563686801403194
commons-configuration,MASZZ,101,0.999,0.05,0.1160506384065704,0.5868072670100277,0.10563686801403194
commons-configuration,MASZZ,101,0.999,0.1,0.12012690876239146,0.5914740012867756,0.10563686801403194
commons-configuration,MASZZ,101,0.999,0.25,0.12332851811143267,0.5974495645968669,0.10563686801403194
commons-configuration,MASZZ,123,0.9,0.0,0.052929701802169764,0.36209492351202766,-0.040822521540217906
commons-configuration,MASZZ,123,0.9,0.05,0.058929728903623566,0.36401356273134655,-0.040822521540217906
commons-configuration,MASZZ,123,0.9,0.1,0.06049689127817421,0.3568644690974617,-0.040822521540217906
commons-configuration,MASZZ,123,0.9,0.25,0.057491027508799426,0.3305157570126074,-0.040822521540217906
commons-configuration,MASZZ,123,0.95,0.0,0.055474759134512344,0.42201269881435427,-0.08806798241859869
commons-configuration,MASZZ,123,0.95,0.05,0.06170437426847121,0.4260193549396389,-0.08806798241859869
commons-configuration,MASZZ,123,0.95,0.1,0.06375390029509984,0.4221294751707058,-0.08806798241859869
commons-configuration,MASZZ,123,0.95,0.25,0.06015180144544313,0.4011834282973431,-0.08806798241859869
commons-configuration,MASZZ,123,0.99,0.0,0.06150300870605053,0.5345751916794044,-0.08262655217053853
commons-configuration,MASZZ,123,0.99,0.05,0.06890142356411151,0.5444654430131948,-0.08262655217053853
commons-configuration,MASZZ,123,0.99,0.1,0.07164841371414964,0.5469384575328836,-0.08262655217053853
commons-configuration,MASZZ,123,0.99,0.25,0.06978417043376704,0.5464750211302464,-0.08262655217053853
commons-configuration,MASZZ,123,0.995,0.0,0.0631572394311245,0.5518547801123561,-0.027916555883618542
commons-configuration,MASZZ,123,0.995,0.05,0.07088102799217497,0.5627698709384578,-0.027916555883618542
commons-configuration,MASZZ,123,0.995,0.1,0.07402429756498839,0.5663730950752648,-0.027916555883618542
commons-configuration,MASZZ,123,0.995,0.25,0.07445059150035868,0.5707848965547143,-0.027916555883618542
commons-configuration,MASZZ,123,0.999,0.0,0.06112641542821832,0.5438249055503135,0.07785567528344074
commons-configuration,MASZZ,123,0.999,0.05,0.06896161237954286,0.5544432345078721,0.07785567528344074
commons-configuration,MASZZ,123,0.999,0.1,0.07234029996047821,0.5577521877189543,0.07785567528344074
commons-configuration,MASZZ,123,0.999,0.25,0.07516224989905894,0.5622098900044012,0.07785567528344074
commons-configuration,MASZZ,202,0.9,0.0,0.06712380122410448,0.37033553358293364,-0.049436415209909615
commons-configuration,MASZZ,202,0.9,0.05,0.07055690409094915,0.3697029248418278,-0.049436415209909615
commons-configuration,MASZZ,202,0.9,0.1,0.06936975632154899,0.3608256649606457,-0.049436415209909615
commons-configuration,MASZZ,202,0.9,0.25,0.05412302425788779,0.32551705004985254,-0.049436415209909615
commons-configuration,MASZZ,202,0.95,0.0,0.06923550823910844,0.4284342918625144,-0.1044285655440123
commons-configuration,MASZZ,202,0.95,0.05,0.07316896648431163,0.43054066646934575,-0.1044285655440123
commons-configuration,MASZZ,202,0.95,0.1,0.07215590690010566,0.4249689547045434,-0.1044285655440123
commons-configuration,MASZZ,202,0.95,0.25,0.057286901109328534,0.39625672499983655,-0.1044285655440123
commons-configuration,MASZZ,202,0.99,0.0,0.07829663446264809,0.5409543997105638,-0.09532401134892281
commons-configuration,MASZZ,202,0.99,0.05,0.08456202523717903,0.5498187918930928,-0.09532401134892281
commons-configuration,MASZZ,202,0.99,0.1,0.08490569621914548,0.5509455389560399,-0.09532401134892281
commons-configuration,MASZZ,202,0.99,0.25,0.07430512401650324,0.5442892397967636,-0.09532401134892281
commons-configuration,MASZZ,202,0.995,0.0,0.08386947688511673,0.5619908673767587,-0.04093082762841082
commons-configuration,MASZZ,202,0.995,0.05,0.09083809907755573,0.5721923814453053,-0.04093082762841082
commons-configuration,MASZZ,202,0.995,0.1,0.09193984632866774,0.574709941900305,-0.04093082762841082
commons-configuration,MASZZ,202,0.995,0.25,0.08510574819944178,0.5740991324471769,-0.04093082762841082
commons-configuration,MASZZ,202,0.999,0.0,0.0955645508835965,0.5666032170988704,0.0781329066117992
commons-configuration,MASZZ,202,0.999,0.05,0.1035007325041337,0.577258513928159,0.0781329066117992
commons-configuration,MASZZ,202,0.999,0.1,0.10576316606874002,0.5802500118741052,0.0781329066117992
commons-configuration,MASZZ,202,0.999,0.25,0.10496010438820727,0.5828402543779402,0.0781329066117992
commons-configuration,MASZZ,314,0.9,0.0,0.07209420006969568,0.3741786581364581,-0.03965681110511993
commons-configuration,MASZZ,314,0.9,0.05,0.0796947764086636,0.3773459642212309,-0.03965681110511993
commons-configuration,MASZZ,314,0.9,0.1,0.0789893436385635,0.3693670042248101,-0.03965681110511993
commons-configuration,MASZZ,314,0.9,0.25,0.06970095949806533,0.3406604333738489,-0.03965681110511993
commons-configuration,MASZZ,314,0.95,0.0,0.07498303869332057,0.4348739103218786,-0.08648682691617238
commons-configuration,MASZZ,314,0.95,0.05,0.08262726892374302,0.4399425722675609,-0.08648682691617238
commons-configuration,MASZZ,314,0.95,0.1,0.08298977193534249,0.43577748247009335,-0.08648682691617238
commons-configuration,MASZZ,314,0.95,0.25,0.07311220181726209,0.412267793089193,-0.08648682691617238
commons-configuration,MASZZ,314,0.99,0.0,0.08400934278123086,0.5507705068288821,-0.08458276534045014
commons-configuration,MASZZ,314,0.99,0.05,0.0927684096146238,0.5616796836368039,-0.08458276534045014
commons-configuration,MASZZ,314,0.99,0.1,0.0961168022086781,0.5651548048036723,-0.08458276534045014
commons-configuration,MASZZ,314,0.99,0.25,0.09045461966952616,0.5628093663967135,-0.08458276534045014
commons-configuration,MASZZ,314,0.995,0.0,0.08779098564368167,0.5703063699152439,-0.027866214737351794
commons-configuration,MASZZ,314,0.995,0.05,0.09696281163168854,0.582333532773518,-0.027866214737351794
commons-configuration,MASZZ,314,0.995,0.1,0.10114445586177234,0.5872039139945157,-0.027866214737351794
commons-configuration,MASZZ,314,0.995,0.25,0.09993400295022536,0.5911123886024948,-0.027866214737351794
commons-configuration,MASZZ,314,0.999,0.0,0.09109666012198898,0.5657538470936401,0.09477042848052471
commons-configuration,MASZZ,314,0.999,0.05,0.10064015486790917,0.5776470253526506,0.09477042848052471
commons-configuration,MASZZ,314,0.999,0.1,0.10559028535475937,0.5825101606084773,0.09477042848052471
commons-configuration,MASZZ,314,0.999,0.25,0.10982366827648121,0.5883343054652049,0.09477042848052471
commons-configuration,MASZZ,999,0.9,0.0,0.06733760194215939,0.39220604230828887,0.01345635833295948
commons-configuration,MASZZ,999,0.9,0.05,0.07245652816787237,0.3936404569119603,0.01345635833295948
commons-configuration,MASZZ,999,0.9,0.1,0.0732816200797936,0.38841186738427846,0.01345635833295948
commons-configuration,MASZZ,999,0.9,0.25,0.06450869390949378,0.36349541549634706,0.01345635833295948
commons-configuration,MASZZ,999,0.95,0.0,0.06976224240676888,0.4478868558910318,0.03516147497289978
commons-configuration,MASZZ,999,0.95,0.05,0.07467867086126509,0.4515683675380983,0.03516147497289978
commons-configuration,MASZZ,999,0.95,0.1,0.07740123573705322,0.45035483645996466,0.03516147497289978
commons-configuration,MASZZ,999,0.95,0.25,0.0696508843498005,0.4312899633978901,0.03516147497289978
commons-configuration,MASZZ,999,0.99,0.0,0.07013842993432452,0.542813230992822,0.015266570580341587
commons-configuration,MASZZ,999,0.99,0.05,0.07631212364806811,0.5519905346687722,0.015266570580341587
commons-configuration,MASZZ,999,0.99,0.1,0.08058523780003196,0.5565899181112216,0.015266570580341587
commons-configuration,MASZZ,999,0.99,0.25,0.07625424589153802,0.5556167256095649,0.015266570580341587
commons-configuration,MASZZ,999,0.995,0.0,0.07148283962322637,0.5552431904745505,0.02171144296081927
commons-configuration,MASZZ,999,0.995,0.05,0.07807964044015017,0.5652725168304966,0.02171144296081927
commons-configuration,MASZZ,999,0.995,0.1,0.0826485828727347,0.5705720329451748,0.02171144296081927
commons-configuration,MASZZ,999,0.995,0.25,0.08045598745102636,0.5732719746941054,0.02171144296081927
commons-configuration,MASZZ,999,0.999,0.0,0.07590693964065494,0.5528269423388689,0.08165198858832524
commons-configuration,MASZZ,999,0.999,0.05,0.08304967000513169,0.5629172018266299,0.08165198858832524
commons-configuration,MASZZ,999,0.999,0.1,0.08810021600630936,0.5680738946803686,0.08165198858832524
commons-configuration,MASZZ,999,0.999,0.25,0.08962040264629598,0.5720895199590718,0.08165198858832524
commons-configuration,LSZZ,7,0.9,0.0,0.062218510098390606,0.36660489345025565,0.027868248517199785
commons-configuration,LSZZ,7,0.9,0.05,0.0652698165099515,0.3655475031475624,0.027868248517199785
commons-configuration,LSZZ,7,0.9,0.1,0.055638402884044535,0.3502833271477797,0.027868248517199785
commons-configuration,LSZZ,7,0.9,0.25,0.05244159600903981,0.3261035071136887,0.027868248517199785
commons-configuration,LSZZ,7,0.95,0.0,0.06757773386259941,0.42728825506260504,0.07988994333263078
commons-configuration,LSZZ,7,0.95,0.05,0.07130758518718114,0.4292008034314322,0.07988994333263078
commons-configuration,LSZZ,7,0.95,0.1,0.06356865743673559,0.4176369741796505,0.07988994333263078
commons-configuration,LSZZ,7,0.95,0.25,0.058382003491535696,0.3973095531550258,0.07988994333263078
commons-configuration,LSZZ,7,0.99,0.0,0.07290278109050755,0.5389862970790694,0.06897425934039547
commons-configuration,LSZZ,7,0.99,0.05,0.07874830822732772,0.5476201841060576,0.06897425934039547
commons-configuration,LSZZ,7,0.99,0.1,0.07600871829321589,0.545441285017772,0.06897425934039547
commons-configuration,LSZZ,7,0.99,0.25,0.06248197126801996,0.5365117705067234,0.06897425934039547
commons-configuration,LSZZ,7,0.995,0.0,0.07210722124330632,0.553571929142275,0.0659798018147825
commons-configuration,LSZZ,7,0.995,0.05,0.07831905255497701,0.5632042458096413,0.0659798018147825
commons-configuration,LSZZ,7,0.995,0.1,0.07660754203762245,0.5626376686486567,0.0659798018147825
commons-configuration,LSZZ,7,0.995,0.25,0.06211288072969802,0.5555742564623697,0.0659798018147825
commons-configuration,LSZZ,7,0.999,0.0,0.07178743417574351,0.5491302117564213,0.09175173144095433
commons-configuration,LSZZ,7,0.999,0.05,0.07833667681111918,0.5587426929220068,0.09175173144095433
commons-configuration,LSZZ,7,0.999,0.1,0.0775508424162221,0.5585958057002693,0.09175173144095433
commons-configuration,LSZZ,7,0.999,0.25,0.0640962268991994,0.5507166961623731,0.09175173144095433
commons-configuration,LSZZ,13,0.9,0.0,0.040416394660511036,0.3578353988032517,0.019361327929085303
commons-configuration,LSZZ,13,0.9,0.05,0.046249257649016544,0.35987092123557635,0.019361327929085303
commons-configuration,LSZZ,13,0.9,0.1,0.0398288719446795,0.3493238982937568,0.019361327929085303
commons-configuration,LSZZ,13,0.9,0.25,0.040234915725237165,0.3295324282298278,0.019361327929085303
commons-configuration,LSZZ,13,0.95,0.0,0.04246856030360045,0.41799493649034664,0.05587849131649646
commons-configuration,LSZZ,13,0.95,0.05,0.048308565372407755,0.42202451921208484,0.05587849131649646
commons-configuration,LSZZ,13,0.95,0.1,0.04366558520750232,0.4142911265884958,0.05587849131649646
commons-configuration,LSZZ,13,0.95,0.25,0.0430357591624584,0.39886965853333917,0.05587849131649646
commons-configuration,LSZZ,13,0.99,0.0,0.0400937348125341,0.5140294423357374,0.0396080941320855
commons-configuration,LSZZ,13,0.99,0.05,0.04642752297455885,0.5228934536278896,0.0396080941320855
commons-configuration,LSZZ,13,0.99,0.1,0.0458239660271428,0.5225881554161328,0.0396080941320855
commons-configuration,LSZZ,13,0.99,0.25,0.039652955056907,0.5179272436727659,0.0396080941320855
commons-configuration,LSZZ,13,0.995,0.0,0.03531704072982067,0.5235297623974843,0.03520080192919879
commons-configuration,LSZZ,13,0.995,0.05,0.04161194262572586,0.5329881895367373,0.03520080192919879
commons-configuration,LSZZ,13,0.995,0.1,0.04164704217594802,0.5337881301297855,0.03520080192919879
commons-configuration,LSZZ,13,0.995,0.25,0.03446799735787275,0.530513186329065,0.03520080192919879
commons-configuration,LSZZ,13,0.999,0.0,0.025096617204194337,0.5130961676776638,0.04239956918789073
commons-configuration,LSZZ,13,0.999,0.05,0.031053900588169186,0.5221135097690366,0.04239956918789073
commons-configuration,LSZZ,13,0.999,0.1,0.03129424421468944,0.5228034344331026,0.04239956918789073
commons-configuration,LSZZ,13,0.999,0.25,0.023272976051470995,0.5177647626817721,0.04239956918789073
commons-configuration,LSZZ,21,0.9,0.0,0.0709489931467887,0.37551143749988203,0.019458820978249518
commons-configuration,LSZZ,21,0.9,0.05,0.07777737005235469,0.377721527054906,0.019458820978249518
commons-configuration,LSZZ,21,0.9,0.1,0.0753284410806261,0.36844607517216493,0.019458820978249518
commons-configuration,LSZZ,21,0.9,0.25,0.07110477665869273,0.34509617322403563,0.019458820978249518
commons-configuration,LSZZ,21,0.95,0.0,0.07635674512667663,0.4355926872532715,0.05710358552773062
commons-configuration,LSZZ,21,0.95,0.05,0.08343211908974181,0.4399568220111402,0.05710358552773062
commons-configuration,LSZZ,21,0.95,0.1,0.08261822291428675,0.4335757663439738,0.05710358552773062
commons-configuration,LSZZ,21,0.95,0.25,0.075889483513646,0.4134314490552534,0.05710358552773062
commons-configuration,LSZZ,21,0.99,0.0,0.08300181075781934,0.5469492198973048,0.049553844368709056
commons-configuration,LSZZ,21,0.99,0.05,0.09109915513260296,0.5570828147420659,0.049553844368709056
commons-configuration,LSZZ,21,0.99,0.1,0.09409395297626659,0.5588984245237968,0.049553844368709056
commons-configuration,LSZZ,21,0.99,0.25,0.08788886356434236,0.5562370242930523,0.049553844368709056
commons-configuration,LSZZ,21,0.995,0.0,0.08152757509228674,0.5616624165053712,0.053835044591613354
commons-configuration,LSZZ,21,0.995,0.05,0.08976763359661569,0.5726817193365545,0.053835044591613354
commons-configuration,LSZZ,21,0.995,0.1,0.09338502727149639,0.5758515163981474,0.053835044591613354
commons-configuration,LSZZ,21,0.995,0.25,0.08992263416734839,0.5772793715875012,0.053835044591613354
commons-configuration,LSZZ,21,0.999,0.0,0.0769460096675786,0.5541784292598085,0.09871359995040234
commons-configuration,LSZZ,21,0.999,0.05,0.08515063940446818,0.5649268971480608,0.09871359995040234
commons-configuration,LSZZ,21,0.999,0.1,0.08910903393972823,0.5681013673735642,0.09871359995040234
commons-configuration,LSZZ,21,0.999,0.25,0.08884960707430253,0.5697505747147996,0.09871359995040234
commons-configuration,LSZZ,42,0.9,0.0,0.10665644887250092,0.46406030928379277,0.015763211295123356
commons-configuration,LSZZ,42,0.9,0.05,0.11555774153321527,0.4711718344943686,0.015763211295123356
commons-configuration,LSZZ,42,0.9,0.1,0.1104306017839684,0.4647648676273203,0.015763211295123356
commons-configuration,LSZZ,42,0.9,0.25,0.11052912500454116,0.4578795878242046,0.015763211295123356
commons-configuration,LSZZ,42,0.95,0.0,0.10772127057962116,0.5075497806090963,0.04228220179047956
commons-configuration,LSZZ,42,0.95,0.05,0.11655269518246197,0.515803822224882,0.04228220179047956
commons-configuration,LSZZ,42,0.95,0.1,0.11420715321765115,0.5121499315029772,0.04228220179047956
commons-configuration,LSZZ,42,0.95,0.25,0.11321197777858932,0.5076327229478621,0.04228220179047956
commons-configuration,LSZZ,42,0.99,0.0,0.10203944403533435,0.579000879424983,0.04119078171218157
commons-configuration,LSZZ,42,0.99,0.05,0.11117390580590633,0.5908491169706276,0.04119078171218157
commons-configuration,LSZZ,42,0.99,0.1,0.1136427733204744,0.5938782265040021,0.04119078171218157
commons-configuration,LSZZ,42,0.99,0.25,0.10810180298254267,0.5957789149915202,0.04119078171218157
commons-configuration,LSZZ,42,0.995,0.0,0.09805030887830556,0.5822866222423734,0.06469745402179547
commons-configuration,LSZZ,42,0.995,0.05,0.10718924853388902,0.5944171237256599,0.06469745402179547
commons-configuration,LSZZ,42,0.995,0.1,0.11041774546860801,0.5982339766951815,0.06469745402179547
commons-configuration,LSZZ,42,0.995,0.25,0.10576569343348793,0.6008030799219382,0.06469745402179547
commons-configuration,LSZZ,42,0.999,0.0,0.09256530125701144,0.5654082349103342,0.1123384926383728
commons-configuration,LSZZ,42,0.999,0.05,0.10161650069922439,0.5767727418778366,0.1123384926383728
commons-configuration,LSZZ,42,0.999,0.1,0.10536818174847346,0.580127878672601,0.1123384926383728
commons-configuration,LSZZ,42,0.999,0.25,0.10285932806282334,0.5804355410522922,0.1123384926383728
commons-configuration,LSZZ,77,0.9,0.0,0.03761856486529443,0.31762475248982647,0.02884959922905852
commons-configuration,LSZZ,77,0.9,0.05,0.0432457787439544,0.31769485096614536,0.02884959922905852
commons-configuration,LSZZ,77,0.9,0.1,0.03574072865872379,0.3025104836743998,0.02884959922905852
commons-configuration,LSZZ,77,0.9,0.25,0.03450028887897378,0.27325928344754974,0.02884959922905852
commons-configuration,LSZZ,77,0.95,0.0,0.03656657663211991,0.37532080311563915,0.08315830055207635
commons-configuration,LSZZ,77,0.95,0.05,0.042125947609701224,0.37722672985036043,0.08315830055207635
commons-configuration,LSZZ,77,0.95,0.1,0.03614423040891392,0.36516830114024124,0.08315830055207635
commons-configuration,LSZZ,77,0.95,0.25,0.032384384927482475,0.3393374432392425,0.08315830055207635
commons-configuration,LSZZ,77,0.99,0.0,0.03574604841092739,0.497709437203615,0.055746390121560796
commons-configuration,LSZZ,77,0.99,0.05,0.04199159466343072,0.5058651765728084,0.055746390121560796
commons-configuration,LSZZ,77,0.99,0.1,0.040693196248174704,0.503778117115266,0.055746390121560796
commons-configuration,LSZZ,77,0.99,0.25,0.030035107717652325,0.4932557032537753,0.055746390121560796
commons-configuration,LSZZ,77,0.995,0.0,0.033909584716743546,0.5148644956479391,0.04066850929997464
commons-configuration,LSZZ,77,0.995,0.05,0.04028053469497174,0.5240174401899942,0.04066850929997464
commons-configuration,LSZZ,77,0.995,0.1,0.03990988404705271,0.5236717978152048,0.04066850929997464
commons-configuration,LSZZ,77,0.995,0.25,0.029142261438058762,0.5162851279627573,0.04066850929997464
commons-configuration,LSZZ,77,0.999,0.0,0.035822242071559506,0.5198427813676957,0.0477352578784571
commons-configuration,LSZZ,77,0.999,0.05,0.04249521633217336,0.5293595611721208,0.0477352578784571
commons-configuration,LSZZ,77,0.999,0.1,0.043123650655214854,0.5299514643519221,0.0477352578784571
commons-configuration,LSZZ,77,0.999,0.25,0.034715337206586226,0.5243965894556308,0.0477352578784571
commons-configuration,LSZZ,101,0.9,0.0,0.04757142699321772,0.3623080937678437,0.019475283625260194
commons-configuration,LSZZ,101,0.9,0.05,0.05377699057833245,0.36457659573181006,0.019475283625260194
commons-configuration,LSZZ,101,0.9,0.1,0.05228728940125993,0.3559366607170655,0.019475283625260194
commons-configuration,LSZZ,101,0.9,0.25,0.05037303250419348,0.33374790413871946,0.019475283625260194
commons-configuration,LSZZ,101,0.95,0.0,0.05120279221300983,0.4218033986789296,0.05805020915394185
commons-configuration,LSZZ,101,0.95,0.05,0.05749775727251905,0.4260313615146696,0.05805020915394185
commons-configuration,LSZZ,101,0.95,0.1,0.05750248970802885,0.42040373215340576,0.05805020915394185
commons-configuration,LSZZ,101,0.95,0.25,0.05464013006956238,0.4026591586543041,0.05805020915394185
commons-configuration,LSZZ,101,0.99,0.0,0.05297246930588318,0.5258940454345123,0.05342760722024326
commons-configuration,LSZZ,101,0.99,0.05,0.059977101680211746,0.5353760755486386,0.05342760722024326
commons-configuration,LSZZ,101,0.99,0.1,0.06254187531919932,0.5370573736441914,0.05342760722024326
commons-configuration,LSZZ,101,0.99,0.25,0.05636015206707711,0.5330061736668497,0.05342760722024326
commons-configuration,LSZZ,101,0.995,0.0,0.0495879948984876,0.5376121456179831,0.054771497930154664
commons-configuration,LSZZ,101,0.995,0.05,0.05662626074937199,0.5478041141842914,0.054771497930154664
commons-configuration,LSZZ,101,0.995,0.1,0.05952570061672373,0.5505434261518818,0.054771497930154664
commons-configuration,LSZZ,101,0.995,0.25,0.05387196445757471,0.5492371955478502,0.054771497930154664
commons-configuration,LSZZ,101,0.999,0.0,0.04024832570015734,0.5262745536831296,0.07791033528643751
commons-configuration,LSZZ,101,0.999,0.05,0.046994850911912765,0.5359783486230985,0.07791033528643751
commons-configuration,LSZZ,101,0.999,0.1,0.04982811242663575,0.5384005848698348,0.07791033528643751
commons-configuration,LSZZ,101,0.999,0.25,0.04491456918080074,0.5360632263922847,0.07791033528643751
commons-configuration,LSZZ,123,0.9,0.0,0.050343896582849046,0.35658908953550933,0.018643535064351652
commons-configuration,LSZZ,123,0.9,0.05,0.05239937938461057,0.3545272866343054,0.018643535064351652
commons-configuration,LSZZ,123,0.9,0.1,0.05268137069826168,0.3466867440071027,0.018643535064351652
commons-configuration,LSZZ,123,0.9,0.25,0.05537102231881539,0.327582965538745,0.018643535064351652
commons-configuration,LSZZ,123,0.95,0.0,0.05423707429835211,0.41719924158667687,0.05570742681896455
commons-configuration,LSZZ,123,0.95,0.05,0.05687353218115271,0.4181102088533017,0.05570742681896455
commons-configuration,LSZZ,123,0.95,0.1,0.05802706368171456,0.4130770694965646,0.05570742681896455
commons-configuration,LSZZ,123,0.95,0.25,0.05982182685682785,0.3983416207932834,0.05570742681896455
commons-configuration,LSZZ,123,0.99,0.0,0.05691192005165571,0.5277309757801725,0.05081389452883769
commons-configuration,LSZZ,123,0.99,0.05,0.06150775189770072,0.5353496892624066,0.05081389452883769
commons-configuration,LSZZ,123,0.99,0.1,0.06304372928700751,0.5364819025225475,0.05081389452883769
commons-configuration,LSZZ,123,0.99,0.25,0.06188119080494842,0.536012253977073,0.05081389452883769
commons-configuration,LSZZ,123,0.995,0.0,0.05233963981203931,0.539373611843896,0.053699764460177934
commons-configuration,LSZZ,123,0.995,0.05,0.057106458451323394,0.5478512132852918,0.053699764460177934
commons-configuration,LSZZ,123,0.995,0.1,0.058498288975393296,0.5497236293088593,0.053699764460177934
commons-configuration,LSZZ,123,0.995,0.25,0.05690214982772848,0.5513103073467028,0.053699764460177934
commons-configuration,LSZZ,123,0.999,0.0,0.03960864439712683,0.5248315406234387,0.076275085512621
commons-configuration,LSZZ,123,0.999,0.05,0.04406873471196949,0.5327758948034611,0.076275085512621
commons-configuration,LSZZ,123,0.999,0.1,0.04489600199609955,0.5339013459703618,0.076275085512621
commons-configuration,LSZZ,123,0.999,0.25,0.041923805921044985,0.532697472052186,0.076275085512621
commons-configuration,LSZZ,202,0.9,0.0,0.08435634729575488,0.41606051701120234,0.019292736376989212
commons-configuration,LSZZ,202,0.9,0.05,0.08826075459824373,0.4172583765488011,0.019292736376989212
commons-configuration,LSZZ,202,0.9,0.1,0.08371626763330083,0.40828926369300184,0.019292736376989212
commons-configuration,LSZZ,202,0.9,0.25,0.09248613391248033,0.40203444566026997,0.019292736376989212
commons-configuration,LSZZ,202,0.95,0.0,0.08797790016450724,0.46829121216124414,0.05616412135223907
commons-configuration,LSZZ,202,0.95,0.05,0.0924652853158677,0.47197386776820466,0.05616412135223907
commons-configuration,LSZZ,202,0.95,0.1,0.08949407831945216,0.4655776920582661,0.05616412135223907
commons-configuration,LSZZ,202,0.95,0.25,0.09706430934316995,0.4610002455178757,0.05616412135223907
commons-configuration,LSZZ,202,0.99,0.0,0.08096047925968809,0.5581948931192462,0.047138295720851764
commons-configuration,LSZZ,202,0.99,0.05,0.08693988860645803,0.5675213084807788,0.047138295720851764
commons-configuration,LSZZ,202,0.99,0.1,0.08654543903798413,0.567914527676956,0.047138295720851764
commons-configuration,LSZZ,202,0.99,0.25,0.08558634052828802,0.5707841097350039,0.047138295720851764
commons-configuration,LSZZ,202,0.995,0.0,0.07618189030744728,0.5646426283773294,0.058860496562931006
commons-configuration,LSZZ,202,0.995,0.05,0.08232789383700273,0.5745609699711898,0.058860496562931006
commons-configuration,LSZZ,202,0.995,0.1,0.08235140093584338,0.5758080216313806,0.058860496562931006
commons-configuration,LSZZ,202,0.995,0.25,0.07978268205607271,0.5787534984152106,0.058860496562931006
commons-configuration,LSZZ,202,0.999,0.0,0.06358511945624631,0.5441156915360095,0.09855030056707845
commons-configuration,LSZZ,202,0.999,0.05,0.06943648118588545,0.5531916881708936,0.09855030056707845
commons-configuration,LSZZ,202,0.999,0.1,0.06936496250496804,0.5536852403100184,0.09855030056707845
commons-configuration,LSZZ,202,0.999,0.25,0.06467706383945332,0.5518767560543194,0.09855030056707845
commons-configuration,LSZZ,314,0.9,0.0,0.03795615286748904,0.3102632878340046,0.024229610262921118
commons-configuration,LSZZ,314,0.9,0.05,0.043102237619622216,0.3092619465709648,0.024229610262921118
commons-configuration,LSZZ,314,0.9,0.1,0.037237315306652634,0.2946718776971696,0.024229610262921118
commons-configuration,LSZZ,314,0.9,0.25,0.029641417896272844,0.25865787248698574,0.024229610262921118
commons-configuration,LSZZ,314,0.95,0.0,0.03479494837822783,0.3665283964179556,0.06974621880370724
commons-configuration,LSZZ,314,0.95,0.05,0.03985853609992881,0.36750839045857314,0.06974621880370724
commons-configuration,LSZZ,314,0.95,0.1,0.03582143168651985,0.35644742651889455,0.06974621880370724
commons-configuration,LSZZ,314,0.95,0.25,0.025285227712406745,0.32415240806248846,0.06974621880370724
commons-configuration,LSZZ,314,0.99,0.0,0.0296016591862322,0.48778275631589946,0.0520003175982508
commons-configuration,LSZZ,314,0.99,0.05,0.03521803547027264,0.4951195712111493,0.0520003175982508
commons-configuration,LSZZ,314,0.99,0.1,0.035087066910022745,0.4934738273094175,0.0520003175982508
commons-configuration,LSZZ,314,0.99,0.25,0.020303351855642006,0.4789768802840598,0.0520003175982508
commons-configuration,LSZZ,314,0.995,0.0,0.026627519651005807,0.5054398436031317,0.035033998063322865
commons-configuration,LSZZ,314,0.995,0.05,0.03232261305880183,0.5138203048022275,0.035033998063322865
commons-configuration,LSZZ,314,0.995,0.1,0.03279181021731279,0.5137549217999411,0.035033998063322865
commons-configuration,LSZZ,314,0.995,0.25,0.018761302123593976,0.5032222757151831,0.035033998063322865
commons-configuration,LSZZ,314,0.999,0.0,0.028172576831411708,0.5124048185343337,0.031853520543277794
commons-configuration,LSZZ,314,0.999,0.05,0.034160919723728485,0.5212688581463665,0.031853520543277794
commons-configuration,LSZZ,314,0.999,0.1,0.03537352837868034,0.5220912821088763,0.031853520543277794
commons-configuration,LSZZ,314,0.999,0.25,0.02459395046330885,0.5144176563839322,0.031853520543277794
commons-configuration,LSZZ,999,0.9,0.0,0.04955985150187598,0.35419755413293846,0.018475846677045552
commons-configuration,LSZZ,999,0.9,0.05,0.05619601690528539,0.3563973670660292,0.018475846677045552
commons-configuration,LSZZ,999,0.9,0.1,0.051149842123309155,0.3452074461296933,0.018475846677045552
commons-configuration,LSZZ,999,0.9,0.25,0.05332112493848227,0.32563798388746573,0.018475846677045552
commons-configuration,LSZZ,999,0.95,0.0,0.05482691835845324,0.41657487520709763,0.05412826041207071
commons-configuration,LSZZ,999,0.95,0.05,0.06166132078842432,0.42090085915342323,0.05412826041207071
commons-configuration,LSZZ,999,0.95,0.1,0.05858254931001815,0.41293722360034957,0.05412826041207071
commons-configuration,LSZZ,999,0.95,0.25,0.05995398138677096,0.3975347665704805,0.05412826041207071
commons-configuration,LSZZ,999,0.99,0.0,0.05844062990841418,0.5287332190107265,0.04957783899364199
commons-configuration,LSZZ,999,0.99,0.05,0.0660838866310995,0.5386988689180827,0.04957783899364199
commons-configuration,LSZZ,999,0.99,0.1,0.06745822671209813,0.5395083427624174,0.04957783899364199
commons-configuration,LSZZ,999,0.99,0.25,0.06391119748371135,0.5372083855031401,0.04957783899364199
commons-configuration,LSZZ,999,0.995,0.0,0.054392162704022126,0.5409414874774857,0.052360111321227525
commons-configuration,LSZZ,999,0.995,0.05,0.06202862810859953,0.551629587899716,0.052360111321227525
commons-configuration,LSZZ,999,0.995,0.1,0.06406976697868921,0.5537751213662073,0.052360111321227525
commons-configuration,LSZZ,999,0.995,0.25,0.06011570553075744,0.5536806484536996,0.052360111321227525
commons-configuration,LSZZ,999,0.999,0.0,0.04353087039368857,0.5280217701016928,0.07805722167502042
commons-configuration,LSZZ,999,0.999,0.05,0.05079020222662741,0.5381272492993089,0.07805722167502042
commons-configuration,LSZZ,999,0.999,0.1,0.052968338602839206,0.5400671411554496,0.07805722167502042
commons-configuration,LSZZ,999,0.999,0.25,0.04864692990371876,0.5379895997339077,0.07805722167502042
commons-configuration,RSZZ,7,0.9,0.0,0.018854795759891033,0.39974285684052746,0.021060026514633914
commons-configuration,RSZZ,7,0.9,0.05,0.02441181962259422,0.40526887991119637,0.021060026514633914
commons-configuration,RSZZ,7,0.9,0.1,0.02897077600381036,0.4079415402534583,0.021060026514633914
commons-configuration,RSZZ,7,0.9,0.25,0.039431141384333804,0.40810237995603976,0.021060026514633914
commons-configuration,RSZZ,7,0.95,0.0,0.02507214638571211,0.44592783876118064,0.06203763683132115
commons-configuration,RSZZ,7,0.95,0.05,0.030565537999458266,0.4523713890819792,0.06203763683132115
commons-configuration,RSZZ,7,0.95,0.1,0.03710277452493165,0.45645700617857304,0.06203763683132115
commons-configuration,RSZZ,7,0.95,0.25,0.0474846821878013,0.4585601918260012,0.06203763683132115
commons-configuration,RSZZ,7,0.99,0.0,0.026493577494119635,0.5261583838322285,0.05201907402116611
commons-configuration,RSZZ,7,0.99,0.05,0.032305430028268585,0.536202570619415,0.05201907402116611
commons-configuration,RSZZ,7,0.99,0.1,0.040432057519557356,0.5439635256288275,0.05201907402116611
commons-configuration,RSZZ,7,0.99,0.25,0.0538628099737382,0.5593415439631652,0.05201907402116611
commons-configuration,RSZZ,7,0.995,0.0,0.01571808899269578,0.5237145744834039,0.06871189227543362
commons-configuration,RSZZ,7,0.995,0.05,0.021114206104328022,0.533665030671078,0.06871189227543362
commons-configuration,RSZZ,7,0.995,0.1,0.028674357059447878,0.5411298462898979,0.06871189227543362
commons-configuration,RSZZ,7,0.995,0.25,0.04246110215927927,0.5564809493052938,0.06871189227543362
commons-configuration,RSZZ,7,0.999,0.0,-0.020007984263473423,0.4809311233819293,0.05239953682238669
commons-configuration,RSZZ,7,0.999,0.05,-0.01633270450178506,0.4887004849952352,0.05239953682238669
commons-configuration,RSZZ,7,0.999,0.1,-0.01083948108959791,0.4935427018787923,0.05239953682238669
commons-configuration,RSZZ,7,0.999,0.25,-0.002155724656959854,0.5004713344761946,0.05239953682238669
commons-configuration,RSZZ,13,0.9,0.0,0.025939590500530386,0.4033928559383157,0.023150494425115773
commons-configuration,RSZZ,13,0.9,0.05,0.03427088097496639,0.4124540683533123,0.023150494425115773
commons-configuration,RSZZ,13,0.9,0.1,0.04146720606391439,0.4189373320527857,0.023150494425115773
commons-configuration,RSZZ,13,0.9,0.25,0.05019448778250125,0.41630814718497355,0.023150494425115773
commons-configuration,RSZZ,13,0.95,0.0,0.03264232923613313,0.45082363172720713,0.06573932296842137
commons-configuration,RSZZ,13,0.95,0.05,0.040210396105925854,0.4595236546663302,0.06573932296842137
commons-configuration,RSZZ,13,0.95,0.1,0.05035427014371248,0.4676605943204571,0.06573932296842137
commons-configuration,RSZZ,13,0.95,0.25,0.05950386261497135,0.4670085517056963,0.06573932296842137
commons-configuration,RSZZ,13,0.99,0.0,0.030749694234969545,0.5273608697633678,0.04398087860389172
commons-configuration,RSZZ,13,0.99,0.05,0.037501202733302055,0.5380802801873728,0.04398087860389172
commons-configuration,RSZZ,13,0.99,0.1,0.048870036063463816,0.5483423919091608,0.04398087860389172
commons-configuration,RSZZ,13,0.99,0.25,0.06213846726403424,0.5616246590374045,0.04398087860389172
commons-configuration,RSZZ,13,0.995,0.0,0.021156346370347544,0.5269222591228885,0.05365920514929544
commons-configuration,RSZZ,13,0.995,0.05,0.027436479072907943,0.5375325914793679,0.05365920514929544
commons-configuration,RSZZ,13,0.995,0.1,0.03811428680504128,0.5473701973070079,0.05365920514929544
commons-configuration,RSZZ,13,0.995,0.25,0.052774145569595705,0.5622852840870979,0.05365920514929544
commons-configuration,RSZZ,13,0.999,0.0,-0.010382169293520037,0.48987396624784674,0.055955109833977786
commons-configuration,RSZZ,13,0.999,0.05,-0.005692189608633068,0.49851914422664745,0.055955109833977786
commons-configuration,RSZZ,13,0.999,0.1,0.0029724292186325855,0.5058753557720432,0.055955109833977786
commons-configuration,RSZZ,13,0.999,0.25,0.014406067112705994,0.5148657699610604,0.055955109833977786
commons-configuration,RSZZ,21,0.9,0.0,0.028387217182475232,0.41282610322919566,0.028385582107723233
commons-configuration,RSZZ,21,0.9,0.05,0.031251942325854244,0.4158366734891308,0.028385582107723233
commons-configuration,RSZZ,21,0.9,0.1,0.03221495916464451,0.41615887279579467,0.028385582107723233
commons-configuration,RSZZ,21,0.9,0.25,0.046130613744282276,0.4170469855084084,0.028385582107723233
commons-configuration,RSZZ,21,0.95,0.0,0.036901761911958736,0.45900823607799823,0.07948819622360859
commons-configuration,RSZZ,21,0.95,0.05,0.040035333997798114,0.46386689610965476,0.07948819622360859
commons-configuration,RSZZ,21,0.95,0.1,0.04322594995751327,0.46591410081014084,0.07948819622360859
commons-configuration,RSZZ,21,0.95,0.25,0.05694533224057701,0.468533046104303,0.07948819622360859
commons-configuration,RSZZ,21,0.99,0.0,0.037603619274004886,0.5366270451700174,0.0629578517596358
commons-configuration,RSZZ,21,0.99,0.05,0.04197919241385137,0.5458829031266237,0.0629578517596358
commons-configuration,RSZZ,21,0.99,0.1,0.047133713650992164,0.5519442876817436,0.0629578517596358
commons-configuration,RSZZ,21,0.99,0.25,0.059387293395110445,0.5655545385935146,0.0629578517596358
commons-configuration,RSZZ,21,0.995,0.0,0.02864300442203569,0.5349285961508953,0.07754083660193763
commons-configuration,RSZZ,21,0.995,0.05,0.032866283824940515,0.5442413173749628,0.07754083660193763
commons-configuration,RSZZ,21,0.995,0.1,0.03773036119262307,0.5501512451626768,0.07754083660193763
commons-configuration,RSZZ,21,0.995,0.25,0.048467670990450955,0.563162830100163,0.07754083660193763
commons-configuration,RSZZ,21,0.999,0.0,-0.0002892235645706241,0.49683983440962903,0.0665153046791923
commons-configuration,RSZZ,21,0.999,0.05,0.0027043595971111382,0.5043025984757478,0.0665153046791923
commons-configuration,RSZZ,21,0.999,0.1,0.006056422485831884,0.5079513258500544,0.0665153046791923
commons-configuration,RSZZ,21,0.999,0.25,0.01106578953710865,0.5128449826230648,0.0665153046791923
commons-configuration,RSZZ,42,0.9,0.0,0.012745932515880225,0.35020057667683524,-0.04088502475923487
commons-configuration,RSZZ,42,0.9,0.05,0.01761182331412502,0.35293593319790306,-0.04088502475923487
commons-configuration,RSZZ,42,0.9,0.1,0.018409373454615564,0.35110224064317197,-0.04088502475923487
commons-configuration,RSZZ,42,0.9,0.25,0.023546596411119836,0.33617812256754975,-0.04088502475923487
commons-configuration,RSZZ,42,0.95,0.0,0.017165072508572472,0.4023101651880442,-0.08846840047976663
commons-configuration,RSZZ,42,0.95,0.05,0.021947527779216654,0.40625567593680484,-0.08846840047976663
commons-configuration,RSZZ,42,0.95,0.1,0.02520363958965277,0.40658666447207326,-0.08846840047976663
commons-configuration,RSZZ,42,0.95,0.25,0.029380180016579886,0.3941985809392679,-0.08846840047976663
commons-configuration,RSZZ,42,0.99,0.0,0.020518622750899936,0.49205732716538114,-0.10436713039180098
commons-configuration,RSZZ,42,0.99,0.05,0.025843039229567988,0.5001740524684927,-0.10436713039180098
commons-configuration,RSZZ,42,0.99,0.1,0.03205595674717776,0.5050905264324118,-0.10436713039180098
commons-configuration,RSZZ,42,0.99,0.25,0.03680135588832491,0.50654903593461,-0.10436713039180098
commons-configuration,RSZZ,42,0.995,0.0,0.01823757732709063,0.5072634325430735,-0.06692323657816437
commons-configuration,RSZZ,42,0.995,0.05,0.02360597150519538,0.5162208333549388,-0.06692323657816437
commons-configuration,RSZZ,42,0.995,0.1,0.030005626759632337,0.5219517873635211,-0.06692323657816437
commons-configuration,RSZZ,42,0.995,0.25,0.03597827785578631,0.5271581266042193,-0.06692323657816437
commons-configuration,RSZZ,42,0.999,0.0,0.005498828428107977,0.49923134550728593,0.009475404367516364
commons-configuration,RSZZ,42,0.999,0.05,0.010357388618625837,0.5078301533812116,0.009475404367516364
commons-configuration,RSZZ,42,0.999,0.1,0.01623874991896341,0.5130465229868146,0.009475404367516364
commons-configuration,RSZZ,42,0.999,0.25,0.02172863565488983,0.5176592373884175,0.009475404367516364
commons-configuration,RSZZ,77,0.9,0.0,0.019960209166711432,0.3828093813704834,-0.053224250078985264
commons-configuration,RSZZ,77,0.9,0.05,0.025458595249980173,0.38767312125005354,-0.053224250078985264
commons-configuration,RSZZ,77,0.9,0.1,0.025144260742907744,0.3861664141420487,-0.053224250078985264
commons-configuration,RSZZ,77,0.9,0.25,0.032634972018647034,0.37833559273570966,-0.053224250078985264
commons-configuration,RSZZ,77,0.95,0.0,0.027585976809118104,0.4317163933552729,-0.11756466269479462
commons-configuration,RSZZ,77,0.95,0.05,0.03310158717491241,0.4374585311284894,-0.11756466269479462
commons-configuration,RSZZ,77,0.95,0.1,0.0358384748479637,0.43824319959330504,-0.11756466269479462
commons-configuration,RSZZ,77,0.95,0.25,0.0425819708608766,0.4322252556880999,-0.11756466269479462
commons-configuration,RSZZ,77,0.99,0.0,0.03245930658582484,0.5219565571677062,-0.08085489279076226
commons-configuration,RSZZ,77,0.99,0.05,0.038601246245411426,0.5318275424708976,-0.08085489279076226
commons-configuration,RSZZ,77,0.99,0.1,0.04525584352741889,0.5381915854744399,-0.08085489279076226
commons-configuration,RSZZ,77,0.99,0.25,0.05235280659789454,0.5460626609122757,-0.08085489279076226
commons-configuration,RSZZ,77,0.995,0.0,0.026152416574796,0.5276884998241609,-0.010476897717770715
commons-configuration,RSZZ,77,0.995,0.05,0.0321288782351997,0.5378994254456236,-0.010476897717770715
commons-configuration,RSZZ,77,0.995,0.1,0.03887193515572946,0.5446712149741328,-0.010476897717770715
commons-configuration,RSZZ,77,0.995,0.25,0.04631625493224839,0.5542024377924729,-0.010476897717770715
commons-configuration,RSZZ,77,0.999,0.0,0.0018599297796888954,0.49825383047626454,0.04982047557849129
commons-configuration,RSZZ,77,0.999,0.05,0.00672420429459765,0.5069851499711413,0.04982047557849129
commons-configuration,RSZZ,77,0.999,0.1,0.012372155920023517,0.5120934334320294,0.04982047557849129
commons-configuration,RSZZ,77,0.999,0.25,0.01682563987021678,0.5163127309625005,0.04982047557849129
commons-configuration,RSZZ,101,0.9,0.0,0.056244841995748834,0.4084553195827882,-0.07054277919746499
commons-configuration,RSZZ,101,0.9,0.05,0.05247894631221723,0.4048427395375417,-0.07054277919746499
commons-configuration,RSZZ,101,0.9,0.1,0.051889609845347705,0.4024087618285056,-0.07054277919746499
commons-configuration,RSZZ,101,0.9,0.25,0.05361479633936999,0.39184512630501894,-0.07054277919746499
commons-configuration,RSZZ,101,0.95,0.0,0.06522551727192351,0.45707196970268715,-0.13201927217468082
commons-configuration,RSZZ,101,0.95,0.05,0.06409855766291717,0.4568342818205169,-0.13201927217468082
commons-configuration,RSZZ,101,0.95,0.1,0.06365973768951054,0.45415634886295436,-0.13201927217468082
commons-configuration,RSZZ,101,0.95,0.25,0.06458059077009776,0.4455714447242035,-0.13201927217468082
commons-configuration,RSZZ,101,0.99,0.0,0.0835394281399452,0.5640697089045357,-0.07982593710705613
commons-configuration,RSZZ,101,0.99,0.05,0.08733094415953009,0.5719903631984562,-0.07982593710705613
commons-configuration,RSZZ,101,0.99,0.1,0.08654154320244609,0.5719780362050948,-0.07982593710705613
commons-configuration,RSZZ,101,0.99,0.25,0.08456043952132934,0.5752256348055605,-0.07982593710705613
commons-configuration,RSZZ,101,0.995,0.0,0.08578839968954098,0.5758827902652087,-0.0005258407587418107
commons-configuration,RSZZ,101,0.995,0.05,0.09033571600271798,0.5848837930716655,-0.0005258407587418107
commons-configuration,RSZZ,101,0.995,0.1,0.08981105133597408,0.5854718911396912,-0.0005258407587418107
commons-configuration,RSZZ,101,0.995,0.25,0.08723888227529354,0.5895557593712604,-0.0005258407587418107
commons-configuration,RSZZ,101,0.999,0.0,0.08463036665100007,0.5618193364010845,0.08507246569161862
commons-configuration,RSZZ,101,0.999,0.05,0.08964269523396386,0.5704720988570466,0.08507246569161862
commons-configuration,RSZZ,101,0.999,0.1,0.08931883618531165,0.5703350999083067,0.08507246569161862
commons-configuration,RSZZ,101,0.999,0.25,0.0862039222825171,0.570397806781315,0.08507246569161862
commons-configuration,RSZZ,123,0.9,0.0,0.02319857447978048,0.4032680947609897,0.021060026581220047
commons-configuration,RSZZ,123,0.9,0.05,0.02959810847029553,0.40961083545994137,0.021060026581220047
commons-configuration,RSZZ,123,0.9,0.1,0.031967568754187936,0.41147490237088885,0.021060026581220047
commons-configuration,RSZZ,123,0.9,0.25,0.04266234477692421,0.4115710040865424,0.021060026581220047
commons-configuration,RSZZ,123,0.95,0.0,0.03088098753840084,0.4500758582523955,0.062036638324142974
commons-configuration,RSZZ,123,0.95,0.05,0.03718529058207296,0.45724627143456403,0.062036638324142974
commons-configuration,RSZZ,123,0.95,0.1,0.042117412684187956,0.4609589497365779,0.062036638324142974
commons-configuration,RSZZ,123,0.95,0.25,0.05220070076448525,0.4619259739294695,0.062036638324142974
commons-configuration,RSZZ,123,0.99,0.0,0.028467387055929834,0.5241408328451334,0.04737600198535861
commons-configuration,RSZZ,123,0.99,0.05,0.03478400154162104,0.5344563421210169,0.04737600198535861
commons-configuration,RSZZ,123,0.99,0.1,0.04239144422053414,0.5420036730359166,0.04737600198535861
commons-configuration,RSZZ,123,0.99,0.25,0.05103652714948144,0.5520653579596682,0.04737600198535861
commons-configuration,RSZZ,123,0.995,0.0,0.01946091168512346,0.5237961681057103,0.05649178965781947
commons-configuration,RSZZ,123,0.995,0.05,0.025436659932667405,0.5341042096105032,0.05649178965781947
commons-configuration,RSZZ,123,0.995,0.1,0.03285055628350256,0.541573843340008,0.05649178965781947
commons-configuration,RSZZ,123,0.995,0.25,0.04154107226192005,0.5521905817805678,0.05649178965781947
commons-configuration,RSZZ,123,0.999,0.0,-0.0078026347158417705,0.49070871289621076,0.053931216656654304
commons-configuration,RSZZ,123,0.999,0.05,-0.0031215879748943656,0.49932125373407016,0.053931216656654304
commons-configuration,RSZZ,123,0.999,0.1,0.002927862707779608,0.504815720535865,0.053931216656654304
commons-configuration,RSZZ,123,0.999,0.25,0.008287774667861928,0.5096634733467422,0.053931216656654304
commons-configuration,RSZZ,202,0.9,0.0,0.023074673581308956,0.4044789895463827,0.023172581062053558
commons-configuration,RSZZ,202,0.9,0.05,0.028761021811588662,0.4104450822195161,0.023172581062053558
commons-configuration,RSZZ,202,0.9,0.1,0.029049230975001353,0.41126912809883903,0.023172581062053558
commons-configuration,RSZZ,202,0.9,0.25,0.03506141938761491,0.40683939476938047,0.023172581062053558
commons-configuration,RSZZ,202,0.95,0.0,0.029138791607316937,0.4507411160109748,0.06634486725612354
commons-configuration,RSZZ,202,0.95,0.05,0.034885056162447615,0.45759341210762217,0.06634486725612354
commons-configuration,RSZZ,202,0.95,0.1,0.0381543655532842,0.460232557231161,0.06634486725612354
commons-configuration,RSZZ,202,0.95,0.25,0.04378772231784974,0.4573113248364666,0.06634486725612354
commons-configuration,RSZZ,202,0.99,0.0,0.028263654585858985,0.5233941724704709,0.04810197666711478
commons-configuration,RSZZ,202,0.99,0.05,0.0343339349949063,0.5334684571505169,0.04810197666711478
commons-configuration,RSZZ,202,0.99,0.1,0.040958663161647244,0.5401588901877865,0.04810197666711478
commons-configuration,RSZZ,202,0.99,0.25,0.04730277211451557,0.5481761772876461,0.04810197666711478
commons-configuration,RSZZ,202,0.995,0.0,0.01977513908410172,0.523381266687563,0.056461551769434196
commons-configuration,RSZZ,202,0.995,0.05,0.025558342665162024,0.533488513928652,0.056461551769434196
commons-configuration,RSZZ,202,0.995,0.1,0.03210736137857418,0.5401965223677953,0.056461551769434196
commons-configuration,RSZZ,202,0.995,0.25,0.038676903528095746,0.5490112904084898,0.056461551769434196
commons-configuration,RSZZ,202,0.999,0.0,-0.005836117729780434,0.4920028781350355,0.052105439678836775
commons-configuration,RSZZ,202,0.999,0.05,-0.001241028123832692,0.500522017979561,0.052105439678836775
commons-configuration,RSZZ,202,0.999,0.1,0.004112061840401314,0.505418719667814,0.052105439678836775
commons-configuration,RSZZ,202,0.999,0.25,0.007631933263182217,0.5087944533537124,0.052105439678836775
commons-configuration,RSZZ,314,0.9,0.0,0.02965003833642318,0.41708619900149885,0.028118449146070396
commons-configuration,RSZZ,314,0.9,0.05,0.03506484337331854,0.4231148420295937,0.028118449146070396
commons-configuration,RSZZ,314,0.9,0.1,0.044002882032700426,0.4287665670125166,0.028118449146070396
commons-configuration,RSZZ,314,0.9,0.25,0.051630776536154555,0.4298738578451664,0.028118449146070396
commons-configuration,RSZZ,314,0.95,0.0,0.03712347604252886,0.4639958786486937,0.07735277549037975
commons-configuration,RSZZ,314,0.95,0.05,0.04264817185458098,0.4709216300510169,0.07735277549037975
commons-configuration,RSZZ,314,0.95,0.1,0.05299250306951743,0.4776817054329285,0.07735277549037975
commons-configuration,RSZZ,314,0.95,0.25,0.061551327613696825,0.48022418559375873,0.07735277549037975
commons-configuration,RSZZ,314,0.99,0.0,0.03597059660433406,0.5362402985920617,0.05680229497827391
commons-configuration,RSZZ,314,0.99,0.05,0.041902173246546985,0.5464869774837591,0.05680229497827391
commons-configuration,RSZZ,314,0.99,0.1,0.05157152199926208,0.5552991636935409,0.05680229497827391
commons-configuration,RSZZ,314,0.99,0.25,0.06361749564489566,0.5692915253824221,0.05680229497827391
commons-configuration,RSZZ,314,0.995,0.0,0.026377023958082505,0.533533306729185,0.06842897245991404
commons-configuration,RSZZ,314,0.995,0.05,0.03198795882699396,0.5437024073426373,0.06842897245991404
commons-configuration,RSZZ,314,0.995,0.1,0.040798146499072915,0.5520040361678318,0.06842897245991404
commons-configuration,RSZZ,314,0.995,0.25,0.053857716062369165,0.5665924984519121,0.06842897245991404
commons-configuration,RSZZ,314,0.999,0.0,-0.005720880430887657,0.493876229106976,0.06551650931971878
commons-configuration,RSZZ,314,0.999,0.05,-0.001614970843817315,0.5020518803431178,0.06551650931971878
commons-configuration,RSZZ,314,0.999,0.1,0.005073565137243628,0.5077652230472366,0.06551650931971878
commons-configuration,RSZZ,314,0.999,0.25,0.014453696201264968,0.5154865318664432,0.06551650931971878
commons-configuration,RSZZ,999,0.9,0.0,0.026958575305791935,0.38525684342032923,-0.07054277841538852
commons-configuration,RSZZ,999,0.9,0.05,0.03256479266035153,0.3898182561942064,-0.07054277841538852
commons-configuration,RSZZ,999,0.9,0.1,0.03630969849420818,0.3919889187988599,-0.07054277841538852
commons-configuration,RSZZ,999,0.9,0.25,0.042552516314419746,0.38299596196222896,-0.07054277841538852
commons-configuration,RSZZ,999,0.95,0.0,0.03489881522823745,0.4334541644012029,-0.13201408555235092
commons-configuration,RSZZ,999,0.95,0.05,0.04060500867145721,0.43902194414160495,-0.13201408555235092
commons-configuration,RSZZ,999,0.95,0.1,0.04672879195685969,0.44292613615277515,-0.13201408555235092
commons-configuration,RSZZ,999,0.95,0.25,0.05270534828064083,0.436332175598347,-0.13201408555235092
commons-configuration,RSZZ,999,0.99,0.0,0.046795057324700434,0.5309182505621208,-0.08308475964459919
commons-configuration,RSZZ,999,0.99,0.05,0.05348819478002323,0.5410592140043871,-0.08308475964459919
commons-configuration,RSZZ,999,0.99,0.1,0.06207545184182207,0.5490128167236322,-0.08308475964459919
commons-configuration,RSZZ,999,0.99,0.25,0.0719090995052681,0.5591601590320545,-0.08308475964459919
commons-configuration,RSZZ,999,0.995,0.0,0.04300275894895943,0.539620952906817,-0.011361522171952089
commons-configuration,RSZZ,999,0.995,0.05,0.049661154001471766,0.550263834172661,-0.011361522171952089
commons-configuration,RSZZ,999,0.995,0.1,0.058175285558323166,0.5584812945436911,-0.011361522171952089
commons-configuration,RSZZ,999,0.995,0.25,0.06961644134267272,0.5713784393252186,-0.011361522171952089
commons-configuration,RSZZ,999,0.999,0.0,0.02563159857003535,0.5167273642903861,0.0657937830711868
commons-configuration,RSZZ,999,0.999,0.05,0.03153886058248532,0.5262375274644046,0.0657937830711868
commons-configuration,RSZZ,999,0.999,0.1,0.03913530598569896,0.5329467600618631,0.0657937830711868
commons-configuration,RSZZ,999,0.999,0.25,0.049630010875211995,0.5424561075147142,0.0657937830711868
commons-configuration,RASZZ,7,0.9,0.0,0.05358982560673361,0.3777787693233569,-0.2502864834521751
commons-configuration,RASZZ,7,0.9,0.05,0.05979669609260676,0.38060739949631245,-0.2502864834521751
commons-configuration,RASZZ,7,0.9,0.1,0.06021401581797525,0.37416611559009105,-0.2502864834521751
commons-configuration,RASZZ,7,0.9,0.25,0.054725068344721045,0.34768172622420906,-0.2502864834521751
commons-configuration,RASZZ,7,0.95,0.0,0.04995549470846562,0.4183551342648881,-0.21922634883848413
commons-configuration,RASZZ,7,0.95,0.05,0.055865788384650575,0.42209879808473705,-0.21922634883848413
commons-configuration,RASZZ,7,0.95,0.1,0.05597348486839312,0.41785825312842045,-0.21922634883848413
commons-configuration,RASZZ,7,0.95,0.25,0.04874096493671656,0.3936771227370339,-0.21922634883848413
commons-configuration,RASZZ,7,0.99,0.0,0.050879807592596714,0.5086554331936142,-0.1268524155743581
commons-configuration,RASZZ,7,0.99,0.05,0.05747933018355412,0.5169635821706118,-0.1268524155743581
commons-configuration,RASZZ,7,0.99,0.1,0.059024820118406165,0.5180775794216033,-0.1268524155743581
commons-configuration,RASZZ,7,0.99,0.25,0.05475292728492206,0.5118492803344769,-0.1268524155743581
commons-configuration,RASZZ,7,0.995,0.0,0.05806090144049445,0.5339397798687675,-0.08308262537550273
commons-configuration,RASZZ,7,0.995,0.05,0.06525365085431903,0.5436779088571548,-0.08308262537550273
commons-configuration,RASZZ,7,0.995,0.1,0.0676870771188605,0.5463925961083013,-0.08308262537550273
commons-configuration,RASZZ,7,0.995,0.25,0.06733587076916336,0.5470249903780008,-0.08308262537550273
commons-configuration,RASZZ,7,0.999,0.0,0.06947976428001663,0.5481256974026718,0.03612857966360449
commons-configuration,RASZZ,7,0.999,0.05,0.07747073247429179,0.5587173841204508,0.03612857966360449
commons-configuration,RASZZ,7,0.999,0.1,0.08104196664701623,0.5624244446512485,0.03612857966360449
commons-configuration,RASZZ,7,0.999,0.25,0.08612426417894781,0.5680845406399931,0.03612857966360449
commons-configuration,RASZZ,13,0.9,0.0,0.046530947532347655,0.37109119740476687,-0.03522043992137781
commons-configuration,RASZZ,13,0.9,0.05,0.05188070575538071,0.3733854020714391,-0.03522043992137781
commons-configuration,RASZZ,13,0.9,0.1,0.04973714674330602,0.36547308640062254,-0.03522043992137781
commons-configuration,RASZZ,13,0.9,0.25,0.05234884088865248,0.3443797131862041,-0.03522043992137781
commons-configuration,RASZZ,13,0.95,0.0,0.045329573220328,0.41954818243744,-0.0760618754874643
commons-configuration,RASZZ,13,0.95,0.05,0.05067581715917286,0.4231505062342404,-0.0760618754874643
commons-configuration,RASZZ,13,0.95,0.1,0.04909666462563874,0.4180203350076464,-0.0760618754874643
commons-configuration,RASZZ,13,0.95,0.25,0.050916204845150095,0.4005666076901867,-0.0760618754874643
commons-configuration,RASZZ,13,0.99,0.0,0.04725107623901424,0.5129598333766213,-0.08646189641109751
commons-configuration,RASZZ,13,0.99,0.05,0.053597634070655896,0.521450746373059,-0.08646189641109751
commons-configuration,RASZZ,13,0.99,0.1,0.054130440818876906,0.5220731465337235,-0.08646189641109751
commons-configuration,RASZZ,13,0.99,0.25,0.057186566568892934,0.5220456845457386,-0.08646189641109751
commons-configuration,RASZZ,13,0.995,0.0,0.05126753124768305,0.5336938217721665,-0.05048073574281266
commons-configuration,RASZZ,13,0.995,0.05,0.058077194860603316,0.5434045576082241,-0.05048073574281266
commons-configuration,RASZZ,13,0.995,0.1,0.05941420892662448,0.5454392116777049,-0.05048073574281266
commons-configuration,RASZZ,13,0.995,0.25,0.06408887684228001,0.5504044527820354,-0.05048073574281266
commons-configuration,RASZZ,13,0.999,0.0,0.05669574055195107,0.5399131525728911,0.05220809823369934
commons-configuration,RASZZ,13,0.999,0.05,0.06401840763525031,0.5500832676293506,0.05220809823369934
commons-configuration,RASZZ,13,0.999,0.1,0.06622709254227388,0.5527175343473754,0.05220809823369934
commons-configuration,RASZZ,13,0.999,0.25,0.07306058752177771,0.5597804087292639,0.05220809823369934
commons-configuration,RASZZ,21,0.9,0.0,0.07342537869080629,0.4113464678704242,-0.2310316585513521
commons-configuration,RASZZ,21,0.9,0.05,0.08070201968490293,0.41616322632568814,-0.2310316585513521
commons-configuration,RASZZ,21,0.9,0.1,0.08374179572074673,0.4130650379144416,-0.2310316585513521
commons-configuration,RASZZ,21,0.9,0.25,0.09236850575937855,0.4000323129631326,-0.2310316585513521
commons-configuration,RASZZ,21,0.95,0.0,0.07168283439570472,0.4475981629278022,-0.21332672135600744
commons-configuration,RASZZ,21,0.95,0.05,0.07881278689665645,0.4530150529319449,-0.21332672135600744
commons-configuration,RASZZ,21,0.95,0.1,0.08128115918719522,0.45156509169974324,-0.21332672135600744
commons-configuration,RASZZ,21,0.95,0.25,0.09006788636225867,0.4406610190277299,-0.21332672135600744
commons-configuration,RASZZ,21,0.99,0.0,0.06747122498747607,0.5293508518191264,-0.12103100421312415
commons-configuration,RASZZ,21,0.99,0.05,0.07507096130345019,0.5388694401641343,-0.12103100421312415
commons-configuration,RASZZ,21,0.99,0.1,0.07802218357283562,0.5416411067739529,-0.12103100421312415
commons-configuration,RASZZ,21,0.99,0.25,0.0891498175548306,0.5475444399708278,-0.12103100421312415
commons-configuration,RASZZ,21,0.995,0.0,0.0722949566493463,0.552420468999321,-0.07103543690330086
commons-configuration,RASZZ,21,0.995,0.05,0.08037215652249001,0.5632549671600777,-0.07103543690330086
commons-configuration,RASZZ,21,0.995,0.1,0.08398808829958622,0.5674085123895596,-0.07103543690330086
commons-configuration,RASZZ,21,0.995,0.25,0.09726890653574966,0.5790827370071469,-0.07103543690330086
commons-configuration,RASZZ,21,0.999,0.0,0.07526815724123416,0.555657775985783,0.06642812749091447
commons-configuration,RASZZ,21,0.999,0.05,0.08370909012561863,0.5667765142246449,0.06642812749091447
commons-configuration,RASZZ,21,0.999,0.1,0.08791094081384035,0.5712196489167208,0.06642812749091447
commons-configuration,RASZZ,21,0.999,0.25,0.10303110841616048,0.5845357258545055,0.06642812749091447
commons-configuration,RASZZ,42,0.9,0.0,0.04245279994429099,0.37039694018260005,-0.24835199099433816
commons-configuration,RASZZ,42,0.9,0.05,0.04850937662017253,0.37336725924172837,-0.24835199099433816
commons-configuration,RASZZ,42,0.9,0.1,0.047575187111356006,0.36620345680364325,-0.24835199099433816
commons-configuration,RASZZ,42,0.9,0.25,0.031046416313611692,0.33227770976575727,-0.24835199099433816
commons-configuration,RASZZ,42,0.95,0.0,0.044583565066331016,0.41558479104760604,-0.21877621722120416
commons-configuration,RASZZ,42,0.95,0.05,0.050644308118701895,0.41964869635106805,-0.21877621722120416
commons-configuration,RASZZ,42,0.95,0.1,0.050211712823446504,0.415105797676222,-0.21877621722120416
commons-configuration,RASZZ,42,0.95,0.25,0.03407270640753653,0.3853118658098383,-0.21877621722120416
commons-configuration,RASZZ,42,0.99,0.0,0.05113480322182012,0.5052368709640738,-0.1272448196334575
commons-configuration,RASZZ,42,0.99,0.05,0.0581814584353468,0.5137742327383964,-0.1272448196334575
commons-configuration,RASZZ,42,0.99,0.1,0.05989192582795642,0.5148542195529054,-0.1272448196334575
commons-configuration,RASZZ,42,0.99,0.25,0.051406167311032855,0.5051373992763735,-0.1272448196334575
commons-configuration,RASZZ,42,0.995,0.0,0.05920197123609104,0.531377157915815,-0.08504683895753834
commons-configuration,RASZZ,42,0.995,0.05,0.0668846155921055,0.5413765255297,-0.08504683895753834
commons-configuration,RASZZ,42,0.995,0.1,0.06960088862336958,0.5441687911222215,-0.08504683895753834
commons-configuration,RASZZ,42,0.995,0.25,0.06636215883480952,0.5422551816449303,-0.08504683895753834
commons-configuration,RASZZ,42,0.999,0.0,0.07874172733252785,0.5552739361719933,0.04144867578848357
commons-configuration,RASZZ,42,0.999,0.05,0.08764166232810976,0.5666212232496244,0.04144867578848357
commons-configuration,RASZZ,42,0.999,0.1,0.09202337483430888,0.5710209164041081,0.04144867578848357
commons-configuration,RASZZ,42,0.999,0.25,0.09711758906661411,0.5770342142159022,0.04144867578848357
commons-configuration,RASZZ,77,0.9,0.0,0.07666457181954818,0.42694624324947095,-0.23805586940714027
commons-configuration,RASZZ,77,0.9,0.05,0.08429052036679636,0.43257344284050525,-0.23805586940714027
commons-configuration,RASZZ,77,0.9,0.1,0.08724177015442104,0.43008790636122574,-0.23805586940714027
commons-configuration,RASZZ,77,0.9,0.25,0.08311122213103007,0.4112858204938788,-0.23805586940714027
commons-configuration,RASZZ,77,0.95,0.0,0.08199785454272104,0.4615187176822023,-0.21651788248310996
commons-configuration,RASZZ,77,0.95,0.05,0.08988495238253105,0.4678333387694782,-0.21651788248310996
commons-configuration,RASZZ,77,0.95,0.1,0.09268813176569958,0.46689131271518025,-0.21651788248310996
commons-configuration,RASZZ,77,0.95,0.25,0.0889219553591005,0.44976770921783876,-0.21651788248310996
commons-configuration,RASZZ,77,0.99,0.0,0.08329163338448098,0.5418720420215147,-0.12645687776836814
commons-configuration,RASZZ,77,0.99,0.05,0.09196731937853478,0.5522720121412468,-0.12645687776836814
commons-configuration,RASZZ,77,0.99,0.1,0.09582548423849206,0.5557556316385192,-0.12645687776836814
commons-configuration,RASZZ,77,0.99,0.25,0.09678812586530991,0.5557732899869082,-0.12645687776836814
commons-configuration,RASZZ,77,0.995,0.0,0.08947171193818697,0.5657618614966857,-0.0766337607878113
commons-configuration,RASZZ,77,0.995,0.05,0.09869236725472157,0.5775148522555967,-0.0766337607878113
commons-configuration,RASZZ,77,0.995,0.1,0.10335753224182015,0.5824940044769624,-0.0766337607878113
commons-configuration,RASZZ,77,0.995,0.25,0.10883898232705093,0.5896018095515552,-0.0766337607878113
commons-configuration,RASZZ,77,0.999,0.0,0.09753484275315995,0.5718700239572343,0.06825883319966562
commons-configuration,RASZZ,77,0.999,0.05,0.10738027132746628,0.5840501959579556,0.06825883319966562
commons-configuration,RASZZ,77,0.999,0.1,0.11297961481879132,0.5895373478318864,0.06825883319966562
commons-configuration,RASZZ,77,0.999,0.25,0.12395312142138216,0.6004347770630444,0.06825883319966562
commons-configuration,RASZZ,101,0.9,0.0,0.08109795391760428,0.4035988781578742,-0.12321288011824014
commons-configuration,RASZZ,101,0.9,0.05,0.08877425395327998,0.40801207011981117,-0.12321288011824014
commons-configuration,RASZZ,101,0.9,0.1,0.0866247159287922,0.40089017947773864,-0.12321288011824014
commons-configuration,RASZZ,101,0.9,0.25,0.08168042379766163,0.3776482342150172,-0.12321288011824014
commons-configuration,RASZZ,101,0.95,0.0,0.0788846724293305,0.4423903842371812,-0.1542253283708047
commons-configuration,RASZZ,101,0.95,0.05,0.08638976360289813,0.44753600471593963,-0.1542253283708047
commons-configuration,RASZZ,101,0.95,0.1,0.08482781978222109,0.44291782349610337,-0.1542253283708047
commons-configuration,RASZZ,101,0.95,0.25,0.07765602683636268,0.42063224665700144,-0.1542253283708047
commons-configuration,RASZZ,101,0.99,0.0,0.07433633036609216,0.5286689783554792,-0.1110055957550662
commons-configuration,RASZZ,101,0.99,0.05,0.0822936651877641,0.5381520483918483,-0.1110055957550662
commons-configuration,RASZZ,101,0.99,0.1,0.08358730852643088,0.5394502605936646,-0.1110055957550662
commons-configuration,RASZZ,101,0.99,0.25,0.07720443483106011,0.5333762749631518,-0.1110055957550662
commons-configuration,RASZZ,101,0.995,0.0,0.08217137289051377,0.5547312940059227,-0.07154352912316
commons-configuration,RASZZ,101,0.995,0.05,0.09076302833202966,0.5656861614143045,-0.07154352912316
commons-configuration,RASZZ,101,0.995,0.1,0.09332047627576125,0.5688033583333066,-0.07154352912316
commons-configuration,RASZZ,101,0.995,0.25,0.09091063332453504,0.5696508290420661,-0.07154352912316
commons-configuration,RASZZ,101,0.999,0.0,0.09743306119326377,0.5699506531695666,0.06020657345767654
commons-configuration,RASZZ,101,0.999,0.05,0.1070285483189961,0.58181389731783,0.06020657345767654
commons-configuration,RASZZ,101,0.999,0.1,0.11121420864243357,0.586129856119767,0.06020657345767654
commons-configuration,RASZZ,101,0.999,0.25,0.11522385949766656,0.5922747203823973,0.06020657345767654
commons-configuration,RASZZ,123,0.9,0.0,0.049882530445130004,0.3855725620751561,-0.24193180940961262
commons-configuration,RASZZ,123,0.9,0.05,0.05589629053620869,0.3888071654252231,-0.24193180940961262
commons-configuration,RASZZ,123,0.9,0.1,0.061399164579805134,0.38677205656919106,-0.24193180940961262
commons-configuration,RASZZ,123,0.9,0.25,0.06559122559135092,0.3715424870781078,-0.24193180940961262
commons-configuration,RASZZ,123,0.95,0.0,0.046279290836803884,0.42460067403073054,-0.21544349902851317
commons-configuration,RASZZ,123,0.95,0.05,0.05199809364159719,0.4286696636197219,-0.21544349902851317
commons-configuration,RASZZ,123,0.95,0.1,0.05670520419811185,0.4279304470937557,-0.21544349902851317
commons-configuration,RASZZ,123,0.95,0.25,0.06131085581316189,0.414339218629667,-0.21544349902851317
commons-configuration,RASZZ,123,0.99,0.0,0.04539560611046056,0.5083799626825318,-0.12599001131195772
commons-configuration,RASZZ,123,0.99,0.05,0.05170946050744292,0.5166737625945559,-0.12599001131195772
commons-configuration,RASZZ,123,0.99,0.1,0.056202190084667224,0.5198797069026724,-0.12599001131195772
commons-configuration,RASZZ,123,0.99,0.25,0.06687700834017786,0.5241363638380311,-0.12599001131195772
commons-configuration,RASZZ,123,0.995,0.0,0.05022381722494507,0.5315519216327086,-0.08115640606559954
commons-configuration,RASZZ,123,0.995,0.05,0.0570083384397914,0.5411656687667848,-0.08115640606559954
commons-configuration,RASZZ,123,0.995,0.1,0.06187890785489655,0.5456334675720118,-0.08115640606559954
commons-configuration,RASZZ,123,0.995,0.25,0.07531909725594399,0.5559909830995237,-0.08115640606559954
commons-configuration,RASZZ,123,0.999,0.0,0.05281887812175463,0.5376461086008935,0.03940209642385266
commons-configuration,RASZZ,123,0.999,0.05,0.0599419924863779,0.5476919209162903,0.03940209642385266
commons-configuration,RASZZ,123,0.999,0.1,0.06510965777554678,0.5524899995249393,0.03940209642385266
commons-configuration,RASZZ,123,0.999,0.25,0.08065855209190868,0.5653099614044753,0.03940209642385266
commons-configuration,RASZZ,202,0.9,0.0,0.03687916739379078,0.3711450290624876,0.011400189221688147
commons-configuration,RASZZ,202,0.9,0.05,0.04264541747431142,0.37415431554466666,0.011400189221688147
commons-configuration,RASZZ,202,0.9,0.1,0.04178650456240911,0.367294951462408,0.011400189221688147
commons-configuration,RASZZ,202,0.9,0.25,0.04279655299158433,0.34516073383737145,0.011400189221688147
commons-configuration,RASZZ,202,0.95,0.0,0.035625333872956584,0.4177534482056689,0.025827962306710688
commons-configuration,RASZZ,202,0.95,0.05,0.04121944896963368,0.4219303173336208,0.025827962306710688
commons-configuration,RASZZ,202,0.95,0.1,0.040480755219286464,0.4176848013188521,0.025827962306710688
commons-configuration,RASZZ,202,0.95,0.25,0.042595325624136315,0.4006538160958044,0.025827962306710688
commons-configuration,RASZZ,202,0.99,0.0,0.03622252716089358,0.5048170862861847,0.0027177410354200875
commons-configuration,RASZZ,202,0.99,0.05,0.04249241241360497,0.5133325817721914,0.0027177410354200875
commons-configuration,RASZZ,202,0.99,0.1,0.04341485674767064,0.5144721235533843,0.0027177410354200875
commons-configuration,RASZZ,202,0.99,0.25,0.05031741953535657,0.5166810687023795,0.0027177410354200875
commons-configuration,RASZZ,202,0.995,0.0,0.04009907366005278,0.5234051896468019,-0.0038907621083518755
commons-configuration,RASZZ,202,0.995,0.05,0.046786661530996,0.5329893030463307,-0.0038907621083518755
commons-configuration,RASZZ,202,0.995,0.1,0.048457492389311525,0.5353878993926081,-0.0038907621083518755
commons-configuration,RASZZ,202,0.995,0.25,0.057547391818809975,0.5426023939945674,-0.0038907621083518755
commons-configuration,RASZZ,202,0.999,0.0,0.04518106358407281,0.5310449113358523,0.05318342296782057
commons-configuration,RASZZ,202,0.999,0.05,0.052332847233856554,0.5411301255685558,0.05318342296782057
commons-configuration,RASZZ,202,0.999,0.1,0.05481482273554101,0.5441763056186674,0.05318342296782057
commons-configuration,RASZZ,202,0.999,0.25,0.06616364332138125,0.5540363756445595,0.05318342296782057
commons-configuration,RASZZ,314,0.9,0.0,0.05001909107949498,0.3848046628705304,0.0024192672388918543
commons-configuration,RASZZ,314,0.9,0.05,0.055827520075947136,0.3877107960315589,0.0024192672388918543
commons-configuration,RASZZ,314,0.9,0.1,0.05638816380755715,0.38210957412971414,0.0024192672388918543
commons-configuration,RASZZ,314,0.9,0.25,0.06263789981263068,0.36841385271429433,0.0024192672388918543
commons-configuration,RASZZ,314,0.95,0.0,0.048501727337770355,0.43783861577562466,0.02002102970815329
commons-configuration,RASZZ,314,0.95,0.05,0.05421459251104887,0.44245605363590196,0.02002102970815329
commons-configuration,RASZZ,314,0.95,0.1,0.05437884126407369,0.43952384321019133,0.02002102970815329
commons-configuration,RASZZ,314,0.95,0.25,0.06156270735400555,0.4306283876779795,0.02002102970815329
commons-configuration,RASZZ,314,0.99,0.0,0.04903881354458475,0.5316821277956042,0.04965490438711315
commons-configuration,RASZZ,314,0.99,0.05,0.05549704541056689,0.5411447032370815,0.04965490438711315
commons-configuration,RASZZ,314,0.99,0.1,0.056915269344040315,0.5435845933776042,0.04965490438711315
commons-configuration,RASZZ,314,0.99,0.25,0.06672413376395447,0.5519399482363186,0.04965490438711315
commons-configuration,RASZZ,314,0.995,0.0,0.0500506538692114,0.5408556996888603,0.033693685591421454
commons-configuration,RASZZ,314,0.995,0.05,0.05678795917785892,0.5509172080888135,0.033693685591421454
commons-configuration,RASZZ,314,0.995,0.1,0.058723261231576986,0.5540058409100937,0.033693685591421454
commons-configuration,RASZZ,314,0.995,0.25,0.06893363102240652,0.5643170209982893,0.033693685591421454
commons-configuration,RASZZ,314,0.999,0.0,0.04869499371431884,0.5346598140160319,0.05878816975397357
commons-configuration,RASZZ,314,0.999,0.05,0.055570330767887186,0.544518991471842,0.05878816975397357
commons-configuration,RASZZ,314,0.999,0.1,0.05789100988926587,0.5474032795232957,0.05878816975397357
commons-configuration,RASZZ,314,0.999,0.25,0.06806452897146084,0.5565793014942843,0.05878816975397357
commons-configuration,RASZZ,999,0.9,0.0,0.0418064189806996,0.3879797195468691,0.011474714546372996
commons-configuration,RASZZ,999,0.9,0.05,0.04782932612728132,0.39186591320367825,0.011474714546372996
commons-configuration,RASZZ,999,0.9,0.1,0.052106311488254765,0.3898515478418395,0.011474714546372996
commons-configuration,RASZZ,999,0.9,0.25,0.06463303126781539,0.3834613532677467,0.011474714546372996
commons-configuration,RASZZ,999,0.95,0.0,0.045034932357390624,0.44037859346339475,0.034726135959548377
commons-configuration,RASZZ,999,0.95,0.05,0.0511191868141613,0.44573399047826884,0.034726135959548377
commons-configuration,RASZZ,999,0.95,0.1,0.05566044903510906,0.44604881817250835,0.034726135959548377
commons-configuration,RASZZ,999,0.95,0.25,0.06959261010724745,0.44294397885306813,0.034726135959548377
commons-configuration,RASZZ,999,0.99,0.0,0.04758572300775364,0.5287842932020913,0.05282944472123175
commons-configuration,RASZZ,999,0.99,0.05,0.054447509131709586,0.5385482236218974,0.05282944472123175
commons-configuration,RASZZ,999,0.99,0.1,0.05927542473573814,0.5431612460993607,0.05282944472123175
commons-configuration,RASZZ,999,0.99,0.25,0.07721172791836584,0.556773783274327,0.05282944472123175
commons-configuration,RASZZ,999,0.995,0.0,0.04684475587293923,0.5384722604409274,0.03154359044686142
commons-configuration,RASZZ,999,0.995,0.05,0.05388372158095895,0.5488412069499384,0.03154359044686142
commons-configuration,RASZZ,999,0.995,0.1,0.05881080046588064,0.5539524099425154,0.03154359044686142
commons-configuration,RASZZ,999,0.995,0.25,0.07679329372774303,0.569639585150788,0.03154359044686142
commons-configuration,RASZZ,999,0.999,0.0,0.039288833438111494,0.5284334484505043,0.06194816203873193
commons-configuration,RASZZ,999,0.999,0.05,0.04613369496809988,0.5383826334201472,0.06194816203873193
commons-configuration,RASZZ,999,0.999,0.1,0.05080450482586413,0.5429060451438491,0.06194816203873193
commons-configuration,RASZZ,999,0.999,0.25,0.06714244988650668,0.556484458420591,0.06194816203873193
commons-dbcp,oracle,7,0.9,0.0,0.05963118085174279,0.4630483584117127,1.7293498898607387e-06
commons-dbcp,oracle,7,0.9,0.05,0.05635416389333267,0.4689710049330498,1.7293498898607387e-06
commons-dbcp,oracle,7,0.9,0.1,0.038014896040633066,0.45132637501457507,1.7293498898607387e-06
commons-dbcp,oracle,7,0.9,0.25,0.05572724054302733,0.4854373394893713,1.7293498898607387e-06
commons-dbcp,oracle,7,0.95,0.0,0.060380254125241686,0.482405149386484,0.0005176160847670755
commons-dbcp,oracle,7,0.95,0.05,0.057218970431657475,0.48995346053255256,0.0005176160847670755
commons-dbcp,oracle,7,0.95,0.1,0.04070151137170844,0.4753549384605916,0.0005176160847670755
commons-dbcp,oracle,7,0.95,0.25,0.05516916659013687,0.5035698068992522,0.0005176160847670755
commons-dbcp,oracle,7,0.99,0.0,0.05596058359440521,0.5091837897064923,0.0004887215600977136
commons-dbcp,oracle,7,0.99,0.05,0.052570824711180165,0.5189599834860337,0.0004887215600977136
commons-dbcp,oracle,7,0.99,0.1,0.03984912103273886,0.5101240942320115,0.0004887215600977136
commons-dbcp,oracle,7,0.99,0.25,0.034130752728639774,0.5061082887688818,0.0004887215600977136
commons-dbcp,oracle,7,0.995,0.0,0.05392602979968729,0.5071033696708628,-0.027576002334082035
commons-dbcp,oracle,7,0.995,0.05,0.05043346366388476,0.5169189889453705,-0.027576002334082035
commons-dbcp,oracle,7,0.995,0.1,0.03821424374940646,0.5086766937920351,-0.027576002334082035
commons-dbcp,oracle,7,0.995,0.25,0.026464759083693824,0.4980176339821473,-0.027576002334082035
commons-dbcp,oracle,7,0.999,0.0,0.06458814429590624,0.5163792964363274,-0.019821327106155178
commons-dbcp,oracle,7,0.999,0.05,0.0616510838080609,0.5268011728925431,-0.019821327106155178
commons-dbcp,oracle,7,0.999,0.1,0.05054721165561221,0.5196896077341235,-0.019821327106155178
commons-dbcp,oracle,7,0.999,0.25,0.03671348982886274,0.5072345154802861,-0.019821327106155178
commons-dbcp,oracle,13,0.9,0.0,0.05874114512520486,0.46934470686691204,1.6969089667433196e-06
commons-dbcp,oracle,13,0.9,0.05,0.05478602082525026,0.4751253280285871,1.6969089667433196e-06
commons-dbcp,oracle,13,0.9,0.1,0.03778704427760579,0.45823770686551335,1.6969089667433196e-06
commons-dbcp,oracle,13,0.9,0.25,0.05211747297012079,0.4889483841814535,1.6969089667433196e-06
commons-dbcp,oracle,13,0.95,0.0,0.06113053755586842,0.4887209120291424,0.0005163452634753074
commons-dbcp,oracle,13,0.95,0.05,0.05744089754961577,0.49627959245085057,0.0005163452634753074
commons-dbcp,oracle,13,0.95,0.1,0.041598449172702556,0.4822278759170316,0.0005163452634753074
commons-dbcp,oracle,13,0.95,0.25,0.052758598511809425,0.5079936907772479,0.0005163452634753074
commons-dbcp,oracle,13,0.99,0.0,0.061984639182312416,0.5174462159428417,0.0023145332738971586
commons-dbcp,oracle,13,0.99,0.05,0.058466912953478674,0.5274728384931059,0.0023145332738971586
commons-dbcp,oracle,13,0.99,0.1,0.04586349265140576,0.5190201610777594,0.0023145332738971586
commons-dbcp,oracle,13,0.99,0.25,0.037440177098124715,0.5141580368562733,0.0023145332738971586
commons-dbcp,oracle,13,0.995,0.0,0.06240442796312768,0.5167852403836846,-0.023042502634875894
commons-dbcp,oracle,13,0.995,0.05,0.05892956830918902,0.5269404704679482,-0.023042502634875894
commons-dbcp,oracle,13,0.995,0.1,0.0468752313429754,0.5191349008380111,-0.023042502634875894
commons-dbcp,oracle,13,0.995,0.25,0.03297243893304637,0.5081363506263259,-0.023042502634875894
commons-dbcp,oracle,13,0.999,0.0,0.07592274975258254,0.5275675439035196,-0.012128549542143869
commons-dbcp,oracle,13,0.999,0.05,0.07316625998889008,0.5384190463024656,-0.012128549542143869
commons-dbcp,oracle,13,0.999,0.1,0.062323101674262825,0.5318119985036549,-0.012128549542143869
commons-dbcp,oracle,13,0.999,0.25,0.04704967070365787,0.5195595483502707,-0.012128549542143869
commons-dbcp,oracle,21,0.9,0.0,0.04153804101456086,0.4585934245713589,1.6863239720335258e-06
commons-dbcp,oracle,21,0.9,0.05,0.036693100984745354,0.4638179449246433,1.6863239720335258e-06
commons-dbcp,oracle,21,0.9,0.1,0.030873332982825054,0.4610589947124521,1.6863239720335258e-06
commons-dbcp,oracle,21,0.9,0.25,0.042303996509685235,0.4885659099068934,1.6863239720335258e-06
commons-dbcp,oracle,21,0.95,0.0,0.04288370685103987,0.4816321003670567,0.0005072531666584396
commons-dbcp,oracle,21,0.95,0.05,0.03825026525660643,0.48882411811658805,0.0005072531666584396
commons-dbcp,oracle,21,0.95,0.1,0.03190965138108805,0.48462039414580815,0.0005072531666584396
commons-dbcp,oracle,21,0.95,0.25,0.04410740046344976,0.5073367812434779,0.0005072531666584396
commons-dbcp,oracle,21,0.99,0.0,0.035606544381598174,0.4955619085095849,0.0021596569319430963
commons-dbcp,oracle,21,0.99,0.05,0.030724433938934387,0.5044565841236461,0.0021596569319430963
commons-dbcp,oracle,21,0.99,0.1,0.022095659324552486,0.49924897130878826,0.0021596569319430963
commons-dbcp,oracle,21,0.99,0.25,0.02755976799227809,0.5057849601096297,0.0021596569319430963
commons-dbcp,oracle,21,0.995,0.0,0.029302826691508688,0.4876571453630082,-0.025244615529727003
commons-dbcp,oracle,21,0.995,0.05,0.024115815247658698,0.496305749842754,-0.025244615529727003
commons-dbcp,oracle,21,0.995,0.1,0.014929968748075692,0.4906659346907885,-0.025244615529727003
commons-dbcp,oracle,21,0.995,0.25,0.01586274328234009,0.4916213315197441,-0.025244615529727003
commons-dbcp,oracle,21,0.999,0.0,0.03047597717122838,0.48727994587568413,-0.02696850269900159
commons-dbcp,oracle,21,0.999,0.05,0.0253687922740176,0.49604760699732825,-0.02696850269900159
commons-dbcp,oracle,21,0.999,0.1,0.016127213413360757,0.490466933124457,-0.02696850269900159
commons-dbcp,oracle,21,0.999,0.25,0.014203851052348372,0.48840947634111453,-0.02696850269900159
commons-dbcp,oracle,42,0.9,0.0,0.04488757466936446,0.46183304457996555,1.6863239724085219e-06
commons-dbcp,oracle,42,0.9,0.05,0.040847957391176144,0.46769283004103984,1.6863239724085219e-06
commons-dbcp,oracle,42,0.9,0.1,0.03552517272189535,0.46527420062708835,1.6863239724085219e-06
commons-dbcp,oracle,42,0.9,0.25,0.04791153544336284,0.49313439706344236,1.6863239724085219e-06
commons-dbcp,oracle,42,0.95,0.0,0.046697835109782565,0.48547808112552976,0.0005072559601181238
commons-dbcp,oracle,42,0.95,0.05,0.04282884008781253,0.4931853370167213,0.0005072559601181238
commons-dbcp,oracle,42,0.95,0.1,0.037248030782964306,0.4894571874620757,0.0005072559601181238
commons-dbcp,oracle,42,0.95,0.25,0.05040087540441591,0.5127510503939294,0.0005072559601181238
commons-dbcp,oracle,42,0.99,0.0,0.04084513363527808,0.502550875241943,0.002519656079425811
commons-dbcp,oracle,42,0.99,0.05,0.03667354113347749,0.5119839872388352,0.002519656079425811
commons-dbcp,oracle,42,0.99,0.1,0.029185573245352557,0.50751823494653,0.002519656079425811
commons-dbcp,oracle,42,0.99,0.25,0.03612667311572334,0.5157091806838447,0.002519656079425811
commons-dbcp,oracle,42,0.995,0.0,0.03542654844912015,0.49608337000894265,-0.022715813994318285
commons-dbcp,oracle,42,0.995,0.05,0.030977112588288294,0.5053289893009371,-0.022715813994318285
commons-dbcp,oracle,42,0.995,0.1,0.023014441682263492,0.5005166068820497,-0.022715813994318285
commons-dbcp,oracle,42,0.995,0.25,0.02581957161505327,0.5035810320191608,-0.022715813994318285
commons-dbcp,oracle,42,0.999,0.0,0.03705128140420883,0.4963085725873651,-0.01985795230861656
commons-dbcp,oracle,42,0.999,0.05,0.03268990042196533,0.5056923081548415,-0.01985795230861656
commons-dbcp,oracle,42,0.999,0.1,0.024718576515627363,0.5009727545476086,-0.01985795230861656
commons-dbcp,oracle,42,0.999,0.25,0.02498233893209036,0.5012847356486052,-0.01985795230861656
commons-dbcp,oracle,77,0.9,0.0,0.05807537490024159,0.4709691155218529,1.6757713262764428e-06
commons-dbcp,oracle,77,0.9,0.05,0.05393254997690599,0.4769631606711968,1.6757713262764428e-06
commons-dbcp,oracle,77,0.9,0.1,0.037755100151902074,0.4606148284928131,1.6757713262764428e-06
commons-dbcp,oracle,77,0.9,0.25,0.05012884276556346,0.48665046806166673,1.6757713262764428e-06
commons-dbcp,oracle,77,0.95,0.0,0.06058892347645137,0.49393693290672175,0.0005111903434403764
commons-dbcp,oracle,77,0.95,0.05,0.05663223169141862,0.5017700638649947,0.0005111903434403764
commons-dbcp,oracle,77,0.95,0.1,0.04185366238243753,0.48854123547029166,0.0005111903434403764
commons-dbcp,oracle,77,0.95,0.25,0.0507560731537496,0.5064067019219876,0.0005111903434403764
commons-dbcp,oracle,77,0.99,0.0,0.05687303024120183,0.5171272588924669,0.0016005575966135614
commons-dbcp,oracle,77,0.99,0.05,0.05274137954549812,0.5270706858100592,0.0016005575966135614
commons-dbcp,oracle,77,0.99,0.1,0.040870663824341597,0.5190102195382948,0.0016005575966135614
commons-dbcp,oracle,77,0.99,0.25,0.037115409547173565,0.5155153417260336,0.0016005575966135614
commons-dbcp,oracle,77,0.995,0.0,0.05499035144523181,0.5160838567246356,-0.023567152904522538
commons-dbcp,oracle,77,0.995,0.05,0.05077016662059262,0.526131813794553,-0.023567152904522538
commons-dbcp,oracle,77,0.995,0.1,0.039262844780399826,0.5186630581715806,-0.023567152904522538
commons-dbcp,oracle,77,0.995,0.25,0.0314048709801945,0.5108061795596975,-0.023567152904522538
commons-dbcp,oracle,77,0.999,0.0,0.06458939150806632,0.525880508617899,-0.011512136180042815
commons-dbcp,oracle,77,0.999,0.05,0.06087564978428859,0.5365711272337832,-0.011512136180042815
commons-dbcp,oracle,77,0.999,0.1,0.0503016209205284,0.5302140692931702,-0.011512136180042815
commons-dbcp,oracle,77,0.999,0.25,0.04141793555844896,0.5218634824661672,-0.011512136180042815
commons-dbcp,oracle,101,0.9,0.0,0.061788229761393754,0.4680180827501976,1.6351971294425312e-06
commons-dbcp,oracle,101,0.9,0.05,0.05799071328744891,0.473730085423077,1.6351971294425312e-06
commons-dbcp,oracle,101,0.9,0.1,0.040770411281347674,0.45678219331907227,1.6351971294425312e-06
commons-dbcp,oracle,101,0.9,0.25,0.06078647752629216,0.4931702978467641,1.6351971294425312e-06
commons-dbcp,oracle,101,0.95,0.0,0.0627327425916365,0.48714224700111936,0.00048407127219715537
commons-dbcp,oracle,101,0.95,0.05,0.05912597525964771,0.49461927233517117,0.00048407127219715537
commons-dbcp,oracle,101,0.95,0.1,0.043335905094662126,0.4805143305746096,0.00048407127219715537
commons-dbcp,oracle,101,0.95,0.25,0.060038266612177926,0.5110946914259679,0.00048407127219715537
commons-dbcp,oracle,101,0.99,0.0,0.059017426449312446,0.5158334051164825,0.00043780362053372776
commons-dbcp,oracle,101,0.99,0.05,0.05534622369980629,0.5257766064171073,0.00043780362053372776
commons-dbcp,oracle,101,0.99,0.1,0.042732018404832255,0.5172972052646975,0.00043780362053372776
commons-dbcp,oracle,101,0.99,0.25,0.03927652616540204,0.5158300846001357,0.00043780362053372776
commons-dbcp,oracle,101,0.995,0.0,0.057820815753074156,0.5142487988919567,-0.024827607212986255
commons-dbcp,oracle,101,0.995,0.05,0.054108872708960316,0.5242728337266481,-0.024827607212986255
commons-dbcp,oracle,101,0.995,0.1,0.04196026567539237,0.516386755674806,-0.024827607212986255
commons-dbcp,oracle,101,0.995,0.25,0.03261704221109509,0.5083023706766873,-0.024827607212986255
commons-dbcp,oracle,101,0.999,0.0,0.06872672987681074,0.5234582035922348,-0.013783018714871208
commons-dbcp,oracle,101,0.999,0.05,0.06559803218850939,0.5340971539061143,-0.013783018714871208
commons-dbcp,oracle,101,0.999,0.1,0.05451359795852958,0.5273167791670733,-0.013783018714871208
commons-dbcp,oracle,101,0.999,0.25,0.04305842745516405,0.5173197531275674,-0.013783018714871208
commons-dbcp,oracle,123,0.9,0.0,0.05867867050138714,0.4646134738558589,1.786416897218993e-06
commons-dbcp,oracle,123,0.9,0.05,0.055352385766234476,0.47061707462430685,1.786416897218993e-06
commons-dbcp,oracle,123,0.9,0.1,0.0369573443989641,0.4530640888428187,1.786416897218993e-06
commons-dbcp,oracle,123,0.9,0.25,0.053856016744605544,0.48690557691077524,1.786416897218993e-06
commons-dbcp,oracle,123,0.95,0.0,0.060299239955618665,0.4848749159496119,0.0005446202137231915
commons-dbcp,oracle,123,0.95,0.05,0.05713376587395049,0.49255097364204914,0.0005446202137231915
commons-dbcp,oracle,123,0.95,0.1,0.04061156309130258,0.4780970668609811,0.0005446202137231915
commons-dbcp,oracle,123,0.95,0.25,0.054552405498146016,0.506367349295123,0.0005446202137231915
commons-dbcp,oracle,123,0.99,0.0,0.05870793854742636,0.5144645484170995,0.00244639275997834
commons-dbcp,oracle,123,0.99,0.05,0.05546028423073689,0.524513884888569,0.00244639275997834
commons-dbcp,oracle,123,0.99,0.1,0.04289944981890903,0.5159872064192704,0.00244639275997834
commons-dbcp,oracle,123,0.99,0.25,0.0373855507318621,0.5128567751764848,0.00244639275997834
commons-dbcp,oracle,123,0.995,0.0,0.057953335712416974,0.5138445703139952,-0.02366544408520484
commons-dbcp,oracle,123,0.995,0.05,0.05466907850313495,0.5240088723803888,-0.02366544408520484
commons-dbcp,oracle,123,0.995,0.1,0.04268567440411813,0.5161613030714014,-0.02366544408520484
commons-dbcp,oracle,123,0.995,0.25,0.03142816030901036,0.5067353168446481,-0.02366544408520484
commons-dbcp,oracle,123,0.999,0.0,0.06964358701241363,0.5240000674770576,-0.01383514137008969
commons-dbcp,oracle,123,0.999,0.05,0.06696801494093935,0.534816121745725,-0.01383514137008969
commons-dbcp,oracle,123,0.999,0.1,0.056160160367623085,0.5281507850031142,-0.01383514137008969
commons-dbcp,oracle,123,0.999,0.25,0.043052962130034275,0.5171466586575558,-0.01383514137008969
commons-dbcp,oracle,202,0.9,0.0,0.06635475425764427,0.48455929622980354,1.7134838001180365e-06
commons-dbcp,oracle,202,0.9,0.05,0.06342550833747042,0.4915945774658694,1.7134838001180365e-06
commons-dbcp,oracle,202,0.9,0.1,0.04719775822841168,0.4757594068693488,1.7134838001180365e-06
commons-dbcp,oracle,202,0.9,0.25,0.04996327967158833,0.4817233899533172,1.7134838001180365e-06
commons-dbcp,oracle,202,0.95,0.0,0.06977158574385084,0.5033746844605123,0.0004985458779078237
commons-dbcp,oracle,202,0.95,0.05,0.06709606058226367,0.5120076267310995,0.0004985458779078237
commons-dbcp,oracle,202,0.95,0.1,0.05237362787043661,0.49909461172263464,0.0004985458779078237
commons-dbcp,oracle,202,0.95,0.25,0.05027700879950167,0.500434908360645,0.0004985458779078237
commons-dbcp,oracle,202,0.99,0.0,0.06998456763321126,0.5227225967854099,-0.0014167174676992264
commons-dbcp,oracle,202,0.99,0.05,0.06732018723475204,0.533199073689723,-0.0014167174676992264
commons-dbcp,oracle,202,0.99,0.1,0.056104617543483476,0.5254158873284153,-0.0014167174676992264
commons-dbcp,oracle,202,0.99,0.25,0.03793344513193011,0.5106495233043382,-0.0014167174676992264
commons-dbcp,oracle,202,0.995,0.0,0.07144687546967629,0.5225074059416948,-0.028668276762316675
commons-dbcp,oracle,202,0.995,0.05,0.06886055997197665,0.5331197857129695,-0.028668276762316675
commons-dbcp,oracle,202,0.995,0.1,0.05827997260964354,0.5260083106120543,-0.028668276762316675
commons-dbcp,oracle,202,0.995,0.25,0.03672042023457213,0.5080924803519918,-0.028668276762316675
commons-dbcp,oracle,202,0.999,0.0,0.08859569010797129,0.5363002421732125,-0.013062152214292997
commons-dbcp,oracle,202,0.999,0.05,0.08690039923109484,0.5477525123744394,-0.013062152214292997
commons-dbcp,oracle,202,0.999,0.1,0.07775892029158012,0.5420116986420264,-0.013062152214292997
commons-dbcp,oracle,202,0.999,0.25,0.0573233096427931,0.5255727064078494,-0.013062152214292997
commons-dbcp,oracle,314,0.9,0.0,0.0765843193622727,0.49428917922951887,1.7607266082273558e-06
commons-dbcp,oracle,314,0.9,0.05,0.07418418887854515,0.5018277302759149,1.7607266082273558e-06
commons-dbcp,oracle,314,0.9,0.1,0.05855542312509228,0.4865622855317737,1.7607266082273558e-06
commons-dbcp,oracle,314,0.9,0.25,0.07959171972756575,0.527386580896975,1.7607266082273558e-06
commons-dbcp,oracle,314,0.95,0.0,0.07698598003548728,0.5130957124795542,0.0005365438034258142
commons-dbcp,oracle,314,0.95,0.05,0.07468361319932956,0.5222314665442298,0.0005365438034258142
commons-dbcp,oracle,314,0.95,0.1,0.06038361382378455,0.5098876588915281,0.0005365438034258142
commons-dbcp,oracle,314,0.95,0.25,0.07813288088568726,0.5448185171094869,0.0005365438034258142
commons-dbcp,oracle,314,0.99,0.0,0.07518965308541625,0.5337946114815979,0.004061304192611038
commons-dbcp,oracle,314,0.99,0.05,0.0727945012448297,0.544843778801231,0.004061304192611038
commons-dbcp,oracle,314,0.99,0.1,0.06188371134855474,0.5377089057866025,0.004061304192611038
commons-dbcp,oracle,314,0.99,0.25,0.06060252611720619,0.5392664733619071,0.004061304192611038
commons-dbcp,oracle,314,0.995,0.0,0.07467353313136593,0.533586805792703,-0.016125516532138316
commons-dbcp,oracle,314,0.995,0.05,0.07225411371961574,0.5447722579700646,-0.016125516532138316
commons-dbcp,oracle,314,0.995,0.1,0.061862460827172616,0.5383095286479169,-0.016125516532138316
commons-dbcp,oracle,314,0.995,0.25,0.05509819237586237,0.533740583388373,-0.016125516532138316
commons-dbcp,oracle,314,0.999,0.0,0.08470072806376454,0.5413608768887072,0.0024613455128007665
commons-dbcp,oracle,314,0.999,0.05,0.08280397363287736,0.5530749040579771,0.0024613455128007665
commons-dbcp,oracle,314,0.999,0.1,0.07343442817183449,0.5476304119182235,0.0024613455128007665
commons-dbcp,oracle,314,0.999,0.25,0.0646371236525399,0.541024476797281,0.0024613455128007665
commons-dbcp,oracle,999,0.9,0.0,0.06563715192777042,0.47855995968798526,1.6369969900918112e-06
commons-dbcp,oracle,999,0.9,0.05,0.062038717634845066,0.48481723185764686,1.6369969900918112e-06
commons-dbcp,oracle,999,0.9,0.1,0.04370092003283314,0.4679199721131936,1.6369969900918112e-06
commons-dbcp,oracle,999,0.9,0.25,0.04852751026295421,0.47799308622685494,1.6369969900918112e-06
commons-dbcp,oracle,999,0.95,0.0,0.06805108564568627,0.4981373807909485,0.0004795972867358333
commons-dbcp,oracle,999,0.95,0.05,0.06471940502338971,0.5061831199417155,0.0004795972867358333
commons-dbcp,oracle,999,0.95,0.1,0.047991356342113656,0.492226939505725,0.0004795972867358333
commons-dbcp,oracle,999,0.95,0.25,0.048533813891227656,0.4969542689213619,0.0004795972867358333
commons-dbcp,oracle,999,0.99,0.0,0.06645395136786597,0.5193661521001767,-0.0024473231943728567
commons-dbcp,oracle,999,0.99,0.05,0.06316739645897464,0.5294920816930617,-0.0024473231943728567
commons-dbcp,oracle,999,0.99,0.1,0.05010240589974567,0.5208938628767876,-0.0024473231943728567
commons-dbcp,oracle,999,0.99,0.25,0.035055453508320775,0.5080092969374458,-0.0024473231943728567
commons-dbcp,oracle,999,0.995,0.0,0.0672325541995341,0.5193031924265087,-0.03045761843884899
commons-dbcp,oracle,999,0.995,0.05,0.06400742521299575,0.5295886614095392,-0.03045761843884899
commons-dbcp,oracle,999,0.995,0.1,0.05158784845762386,0.5217035069978221,-0.03045761843884899
commons-dbcp,oracle,999,0.995,0.25,0.03262942475646368,0.5052546797521326,-0.03045761843884899
commons-dbcp,oracle,999,0.999,0.0,0.08331403386139091,0.53287442270704,-0.016145282632078085
commons-dbcp,oracle,999,0.999,0.05,0.08093985189642992,0.5440004188372027,-0.016145282632078085
commons-dbcp,oracle,999,0.999,0.1,0.06994024099186807,0.5375014888114474,-0.016145282632078085
commons-dbcp,oracle,999,0.999,0.25,0.05133294953196766,0.5220364124917115,-0.016145282632078085
commons-dbcp,BSZZ,7,0.9,0.0,0.06323897769900347,0.4191702903089966,2.143644992201531e-06
commons-dbcp,BSZZ,7,0.9,0.05,0.05820590471467584,0.41810806080671997,2.143644992201531e-06
commons-dbcp,BSZZ,7,0.9,0.1,0.04754074879515686,0.4020907118322342,2.143644992201531e-06
commons-dbcp,BSZZ,7,0.9,0.25,0.07591704959802606,0.4169826100700679,2.143644992201531e-06
commons-dbcp,BSZZ,7,0.95,0.0,0.06376323171354506,0.4539873673558282,0.0005609924862409853
commons-dbcp,BSZZ,7,0.95,0.05,0.06042222474067069,0.45543000369598813,0.0005609924862409853
commons-dbcp,BSZZ,7,0.95,0.1,0.049141870979562595,0.4414216883303563,0.0005609924862409853
commons-dbcp,BSZZ,7,0.95,0.25,0.07418547119186492,0.4534722860971874,0.0005609924862409853
commons-dbcp,BSZZ,7,0.99,0.0,0.061749900158532024,0.5097567250662909,0.024021671421213846
commons-dbcp,BSZZ,7,0.99,0.05,0.060764874834359585,0.515092972173652,0.024021671421213846
commons-dbcp,BSZZ,7,0.99,0.1,0.04989762408318291,0.505991319141306,0.024021671421213846
commons-dbcp,BSZZ,7,0.99,0.25,0.05420849107453325,0.5058392467790136,0.024021671421213846
commons-dbcp,BSZZ,7,0.995,0.0,0.05836296226429029,0.516564989930201,0.021825138331861747
commons-dbcp,BSZZ,7,0.995,0.05,0.05758853353597073,0.5224092472725519,0.021825138331861747
commons-dbcp,BSZZ,7,0.995,0.1,0.04684756606318193,0.5141549307185456,0.021825138331861747
commons-dbcp,BSZZ,7,0.995,0.25,0.043949741748985555,0.5100205063414353,0.021825138331861747
commons-dbcp,BSZZ,7,0.999,0.0,0.060486221403364245,0.5280283829590725,0.015688363543160826
commons-dbcp,BSZZ,7,0.999,0.05,0.0601414738392552,0.5345950596075425,0.015688363543160826
commons-dbcp,BSZZ,7,0.999,0.1,0.04984922039018513,0.527409956011282,0.015688363543160826
commons-dbcp,BSZZ,7,0.999,0.25,0.0419887412296905,0.5215898361465856,0.015688363543160826
commons-dbcp,BSZZ,13,0.9,0.0,0.02798908297929849,0.38364579868174203,2.210232071975904e-06
commons-dbcp,BSZZ,13,0.9,0.05,0.021324083139942534,0.3808882457235865,2.210232071975904e-06
commons-dbcp,BSZZ,13,0.9,0.1,0.01046032063606143,0.36350067953403764,2.210232071975904e-06
commons-dbcp,BSZZ,13,0.9,0.25,0.02341693286413385,0.36113318626480695,2.210232071975904e-06
commons-dbcp,BSZZ,13,0.95,0.0,0.03006924327123708,0.42315286943692565,0.0005712429388276847
commons-dbcp,BSZZ,13,0.95,0.05,0.02514766575951015,0.4231407594707564,0.0005712429388276847
commons-dbcp,BSZZ,13,0.95,0.1,0.012987062777912964,0.4077682754206135,0.0005712429388276847
commons-dbcp,BSZZ,13,0.95,0.25,0.0244454597696728,0.40677103126437053,0.0005712429388276847
commons-dbcp,BSZZ,13,0.99,0.0,0.03311689481918883,0.4888014084734293,0.021512262041947772
commons-dbcp,BSZZ,13,0.99,0.05,0.03083471256218253,0.4932236191933336,0.021512262041947772
commons-dbcp,BSZZ,13,0.99,0.1,0.01841447058423563,0.48289404984248324,0.021512262041947772
commons-dbcp,BSZZ,13,0.99,0.25,0.01570271438524862,0.477999037915766,0.021512262041947772
commons-dbcp,BSZZ,13,0.995,0.0,0.027123563318141773,0.4931103025944788,0.008119345008769357
commons-dbcp,BSZZ,13,0.995,0.05,0.024920085393881162,0.49791392741067453,0.008119345008769357
commons-dbcp,BSZZ,13,0.995,0.1,0.01238906359370979,0.4882368393562377,0.008119345008769357
commons-dbcp,BSZZ,13,0.995,0.25,0.0028194081109432323,0.4796741658851667,0.008119345008769357
commons-dbcp,BSZZ,13,0.999,0.0,0.029063193548636117,0.5036540793670683,-0.014998770105285105
commons-dbcp,BSZZ,13,0.999,0.05,0.02728199435011019,0.5091342116245955,-0.014998770105285105
commons-dbcp,BSZZ,13,0.999,0.1,0.015133462577612852,0.5004397881738418,-0.014998770105285105
commons-dbcp,BSZZ,13,0.999,0.25,0.0011673940059326174,0.4905199258170306,-0.014998770105285105
commons-dbcp,BSZZ,21,0.9,0.0,0.04089244922318675,0.37500110417602533,2.132926983537019e-06
commons-dbcp,BSZZ,21,0.9,0.05,0.0344115578843041,0.37122463836242325,2.132926983537019e-06
commons-dbcp,BSZZ,21,0.9,0.1,0.019403883691631353,0.34983599542007554,2.132926983537019e-06
commons-dbcp,BSZZ,21,0.9,0.25,0.03525711111603062,0.34540000933909926,2.132926983537019e-06
commons-dbcp,BSZZ,21,0.95,0.0,0.038185666612533475,0.4144624300382674,0.0005507031820678383
commons-dbcp,BSZZ,21,0.95,0.05,0.033308173561686076,0.41358126131527057,0.0005507031820678383
commons-dbcp,BSZZ,21,0.95,0.1,0.017456238562059058,0.39453428943700153,0.0005507031820678383
commons-dbcp,BSZZ,21,0.95,0.25,0.029223573079109992,0.38990963055046113,0.0005507031820678383
commons-dbcp,BSZZ,21,0.99,0.0,0.0336664994796164,0.4787364112419636,0.019401641976302446
commons-dbcp,BSZZ,21,0.99,0.05,0.03116436185135401,0.48237817012277073,0.019401641976302446
commons-dbcp,BSZZ,21,0.99,0.1,0.016116234904216643,0.4690842037530761,0.019401641976302446
commons-dbcp,BSZZ,21,0.99,0.25,0.009690409347858595,0.45813565246774607,0.019401641976302446
commons-dbcp,BSZZ,21,0.995,0.0,0.028355963081308225,0.4871494520616538,0.0033497304663782264
commons-dbcp,BSZZ,21,0.995,0.05,0.025984209402960177,0.49140496151126983,0.0033497304663782264
commons-dbcp,BSZZ,21,0.995,0.1,0.011084017665402268,0.4791571213915657,0.0033497304663782264
commons-dbcp,BSZZ,21,0.995,0.25,-0.002566808505231651,0.4648689806417695,0.0033497304663782264
commons-dbcp,BSZZ,21,0.999,0.0,0.03277278408785226,0.5038887169297809,-0.020921214855764602
commons-dbcp,BSZZ,21,0.999,0.05,0.030964365477611066,0.5091569307905923,-0.020921214855764602
commons-dbcp,BSZZ,21,0.999,0.1,0.01676336803715279,0.4983840054725154,-0.020921214855764602
commons-dbcp,BSZZ,21,0.999,0.25,-0.0011755473244958988,0.48357731999894465,-0.020921214855764602
commons-dbcp,BSZZ,42,0.9,0.0,0.034124934062923204,0.41959622341815506,2.1455660093944278e-06
commons-dbcp,BSZZ,42,0.9,0.05,0.02699867983666321,0.41764797952389127,2.1455660093944278e-06
commons-dbcp,BSZZ,42,0.9,0.1,0.014699109969778678,0.40103501289442905,2.1455660093944278e-06
commons-dbcp,BSZZ,42,0.9,0.25,0.023368844196848267,0.3952319177493792,2.1455660093944278e-06
commons-dbcp,BSZZ,42,0.95,0.0,0.0367289493884064,0.45057573508981835,0.0005535865402559391
commons-dbcp,BSZZ,42,0.95,0.05,0.03153461857809031,0.45126632461739397,0.0005535865402559391
commons-dbcp,BSZZ,42,0.95,0.1,0.01809560405239026,0.4360707899136506,0.0005535865402559391
commons-dbcp,BSZZ,42,0.95,0.25,0.02246242615186217,0.43105266062989983,0.0005535865402559391
commons-dbcp,BSZZ,42,0.99,0.0,0.040123874766631464,0.4957431634272747,0.023454897974825466
commons-dbcp,BSZZ,42,0.99,0.05,0.037792364977694295,0.5000918760860402,0.023454897974825466
commons-dbcp,BSZZ,42,0.99,0.1,0.024341954949718032,0.48878704890113284,0.023454897974825466
commons-dbcp,BSZZ,42,0.99,0.25,0.01514842537906651,0.47911346838243485,0.023454897974825466
commons-dbcp,BSZZ,42,0.995,0.0,0.03595361564507909,0.4981398458344703,0.01587543769541266
commons-dbcp,BSZZ,42,0.995,0.05,0.03382100416190144,0.5028040425657199,0.01587543769541266
commons-dbcp,BSZZ,42,0.995,0.1,0.020409022012801176,0.4920708346008414,0.01587543769541266
commons-dbcp,BSZZ,42,0.995,0.25,0.005734081001444644,0.4791061510765745,0.01587543769541266
commons-dbcp,BSZZ,42,0.999,0.0,0.04020192218860842,0.5092094213735997,-0.003992867873897517
commons-dbcp,BSZZ,42,0.999,0.05,0.03863134890633531,0.5146029318684237,-0.003992867873897517
commons-dbcp,BSZZ,42,0.999,0.1,0.025773931037371075,0.5049141037288168,-0.003992867873897517
commons-dbcp,BSZZ,42,0.999,0.25,0.008034253551512749,0.4912254402032269,-0.003992867873897517
commons-dbcp,BSZZ,77,0.9,0.0,0.07338796943721357,0.4382708112290884,2.2101740389558683e-06
commons-dbcp,BSZZ,77,0.9,0.05,0.0690711878629222,0.4383386899544163,2.2101740389558683e-06
commons-dbcp,BSZZ,77,0.9,0.1,0.06092631022962641,0.4240342023987773,2.2101740389558683e-06
commons-dbcp,BSZZ,77,0.9,0.25,0.06997398606279083,0.4202081232488662,2.2101740389558683e-06
commons-dbcp,BSZZ,77,0.95,0.0,0.07563925057744494,0.47171750437533233,0.0005704698299805256
commons-dbcp,BSZZ,77,0.95,0.05,0.07307474240914257,0.47421735828528766,0.0005704698299805256
commons-dbcp,BSZZ,77,0.95,0.1,0.06348248382023977,0.4615425246735337,0.0005704698299805256
commons-dbcp,BSZZ,77,0.95,0.25,0.06867575742667752,0.4583120168267274,0.0005704698299805256
commons-dbcp,BSZZ,77,0.99,0.0,0.07714888915417001,0.5258930074459701,0.022626547883451545
commons-dbcp,BSZZ,77,0.99,0.05,0.07714422384552481,0.5322337491472126,0.022626547883451545
commons-dbcp,BSZZ,77,0.99,0.1,0.06717265067414789,0.5239444922552798,0.022626547883451545
commons-dbcp,BSZZ,77,0.99,0.25,0.06276448928294358,0.5203156957627164,0.022626547883451545
commons-dbcp,BSZZ,77,0.995,0.0,0.07603883426391023,0.532482489867626,0.021810497080614014
commons-dbcp,BSZZ,77,0.995,0.05,0.07636545656098248,0.5393226071289846,0.021810497080614014
commons-dbcp,BSZZ,77,0.995,0.1,0.06657666266623848,0.5318281447701798,0.021810497080614014
commons-dbcp,BSZZ,77,0.995,0.25,0.05897348480387019,0.5269413366133593,0.021810497080614014
commons-dbcp,BSZZ,77,0.999,0.0,0.08286684418388436,0.5439881307652507,0.029992072830307623
commons-dbcp,BSZZ,77,0.999,0.05,0.0838685924320092,0.5515545070606149,0.029992072830307623
commons-dbcp,BSZZ,77,0.999,0.1,0.07475586974729102,0.5451070230306956,0.029992072830307623
commons-dbcp,BSZZ,77,0.999,0.25,0.06598014390661679,0.540479190694716,0.029992072830307623
commons-dbcp,BSZZ,101,0.9,0.0,0.014629560903305906,0.3665503991006479,2.145565957468186e-06
commons-dbcp,BSZZ,101,0.9,0.05,0.0070339967812868345,0.3624697000013717,2.145565957468186e-06
commons-dbcp,BSZZ,101,0.9,0.1,-0.009468943101973444,0.34054560094471475,2.145565957468186e-06
commons-dbcp,BSZZ,101,0.9,0.25,0.007425170485832992,0.3488085234796305,2.145565957468186e-06
commons-dbcp,BSZZ,101,0.95,0.0,0.012704420948828394,0.40385128829288497,0.0005535333512529205
commons-dbcp,BSZZ,101,0.95,0.05,0.006704080597034357,0.40259593307778985,0.0005535333512529205
commons-dbcp,BSZZ,101,0.95,0.1,-0.01066497412235429,0.3828665136687429,0.0005535333512529205
commons-dbcp,BSZZ,101,0.95,0.25,0.0028423340811698466,0.3869286141790502,0.0005535333512529205
commons-dbcp,BSZZ,101,0.99,0.0,0.011206193366761921,0.4670102124639649,0.01767907406732317
commons-dbcp,BSZZ,101,0.99,0.05,0.007677085178197714,0.47017915807026034,0.01767907406732317
commons-dbcp,BSZZ,101,0.99,0.1,-0.00866632368110914,0.45620905322243643,0.01767907406732317
commons-dbcp,BSZZ,101,0.99,0.25,-0.016166424772848728,0.44642968290580415,0.01767907406732317
commons-dbcp,BSZZ,101,0.995,0.0,0.005943433078847269,0.4725072576588185,-0.004523876781588966
commons-dbcp,BSZZ,101,0.995,0.05,0.0025385022779322074,0.4761303824572243,-0.004523876781588966
commons-dbcp,BSZZ,101,0.995,0.1,-0.013641781702536014,0.4630491741687038,-0.004523876781588966
commons-dbcp,BSZZ,101,0.995,0.25,-0.02931017877867418,0.44819374817137553,-0.004523876781588966
commons-dbcp,BSZZ,101,0.999,0.0,0.01212824743313688,0.4887899474276086,-0.038520833910395784
commons-dbcp,BSZZ,101,0.999,0.05,0.009371066148898965,0.4933948597462249,-0.038520833910395784
commons-dbcp,BSZZ,101,0.999,0.1,-0.005996387954748657,0.4817725949418608,-0.038520833910395784
commons-dbcp,BSZZ,101,0.999,0.25,-0.02628020971554007,0.4655844864741556,-0.038520833910395784
commons-dbcp,BSZZ,123,0.9,0.0,0.04379840947919096,0.41798750347280933,2.2102315079137695e-06
commons-dbcp,BSZZ,123,0.9,0.05,0.03717250742963446,0.41595604992620006,2.2102315079137695e-06
commons-dbcp,BSZZ,123,0.9,0.1,0.023608522135201863,0.3975809295087926,2.2102315079137695e-06
commons-dbcp,BSZZ,123,0.9,0.25,0.035287284031806386,0.4011417227826241,2.2102315079137695e-06
commons-dbcp,BSZZ,123,0.95,0.0,0.046422621781369175,0.45023839702663654,0.0005711188420412447
commons-dbcp,BSZZ,123,0.95,0.05,0.04172968781896497,0.4509115380337027,0.0005711188420412447
commons-dbcp,BSZZ,123,0.95,0.1,0.026857416196844768,0.4340907368731892,0.0005711188420412447
commons-dbcp,BSZZ,123,0.95,0.25,0.03493216482176644,0.43389477502286083,0.0005711188420412447
commons-dbcp,BSZZ,123,0.99,0.0,0.052127136556822294,0.49760740074612425,0.02441816810611023
commons-dbcp,BSZZ,123,0.99,0.05,0.05041648513634327,0.5020525394731061,0.02441816810611023
commons-dbcp,BSZZ,123,0.99,0.1,0.03628464144206779,0.489671199189071,0.02441816810611023
commons-dbcp,BSZZ,123,0.99,0.25,0.029075153587122992,0.4787188910437369,0.02441816810611023
commons-dbcp,BSZZ,123,0.995,0.0,0.047315964509170784,0.5033186422675455,0.020354351022079144
commons-dbcp,BSZZ,123,0.995,0.05,0.04577106072585995,0.5082507077798162,0.020354351022079144
commons-dbcp,BSZZ,123,0.995,0.1,0.03176829686749193,0.4967281160568554,0.020354351022079144
commons-dbcp,BSZZ,123,0.995,0.25,0.018213408720375815,0.4824646185143791,0.020354351022079144
commons-dbcp,BSZZ,123,0.999,0.0,0.04879805702867667,0.5164726725060366,0.001056004919810416
commons-dbcp,BSZZ,123,0.999,0.05,0.047672111410545004,0.5222418684042625,0.001056004919810416
commons-dbcp,BSZZ,123,0.999,0.1,0.034166361297855476,0.5119648713787505,0.001056004919810416
commons-dbcp,BSZZ,123,0.999,0.25,0.016368217286415843,0.49701471021199733,0.001056004919810416
commons-dbcp,BSZZ,202,0.9,0.0,0.0647453200605567,0.43584542338101656,2.1288131744487013e-06
commons-dbcp,BSZZ,202,0.9,0.05,0.05920287890313981,0.4347376553469007,2.1288131744487013e-06
commons-dbcp,BSZZ,202,0.9,0.1,0.04637888730815436,0.41722588074842004,2.1288131744487013e-06
commons-dbcp,BSZZ,202,0.9,0.25,0.0750321763092652,0.4359650787450851,2.1288131744487013e-06
commons-dbcp,BSZZ,202,0.95,0.0,0.06669007607315743,0.46524656547952964,0.0005455147651905571
commons-dbcp,BSZZ,202,0.95,0.05,0.06304545871205262,0.4666959910617454,0.0005455147651905571
commons-dbcp,BSZZ,202,0.95,0.1,0.04918450609260419,0.4506775364866625,0.0005455147651905571
commons-dbcp,BSZZ,202,0.95,0.25,0.07371677010457343,0.4649235964441162,0.0005455147651905571
commons-dbcp,BSZZ,202,0.99,0.0,0.06504386254754732,0.5117883954201218,0.022941987301258956
commons-dbcp,BSZZ,202,0.99,0.05,0.06400131764382992,0.5169670338716209,0.022941987301258956
commons-dbcp,BSZZ,202,0.99,0.1,0.050597474320431296,0.5053930014669484,0.022941987301258956
commons-dbcp,BSZZ,202,0.99,0.25,0.05362833332786821,0.5036601423863747,0.022941987301258956
commons-dbcp,BSZZ,202,0.995,0.0,0.06133857394276597,0.5188233030175707,0.020792839630293134
commons-dbcp,BSZZ,202,0.995,0.05,0.060518977543951434,0.5245573337410497,0.020792839630293134
commons-dbcp,BSZZ,202,0.995,0.1,0.04731253108041625,0.513920303207475,0.020792839630293134
commons-dbcp,BSZZ,202,0.995,0.25,0.04263278916036128,0.5076871305560603,0.020792839630293134
commons-dbcp,BSZZ,202,0.999,0.0,0.06293176305773976,0.5308219936497613,0.013857686437450908
commons-dbcp,BSZZ,202,0.999,0.05,0.06253687119973206,0.5373333958140418,0.013857686437450908
commons-dbcp,BSZZ,202,0.999,0.1,0.049834971664576865,0.5278740988632662,0.013857686437450908
commons-dbcp,BSZZ,202,0.999,0.25,0.0396229111946984,0.5195489103695358,0.013857686437450908
commons-dbcp,BSZZ,314,0.9,0.0,0.034862996845009396,0.37792403505077654,2.130662721567249e-06
commons-dbcp,BSZZ,314,0.9,0.05,0.027635907418540783,0.37398325768110685,2.130662721567249e-06
commons-dbcp,BSZZ,314,0.9,0.1,0.011123761124750239,0.3523893527184847,2.130662721567249e-06
commons-dbcp,BSZZ,314,0.9,0.25,0.02503978035565523,0.3512982371430535,2.130662721567249e-06
commons-dbcp,BSZZ,314,0.95,0.0,0.03575422180021361,0.4156365706521582,0.000537408076771514
commons-dbcp,BSZZ,314,0.95,0.05,0.03036723861379619,0.4144611947835298,0.000537408076771514
commons-dbcp,BSZZ,314,0.95,0.1,0.013637567128741139,0.3951742440152615,0.000537408076771514
commons-dbcp,BSZZ,314,0.95,0.25,0.022152143270078195,0.3902369067839086,0.000537408076771514
commons-dbcp,BSZZ,314,0.99,0.0,0.03671545692017,0.48607309567591916,0.018729163218830596
commons-dbcp,BSZZ,314,0.99,0.05,0.034016537427701554,0.48975429726970293,0.018729163218830596
commons-dbcp,BSZZ,314,0.99,0.1,0.018792884525750213,0.4766500132933751,0.018729163218830596
commons-dbcp,BSZZ,314,0.99,0.25,0.008902357512675855,0.46402976160589166,0.018729163218830596
commons-dbcp,BSZZ,314,0.995,0.0,0.03171972911615204,0.4943176885245306,0.0013781169510125662
commons-dbcp,BSZZ,314,0.995,0.05,0.02917293425301272,0.49861069617485554,0.0013781169510125662
commons-dbcp,BSZZ,314,0.995,0.1,0.01414766549479128,0.48654946222121,0.0013781169510125662
commons-dbcp,BSZZ,314,0.995,0.25,-0.0025531585298298877,0.4707313712788217,0.0013781169510125662
commons-dbcp,BSZZ,314,0.999,0.0,0.0379252720327334,0.5113933030015527,-0.021168629431471773
commons-dbcp,BSZZ,314,0.999,0.05,0.03603917639972793,0.5167226768058925,-0.021168629431471773
commons-dbcp,BSZZ,314,0.999,0.1,0.021838884351227168,0.506160447190699,-0.021168629431471773
commons-dbcp,BSZZ,314,0.999,0.25,0.0016322222690419734,0.49017546573582826,-0.021168629431471773
commons-dbcp,BSZZ,999,0.9,0.0,0.03936225861628252,0.3860325396068546,2.210173493964949e-06
commons-dbcp,BSZZ,999,0.9,0.05,0.03250690048761008,0.38234824310166143,2.210173493964949e-06
commons-dbcp,BSZZ,999,0.9,0.1,0.017713849876109047,0.36146736453001654,2.210173493964949e-06
commons-dbcp,BSZZ,999,0.9,0.25,0.024812330094854507,0.35066816911379306,2.210173493964949e-06
commons-dbcp,BSZZ,999,0.95,0.0,0.0421417250820574,0.4279382083837624,0.0005703479887947355
commons-dbcp,BSZZ,999,0.95,0.05,0.03722736542830947,0.42745789135757645,0.0005703479887947355
commons-dbcp,BSZZ,999,0.95,0.1,0.02122554955435743,0.40870713431221045,0.0005703479887947355
commons-dbcp,BSZZ,999,0.95,0.25,0.02479341390463251,0.3991267621977149,0.0005703479887947355
commons-dbcp,BSZZ,999,0.99,0.0,0.038778764652551576,0.48209225762530583,0.02056352096219268
commons-dbcp,BSZZ,999,0.99,0.05,0.0363776802025413,0.4857348889494867,0.02056352096219268
commons-dbcp,BSZZ,999,0.99,0.1,0.020835053184526643,0.4719292717796929,0.02056352096219268
commons-dbcp,BSZZ,999,0.99,0.25,0.009839891604957213,0.4570748097671882,0.02056352096219268
commons-dbcp,BSZZ,999,0.995,0.0,0.03292225159977303,0.49034829807745217,0.005655526768142279
commons-dbcp,BSZZ,999,0.995,0.05,0.030632845424596798,0.4946094837178216,0.005655526768142279
commons-dbcp,BSZZ,999,0.995,0.1,0.015204520111292362,0.48183963533776464,0.005655526768142279
commons-dbcp,BSZZ,999,0.995,0.25,-0.001971362650463661,0.4646040154734324,0.005655526768142279
commons-dbcp,BSZZ,999,0.999,0.0,0.03724303713418738,0.508139037381891,-0.01956517613848968
commons-dbcp,BSZZ,999,0.999,0.05,0.03551941807323732,0.5134771831874886,-0.01956517613848968
commons-dbcp,BSZZ,999,0.999,0.1,0.020792595066924074,0.5022493443706334,-0.01956517613848968
commons-dbcp,BSZZ,999,0.999,0.25,0.00023240434473557168,0.4855134832118037,-0.01956517613848968
commons-dbcp,AGSZZ,7,0.9,0.0,0.030841787338830595,0.43082335223637663,2.244677690218311e-06
commons-dbcp,AGSZZ,7,0.9,0.05,0.022827656538347528,0.429743043720601,2.244677690218311e-06
commons-dbcp,AGSZZ,7,0.9,0.1,0.013702632442152307,0.42034489797735214,2.244677690218311e-06
commons-dbcp,AGSZZ,7,0.9,0.25,0.022441399528960237,0.41944858915647965,2.244677690218311e-06
commons-dbcp,AGSZZ,7,0.95,0.0,0.03063434895027892,0.46381249600435437,0.0006328504553293403
commons-dbcp,AGSZZ,7,0.95,0.05,0.02440988888871304,0.46518828250830196,0.0006328504553293403
commons-dbcp,AGSZZ,7,0.95,0.1,0.015001057699163824,0.4564201995120905,0.0006328504553293403
commons-dbcp,AGSZZ,7,0.95,0.25,0.02022462525495842,0.4554410289635879,0.0006328504553293403
commons-dbcp,AGSZZ,7,0.99,0.0,0.02007245743266287,0.4916828761165366,0.02098035292769934
commons-dbcp,AGSZZ,7,0.99,0.05,0.01589654208843318,0.49564376868110094,0.02098035292769934
commons-dbcp,AGSZZ,7,0.99,0.1,0.005045238261338764,0.4881650664298287,0.02098035292769934
commons-dbcp,AGSZZ,7,0.99,0.25,-0.004154662277506798,0.48145504152714186,0.02098035292769934
commons-dbcp,AGSZZ,7,0.995,0.0,0.01813476412076865,0.4915051556966673,0.0012440695216896682
commons-dbcp,AGSZZ,7,0.995,0.05,0.014250247377746878,0.49562431123313555,0.0012440695216896682
commons-dbcp,AGSZZ,7,0.995,0.1,0.003318382581957053,0.4882503106336583,0.0012440695216896682
commons-dbcp,AGSZZ,7,0.995,0.25,-0.010448447305467878,0.47844550278883186,0.0012440695216896682
commons-dbcp,AGSZZ,7,0.999,0.0,0.03037367232565319,0.5055767436307442,-0.01332439951343942
commons-dbcp,AGSZZ,7,0.999,0.05,0.02744405776134555,0.5105606555660103,-0.01332439951343942
commons-dbcp,AGSZZ,7,0.999,0.1,0.01731080029407613,0.5041346228860202,-0.01332439951343942
commons-dbcp,AGSZZ,7,0.999,0.25,0.0026370234368932985,0.4949471831504063,-0.01332439951343942
commons-dbcp,AGSZZ,13,0.9,0.0,0.03977630043646189,0.4582395496082209,2.3343143336784497e-06
commons-dbcp,AGSZZ,13,0.9,0.05,0.03319925560053078,0.4599253041803667,2.3343143336784497e-06
commons-dbcp,AGSZZ,13,0.9,0.1,0.028963354309386555,0.45547799610372713,2.3343143336784497e-06
commons-dbcp,AGSZZ,13,0.9,0.25,0.032083144955642254,0.4539089004008883,2.3343143336784497e-06
commons-dbcp,AGSZZ,13,0.95,0.0,0.041167972919880336,0.4903658092799556,0.0007155172447622736
commons-dbcp,AGSZZ,13,0.95,0.05,0.03596722942716419,0.4937517798676403,0.0007155172447622736
commons-dbcp,AGSZZ,13,0.95,0.1,0.030379529980388075,0.4889612006475727,0.0007155172447622736
commons-dbcp,AGSZZ,13,0.95,0.25,0.03232323403370876,0.489539323373676,0.0007155172447622736
commons-dbcp,AGSZZ,13,0.99,0.0,0.0320861458595109,0.5077872568683254,0.031215144193216426
commons-dbcp,AGSZZ,13,0.99,0.05,0.028411513074827806,0.5125319289488726,0.031215144193216426
commons-dbcp,AGSZZ,13,0.99,0.1,0.020502843929515572,0.5078415873815182,0.031215144193216426
commons-dbcp,AGSZZ,13,0.99,0.25,0.013457184893035282,0.5053962778370606,0.031215144193216426
commons-dbcp,AGSZZ,13,0.995,0.0,0.031731337995976175,0.5058262264097123,0.018460191108013488
commons-dbcp,AGSZZ,13,0.995,0.05,0.028358841093256645,0.5105630757129793,0.018460191108013488
commons-dbcp,AGSZZ,13,0.995,0.1,0.020330774219060616,0.5057727298698684,0.018460191108013488
commons-dbcp,AGSZZ,13,0.995,0.25,0.010260994474610466,0.5008480196914975,0.018460191108013488
commons-dbcp,AGSZZ,13,0.999,0.0,0.045283127982813746,0.5185500940205706,0.010251021175700094
commons-dbcp,AGSZZ,13,0.999,0.05,0.042878799552492186,0.5240267698574604,0.010251021175700094
commons-dbcp,AGSZZ,13,0.999,0.1,0.03561250208258587,0.5200131488004459,0.010251021175700094
commons-dbcp,AGSZZ,13,0.999,0.25,0.025870818050731294,0.5161341486744161,0.010251021175700094
commons-dbcp,AGSZZ,21,0.9,0.0,0.053132909916189935,0.46515208621666626,2.1439949878034674e-06
commons-dbcp,AGSZZ,21,0.9,0.05,0.0462717682145358,0.4658474018722849,2.1439949878034674e-06
commons-dbcp,AGSZZ,21,0.9,0.1,0.03888734040701685,0.4594429348510724,2.1439949878034674e-06
commons-dbcp,AGSZZ,21,0.9,0.25,0.04508266013555494,0.4597766257755722,2.1439949878034674e-06
commons-dbcp,AGSZZ,21,0.95,0.0,0.055114582951595215,0.49898748464753595,0.0005486812905031452
commons-dbcp,AGSZZ,21,0.95,0.05,0.050156341890097426,0.5021826671157861,0.0005486812905031452
commons-dbcp,AGSZZ,21,0.95,0.1,0.04269268194246518,0.4962393548147785,0.0005486812905031452
commons-dbcp,AGSZZ,21,0.95,0.25,0.04690307512981703,0.49759121718241095,0.0005486812905031452
commons-dbcp,AGSZZ,21,0.99,0.0,0.04803061857624875,0.5228074083661691,0.013177470547941732
commons-dbcp,AGSZZ,21,0.99,0.05,0.04530081501530798,0.5283781905298522,0.013177470547941732
commons-dbcp,AGSZZ,21,0.99,0.1,0.036501087442163925,0.5232195599802064,0.013177470547941732
commons-dbcp,AGSZZ,21,0.99,0.25,0.031203697055543957,0.52157509209337,0.013177470547941732
commons-dbcp,AGSZZ,21,0.995,0.0,0.045603505580439525,0.5206568141612257,-9.479393228705395e-05
commons-dbcp,AGSZZ,21,0.995,0.05,0.04313978580946969,0.5262838141010331,-9.479393228705395e-05
commons-dbcp,AGSZZ,21,0.995,0.1,0.03420304774749727,0.5210703945206069,-9.479393228705395e-05
commons-dbcp,AGSZZ,21,0.995,0.25,0.025138572382181545,0.5167444814249316,-9.479393228705395e-05
commons-dbcp,AGSZZ,21,0.999,0.0,0.0543907962205122,0.5285429334987425,0.0046042315332060395
commons-dbcp,AGSZZ,21,0.999,0.05,0.05270344668524899,0.5347147518064911,0.0046042315332060395
commons-dbcp,AGSZZ,21,0.999,0.1,0.04433916306489827,0.5300508725407285,0.0046042315332060395
commons-dbcp,AGSZZ,21,0.999,0.25,0.0342785874121646,0.5255873836618887,0.0046042315332060395
commons-dbcp,AGSZZ,42,0.9,0.0,0.03732505528754127,0.44512807783546743,2.148797691533687e-06
commons-dbcp,AGSZZ,42,0.9,0.05,0.029646265932681163,0.4447876689196449,2.148797691533687e-06
commons-dbcp,AGSZZ,42,0.9,0.1,0.020900864629318228,0.4362271254358716,2.148797691533687e-06
commons-dbcp,AGSZZ,42,0.9,0.25,0.017316104766457244,0.4309991648935881,2.148797691533687e-06
commons-dbcp,AGSZZ,42,0.95,0.0,0.04499817114610436,0.48108571729949784,0.000556215656372514
commons-dbcp,AGSZZ,42,0.95,0.05,0.03951666740501223,0.4833549462842287,0.000556215656372514
commons-dbcp,AGSZZ,42,0.95,0.1,0.03094889883093148,0.4755982835410666,0.000556215656372514
commons-dbcp,AGSZZ,42,0.95,0.25,0.02573373393121491,0.46854848908788543,0.000556215656372514
commons-dbcp,AGSZZ,42,0.99,0.0,0.044448081001784115,0.5182166968767604,0.01240689060563508
commons-dbcp,AGSZZ,42,0.99,0.05,0.04153297377319863,0.5235500284461638,0.01240689060563508
commons-dbcp,AGSZZ,42,0.99,0.1,0.03210896592855368,0.5176249937621115,0.01240689060563508
commons-dbcp,AGSZZ,42,0.99,0.25,0.021067363243251525,0.5110449522302454,0.01240689060563508
commons-dbcp,AGSZZ,42,0.995,0.0,0.04427632318284988,0.5182163115780243,-0.003333000884573232
commons-dbcp,AGSZZ,42,0.995,0.05,0.04174395604648747,0.5237170786255971,-0.003333000884573232
commons-dbcp,AGSZZ,42,0.995,0.1,0.03234279023439626,0.5179071293156361,-0.003333000884573232
commons-dbcp,AGSZZ,42,0.995,0.25,0.01896365796733912,0.5098751858478366,-0.003333000884573232
commons-dbcp,AGSZZ,42,0.999,0.0,0.05864201942164757,0.5309891204534325,0.003355840029546495
commons-dbcp,AGSZZ,42,0.999,0.05,0.0571745607416155,0.5372874656726306,0.003355840029546495
commons-dbcp,AGSZZ,42,0.999,0.1,0.048696534703654475,0.5323494352683839,0.003355840029546495
commons-dbcp,AGSZZ,42,0.999,0.25,0.03631856472265328,0.525864329863505,0.003355840029546495
commons-dbcp,AGSZZ,77,0.9,0.0,0.03056135969522365,0.44429318901645803,2.163874209891589e-06
commons-dbcp,AGSZZ,77,0.9,0.05,0.022532724016622985,0.44390959619620396,2.163874209891589e-06
commons-dbcp,AGSZZ,77,0.9,0.1,0.013391279694378855,0.4353001664366074,2.163874209891589e-06
commons-dbcp,AGSZZ,77,0.9,0.25,0.01487401512721761,0.43139160514873237,2.163874209891589e-06
commons-dbcp,AGSZZ,77,0.95,0.0,0.031637335492116066,0.47667592878766935,0.0005909851072736954
commons-dbcp,AGSZZ,77,0.95,0.05,0.025464754044783145,0.4787170652631677,0.0005909851072736954
commons-dbcp,AGSZZ,77,0.95,0.1,0.01611465196456545,0.4707021907286832,0.0005909851072736954
commons-dbcp,AGSZZ,77,0.95,0.25,0.015479668425249893,0.46769633794167503,0.0005909851072736954
commons-dbcp,AGSZZ,77,0.99,0.0,0.022641978715228557,0.49768951206095424,0.019675579903251143
commons-dbcp,AGSZZ,77,0.99,0.05,0.01859896964423503,0.5019610926916089,0.019675579903251143
commons-dbcp,AGSZZ,77,0.99,0.1,0.007898122169283758,0.4948341044109432,0.019675579903251143
commons-dbcp,AGSZZ,77,0.99,0.25,-0.0029036010635826053,0.48781729476477625,0.019675579903251143
commons-dbcp,AGSZZ,77,0.995,0.0,0.020894262042305073,0.49555167306996684,0.0007306130362898477
commons-dbcp,AGSZZ,77,0.995,0.05,0.017152477950397253,0.4998801312291919,0.0007306130362898477
commons-dbcp,AGSZZ,77,0.995,0.1,0.006382193443448775,0.4927430713575466,0.0007306130362898477
commons-dbcp,AGSZZ,77,0.995,0.25,-0.008215298767090127,0.48281655675989693,0.0007306130362898477
commons-dbcp,AGSZZ,77,0.999,0.0,0.03395160372246335,0.5089658961988852,-0.01115980765110064
commons-dbcp,AGSZZ,77,0.999,0.05,0.0312070545752321,0.5141251091290551,-0.01115980765110064
commons-dbcp,AGSZZ,77,0.999,0.1,0.021283300142568788,0.5078975256838384,-0.01115980765110064
commons-dbcp,AGSZZ,77,0.999,0.25,0.006470410668283057,0.49885193399364897,-0.01115980765110064
commons-dbcp,AGSZZ,101,0.9,0.0,0.029787110398571844,0.4237698633386659,2.164808662966907e-06
commons-dbcp,AGSZZ,101,0.9,0.05,0.021724226446123665,0.42237129660321404,2.164808662966907e-06
commons-dbcp,AGSZZ,101,0.9,0.1,0.01066860481753463,0.40807794993253144,2.164808662966907e-06
commons-dbcp,AGSZZ,101,0.9,0.25,0.01165981913901902,0.398257594221674,2.164808662966907e-06
commons-dbcp,AGSZZ,101,0.95,0.0,0.03223014405776427,0.4597582035785761,0.0005730037973736283
commons-dbcp,AGSZZ,101,0.95,0.05,0.025783926617137416,0.460622268926858,0.0005730037973736283
commons-dbcp,AGSZZ,101,0.95,0.1,0.014165788081777982,0.4482425793478415,0.0005730037973736283
commons-dbcp,AGSZZ,101,0.95,0.25,0.013154657880318003,0.44040554869577686,0.0005730037973736283
commons-dbcp,AGSZZ,101,0.99,0.0,0.024393356553504938,0.49448591283576243,0.007325577909373464
commons-dbcp,AGSZZ,101,0.99,0.05,0.01979214963435921,0.49798459670246753,0.007325577909373464
commons-dbcp,AGSZZ,101,0.99,0.1,0.007151945563120068,0.48835991096353704,0.007325577909373464
commons-dbcp,AGSZZ,101,0.99,0.25,-0.005643220183212316,0.4776837466189367,0.007325577909373464
commons-dbcp,AGSZZ,101,0.995,0.0,0.02561104470631314,0.4985433057541452,-0.018811418829556833
commons-dbcp,AGSZZ,101,0.995,0.05,0.021428197040314526,0.50239218731212,-0.018811418829556833
commons-dbcp,AGSZZ,101,0.995,0.1,0.00897934661966926,0.4932670322555414,-0.018811418829556833
commons-dbcp,AGSZZ,101,0.995,0.25,-0.007501085916727223,0.4804598764708291,-0.018811418829556833
commons-dbcp,AGSZZ,101,0.999,0.0,0.04468521884880455,0.5194002595335402,-0.01959722367661681
commons-dbcp,AGSZZ,101,0.999,0.05,0.04178402359973736,0.5244460792265543,-0.01959722367661681
commons-dbcp,AGSZZ,101,0.999,0.1,0.03060767219726052,0.5167837295256498,-0.01959722367661681
commons-dbcp,AGSZZ,101,0.999,0.25,0.014773667606753188,0.5060145907613907,-0.01959722367661681
commons-dbcp,AGSZZ,123,0.9,0.0,0.054338136713052126,0.5077120768202207,1.702973183992548e-06
commons-dbcp,AGSZZ,123,0.9,0.05,0.05054876035548401,0.5128405462369098,1.702973183992548e-06
commons-dbcp,AGSZZ,123,0.9,0.1,0.0495249987808508,0.5126702968543017,1.702973183992548e-06
commons-dbcp,AGSZZ,123,0.9,0.25,0.05081546791801266,0.5184283254210865,1.702973183992548e-06
commons-dbcp,AGSZZ,123,0.95,0.0,0.05707204969659928,0.5387823100237216,0.0006057652112070115
commons-dbcp,AGSZZ,123,0.95,0.05,0.053794082140438855,0.5451368409037356,0.0006057652112070115
commons-dbcp,AGSZZ,123,0.95,0.1,0.05254134499917139,0.5451254448981163,0.0006057652112070115
commons-dbcp,AGSZZ,123,0.95,0.25,0.05177698083978683,0.551319527515109,0.0006057652112070115
commons-dbcp,AGSZZ,123,0.99,0.0,0.052965160449051064,0.5406402867637116,0.03861576446243685
commons-dbcp,AGSZZ,123,0.99,0.05,0.05087174473443523,0.5473051765064112,0.03861576446243685
commons-dbcp,AGSZZ,123,0.99,0.1,0.04773872621496356,0.5465495812137796,0.03861576446243685
commons-dbcp,AGSZZ,123,0.99,0.25,0.045558881491615064,0.5506568404066396,0.03861576446243685
commons-dbcp,AGSZZ,123,0.995,0.0,0.0494934568471045,0.5291598723891046,0.04541308442017666
commons-dbcp,AGSZZ,123,0.995,0.05,0.04748545774463527,0.535302595714296,0.04541308442017666
commons-dbcp,AGSZZ,123,0.995,0.1,0.043930816493316927,0.5338093701450469,0.04541308442017666
commons-dbcp,AGSZZ,123,0.995,0.25,0.040243242817104306,0.5348858948416753,0.04541308442017666
commons-dbcp,AGSZZ,123,0.999,0.0,0.050787152824867884,0.5250910531790846,0.04037887911057263
commons-dbcp,AGSZZ,123,0.999,0.05,0.04907216654382124,0.5310887285988601,0.04037887911057263
commons-dbcp,AGSZZ,123,0.999,0.1,0.04544304399955849,0.5293145458007772,0.04037887911057263
commons-dbcp,AGSZZ,123,0.999,0.25,0.04109270072287226,0.5288676651154408,0.04037887911057263
commons-dbcp,AGSZZ,202,0.9,0.0,0.010299379794614585,0.41760848672093254,2.1878622076093945e-06
commons-dbcp,AGSZZ,202,0.9,0.05,0.001228509776444475,0.41589122809146,2.1878622076093945e-06
commons-dbcp,AGSZZ,202,0.9,0.1,-0.0034537073811566174,0.4103442884291703,2.1878622076093945e-06
commons-dbcp,AGSZZ,202,0.9,0.25,0.008149269411408009,0.42203513091225564,2.1878622076093945e-06
commons-dbcp,AGSZZ,202,0.95,0.0,0.013534028567657657,0.4561208321838716,0.000600167803698633
commons-dbcp,AGSZZ,202,0.95,0.05,0.006120770670645977,0.4567967576324274,0.000600167803698633
commons-dbcp,AGSZZ,202,0.95,0.1,-0.0002314496108033418,0.44992830941713247,0.000600167803698633
commons-dbcp,AGSZZ,202,0.95,0.25,0.01138765568688982,0.4611293936806127,0.000600167803698633
commons-dbcp,AGSZZ,202,0.99,0.0,0.009686427550187122,0.4892125839382354,0.0158664505162149
commons-dbcp,AGSZZ,202,0.99,0.05,0.004324517406731858,0.49243850941368905,0.0158664505162149
commons-dbcp,AGSZZ,202,0.99,0.1,-0.0058652945055224235,0.484798793713199,0.0158664505162149
commons-dbcp,AGSZZ,202,0.99,0.25,-0.008460627457680127,0.48263568993784606,0.0158664505162149
commons-dbcp,AGSZZ,202,0.995,0.0,0.0031752943045659926,0.48400801286523315,-0.01136417773113219
commons-dbcp,AGSZZ,202,0.995,0.05,-0.002168023209798856,0.48710506892895394,-0.01136417773113219
commons-dbcp,AGSZZ,202,0.995,0.1,-0.013056222121286964,0.4790619151014206,-0.01136417773113219
commons-dbcp,AGSZZ,202,0.995,0.25,-0.022650927688990668,0.4705613991940138,-0.01136417773113219
commons-dbcp,AGSZZ,202,0.999,0.0,0.009009935283265944,0.49318544224706207,-0.03531576914165443
commons-dbcp,AGSZZ,202,0.999,0.05,0.004263466746326056,0.4968753231149135,-0.03531576914165443
commons-dbcp,AGSZZ,202,0.999,0.1,-0.006465342854873964,0.48934501584872947,-0.03531576914165443
commons-dbcp,AGSZZ,202,0.999,0.25,-0.019706323442879224,0.47884191765387163,-0.03531576914165443
commons-dbcp,AGSZZ,314,0.9,0.0,0.011610629278350947,0.41969081085675813,2.1488545322189336e-06
commons-dbcp,AGSZZ,314,0.9,0.05,0.0017736391462289198,0.4167985251084663,2.1488545322189336e-06
commons-dbcp,AGSZZ,314,0.9,0.1,-0.008678316186369725,0.40619882312980177,2.1488545322189336e-06
commons-dbcp,AGSZZ,314,0.9,0.25,-0.011082163212539207,0.39738700145665345,2.1488545322189336e-06
commons-dbcp,AGSZZ,314,0.95,0.0,0.019328864644016043,0.4562106978223181,0.0005568973063730057
commons-dbcp,AGSZZ,314,0.95,0.05,0.011574435539035186,0.45612091205649546,0.0005568973063730057
commons-dbcp,AGSZZ,314,0.95,0.1,0.0012743891626307165,0.4465444993669742,0.0005568973063730057
commons-dbcp,AGSZZ,314,0.95,0.25,-0.0015429625152097001,0.4397341964408125,0.0005568973063730057
commons-dbcp,AGSZZ,314,0.99,0.0,0.01887599366697709,0.49203269905112895,0.007167878063647489
commons-dbcp,AGSZZ,314,0.99,0.05,0.013603231068917749,0.4950065840526842,0.007167878063647489
commons-dbcp,AGSZZ,314,0.99,0.1,0.0022558178243843497,0.4870534219639731,0.007167878063647489
commons-dbcp,AGSZZ,314,0.99,0.25,-0.009506350840541983,0.4786808193257972,0.007167878063647489
commons-dbcp,AGSZZ,314,0.995,0.0,0.01893968726179302,0.49324897115274235,-0.016497046375363887
commons-dbcp,AGSZZ,314,0.995,0.05,0.014056846548753988,0.4964652607750222,-0.016497046375363887
commons-dbcp,AGSZZ,314,0.995,0.1,0.002695689740115044,0.48865436419052044,-0.016497046375363887
commons-dbcp,AGSZZ,314,0.995,0.25,-0.012745463194628397,0.47777827321357497,-0.016497046375363887
commons-dbcp,AGSZZ,314,0.999,0.0,0.034561815134431184,0.5089790936750497,-0.019290095888589192
commons-dbcp,AGSZZ,314,0.999,0.05,0.030806333502917425,0.5131568541304945,-0.019290095888589192
commons-dbcp,AGSZZ,314,0.999,0.1,0.020397167029889925,0.5063525352557893,-0.019290095888589192
commons-dbcp,AGSZZ,314,0.999,0.25,0.005036627824928509,0.49654903111087384,-0.019290095888589192
commons-dbcp,AGSZZ,999,0.9,0.0,0.02452937422681242,0.44990078019852775,2.3674095351254735e-06
commons-dbcp,AGSZZ,999,0.9,0.05,0.017163695276589095,0.45115521911155143,2.3674095351254735e-06
commons-dbcp,AGSZZ,999,0.9,0.1,0.01036106531772174,0.4423874902969337,2.3674095351254735e-06
commons-dbcp,AGSZZ,999,0.9,0.25,0.028772038790534485,0.45905718803827705,2.3674095351254735e-06
commons-dbcp,AGSZZ,999,0.95,0.0,0.030342405884535715,0.487802184233433,0.0007436582294323759
commons-dbcp,AGSZZ,999,0.95,0.05,0.024581719269301746,0.4910555535256079,0.0007436582294323759
commons-dbcp,AGSZZ,999,0.95,0.1,0.016374753055358585,0.48381024565181946,0.0007436582294323759
commons-dbcp,AGSZZ,999,0.95,0.25,0.0307880982609017,0.4992329802988173,0.0007436582294323759
commons-dbcp,AGSZZ,999,0.99,0.0,0.027450641924863826,0.5067292701525575,0.04403569236704179
commons-dbcp,AGSZZ,999,0.99,0.05,0.023536241695285186,0.5114192187822892,0.04403569236704179
commons-dbcp,AGSZZ,999,0.99,0.1,0.013596160094160878,0.5052172008903918,0.04403569236704179
commons-dbcp,AGSZZ,999,0.99,0.25,0.011948437078222572,0.5081287445334244,0.04403569236704179
commons-dbcp,AGSZZ,999,0.995,0.0,0.022331613362186295,0.4989654233653408,0.03978791746059379
commons-dbcp,AGSZZ,999,0.995,0.05,0.018472923805994874,0.5033474035456229,0.03978791746059379
commons-dbcp,AGSZZ,999,0.995,0.1,0.008224239765329737,0.496804007043639,0.03978791746059379
commons-dbcp,AGSZZ,999,0.995,0.25,0.0006658570651159616,0.4942226329207698,0.03978791746059379
commons-dbcp,AGSZZ,999,0.999,0.0,0.025710205867729624,0.5026455769163677,0.010995248666071147
commons-dbcp,AGSZZ,999,0.999,0.05,0.02229348491421406,0.5072996053168332,0.010995248666071147
commons-dbcp,AGSZZ,999,0.999,0.1,0.012294050489361448,0.5010859774331564,0.010995248666071147
commons-dbcp,AGSZZ,999,0.999,0.25,0.0013454285075277293,0.4963244591321728,0.010995248666071147
commons-dbcp,MASZZ,7,0.9,0.0,0.0017508249798339926,0.3836179711757968,1.7249875624087686e-06
commons-dbcp,MASZZ,7,0.9,0.05,-0.0077680107702523555,0.38009600501895674,1.7249875624087686e-06
commons-dbcp,MASZZ,7,0.9,0.1,-0.01859643390290067,0.3679337843158733,1.7249875624087686e-06
commons-dbcp,MASZZ,7,0.9,0.25,-0.01887771779595346,0.3537146938643417,1.7249875624087686e-06
commons-dbcp,MASZZ,7,0.95,0.0,0.005466377435083318,0.4268294717059056,0.0005027812317556789
commons-dbcp,MASZZ,7,0.95,0.05,-0.002059874256578888,0.4262923431599335,0.0005027812317556789
commons-dbcp,MASZZ,7,0.95,0.1,-0.012942396756144356,0.4153587474805151,0.0005027812317556789
commons-dbcp,MASZZ,7,0.95,0.25,-0.01658213224391191,0.40386079284945475,0.0005027812317556789
commons-dbcp,MASZZ,7,0.99,0.0,-0.0014871763327048973,0.46485748956184736,0.010361567408624392
commons-dbcp,MASZZ,7,0.99,0.05,-0.006778245147557055,0.4674308621322035,0.010361567408624392
commons-dbcp,MASZZ,7,0.99,0.1,-0.01889195682933187,0.45838141990176356,0.010361567408624392
commons-dbcp,MASZZ,7,0.99,0.25,-0.03534142008016089,0.4443064490663515,0.010361567408624392
commons-dbcp,MASZZ,7,0.995,0.0,-0.007613644216642534,0.46531347047382515,-0.02355193048466354
commons-dbcp,MASZZ,7,0.995,0.05,-0.012829975184013163,0.4680778836711808,-0.02355193048466354
commons-dbcp,MASZZ,7,0.995,0.1,-0.025269518323712548,0.4591702489890252,-0.02355193048466354
commons-dbcp,MASZZ,7,0.995,0.25,-0.046638125444129375,0.44258854754230276,-0.02355193048466354
commons-dbcp,MASZZ,7,0.999,0.0,0.0018991833598145421,0.4815104447148189,-0.05194018358633288
commons-dbcp,MASZZ,7,0.999,0.05,-0.0025032495992778534,0.4852495480854682,-0.05194018358633288
commons-dbcp,MASZZ,7,0.999,0.1,-0.014303808975275775,0.47741433169135805,-0.05194018358633288
commons-dbcp,MASZZ,7,0.999,0.25,-0.03670367681124204,0.46224713154022,-0.05194018358633288
commons-dbcp,MASZZ,13,0.9,0.0,0.04090958034302644,0.4087911634601896,1.557435564264505e-06
commons-dbcp,MASZZ,13,0.9,0.05,0.034391153433296955,0.4079192428867476,1.557435564264505e-06
commons-dbcp,MASZZ,13,0.9,0.1,0.028640757516329805,0.3998712089389379,1.557435564264505e-06
commons-dbcp,MASZZ,13,0.9,0.25,0.038915654641788464,0.3996110699200773,1.557435564264505e-06
commons-dbcp,MASZZ,13,0.95,0.0,0.0382475317063501,0.4445766821147247,0.00046518910811386684
commons-dbcp,MASZZ,13,0.95,0.05,0.032895730909485825,0.4455942495731733,0.00046518910811386684
commons-dbcp,MASZZ,13,0.95,0.1,0.026668075786421483,0.4379983358778078,0.00046518910811386684
commons-dbcp,MASZZ,13,0.95,0.25,0.03432569817761783,0.43722663830454034,0.00046518910811386684
commons-dbcp,MASZZ,13,0.99,0.0,0.021068936947001248,0.48290953286621013,0.004271586013619318
commons-dbcp,MASZZ,13,0.99,0.05,0.016824448528912475,0.48636742611906164,0.004271586013619318
commons-dbcp,MASZZ,13,0.99,0.1,0.008405216215116395,0.48042832163113813,0.004271586013619318
commons-dbcp,MASZZ,13,0.99,0.25,0.0032610683749202383,0.47563060449391126,0.004271586013619318
commons-dbcp,MASZZ,13,0.995,0.0,0.0195703635622648,0.4892217663279488,-0.025647487589742175
commons-dbcp,MASZZ,13,0.995,0.05,0.015568850740560193,0.49309976424767604,-0.025647487589742175
commons-dbcp,MASZZ,13,0.995,0.1,0.006992149732594929,0.48755796140544944,-0.025647487589742175
commons-dbcp,MASZZ,13,0.995,0.25,-0.0022548934057252676,0.4813101378974545,-0.025647487589742175
commons-dbcp,MASZZ,13,0.999,0.0,0.034309596924138576,0.5087774818942995,-0.026301209006837214
commons-dbcp,MASZZ,13,0.999,0.05,0.031337672059747614,0.5137486777936234,-0.026301209006837214
commons-dbcp,MASZZ,13,0.999,0.1,0.023607929119229314,0.5093883762898529,-0.026301209006837214
commons-dbcp,MASZZ,13,0.999,0.25,0.01425465172681412,0.5051640072419736,-0.026301209006837214
commons-dbcp,MASZZ,21,0.9,0.0,0.009500666626125377,0.4305839085558829,1.8270723350017336e-06
commons-dbcp,MASZZ,21,0.9,0.05,0.0003826847542954853,0.42949121502215076,1.8270723350017336e-06
commons-dbcp,MASZZ,21,0.9,0.1,-0.009556595665570895,0.42106263481442113,1.8270723350017336e-06
commons-dbcp,MASZZ,21,0.9,0.25,0.003585271661636099,0.4290346094795663,1.8270723350017336e-06
commons-dbcp,MASZZ,21,0.95,0.0,0.014202964484121583,0.46884633648873225,0.0005341903574488453
commons-dbcp,MASZZ,21,0.95,0.05,0.007128605226030319,0.4704824940522167,0.0005341903574488453
commons-dbcp,MASZZ,21,0.95,0.1,-0.002730603229665616,0.4627742898889975,0.0005341903574488453
commons-dbcp,MASZZ,21,0.95,0.25,0.006396505323443553,0.47023677099111383,0.0005341903574488453
commons-dbcp,MASZZ,21,0.99,0.0,0.015036229969797376,0.4945283903963421,0.022415410887479906
commons-dbcp,MASZZ,21,0.99,0.05,0.010599820101626372,0.49863646473399975,0.022415410887479906
commons-dbcp,MASZZ,21,0.99,0.1,-0.00013186864444214455,0.49182197793019516,0.022415410887479906
commons-dbcp,MASZZ,21,0.99,0.25,-0.006779133859905285,0.4894443771307011,0.022415410887479906
commons-dbcp,MASZZ,21,0.995,0.0,0.009148827359227977,0.4872600090729659,0.009191471992195851
commons-dbcp,MASZZ,21,0.995,0.05,0.004799520783712722,0.4911595880599323,0.009191471992195851
commons-dbcp,MASZZ,21,0.995,0.1,-0.0062717930612782875,0.48399064411747483,0.009191471992195851
commons-dbcp,MASZZ,21,0.995,0.25,-0.01912298564090339,0.47622412220159616,0.009191471992195851
commons-dbcp,MASZZ,21,0.999,0.0,0.011048857732071198,0.4899449087677513,-0.01583530297060725
commons-dbcp,MASZZ,21,0.999,0.05,0.00711968379223346,0.49412027752044874,-0.01583530297060725
commons-dbcp,MASZZ,21,0.999,0.1,-0.003782453864987509,0.48719632045717615,-0.01583530297060725
commons-dbcp,MASZZ,21,0.999,0.25,-0.020394681084478564,0.4769955937829591,-0.01583530297060725
commons-dbcp,MASZZ,42,0.9,0.0,-0.0011125998774458524,0.4053706238546206,1.8705946843407293e-06
commons-dbcp,MASZZ,42,0.9,0.05,-0.010779543809805288,0.40297379490530594,1.8705946843407293e-06
commons-dbcp,MASZZ,42,0.9,0.1,-0.021775632593477968,0.3920852841316552,1.8705946843407293e-06
commons-dbcp,MASZZ,42,0.9,0.25,-0.017396946724897933,0.3882431904771364,1.8705946843407293e-06
commons-dbcp,MASZZ,42,0.95,0.0,0.005519103554897839,0.4457673522682179,0.0005519183820689431
commons-dbcp,MASZZ,42,0.95,0.05,-0.0020044209236705145,0.4462097692685722,0.0005519183820689431
commons-dbcp,MASZZ,42,0.95,0.1,-0.012883856085643651,0.43638506669156196,0.0005519183820689431
commons-dbcp,MASZZ,42,0.95,0.25,-0.0139250294683039,0.4315332011368964,0.0005519183820689431
commons-dbcp,MASZZ,42,0.99,0.0,0.0021845654087622015,0.4771433245818499,0.012267842293881446
commons-dbcp,MASZZ,42,0.99,0.05,-0.002916585729807174,0.4803521713773785,0.012267842293881446
commons-dbcp,MASZZ,42,0.99,0.1,-0.014815301384041312,0.47202211681369355,0.012267842293881446
commons-dbcp,MASZZ,42,0.99,0.25,-0.030759640972308933,0.46076150244835856,0.012267842293881446
commons-dbcp,MASZZ,42,0.995,0.0,-0.0019121890223189237,0.4746600720030117,-0.01636381719539037
commons-dbcp,MASZZ,42,0.995,0.05,-0.006833617134810739,0.4779079301070494,-0.01636381719539037
commons-dbcp,MASZZ,42,0.995,0.1,-0.018939315929158384,0.46954757852410706,-0.01636381719539037
commons-dbcp,MASZZ,42,0.995,0.25,-0.03949503322829343,0.454973752090377,-0.01636381719539037
commons-dbcp,MASZZ,42,0.999,0.0,0.008703201246730963,0.4876156350404615,-0.03691789778201519
commons-dbcp,MASZZ,42,0.999,0.05,0.004652700247306655,0.49167052411760953,-0.03691789778201519
commons-dbcp,MASZZ,42,0.999,0.1,-0.006749455068710113,0.4841927924704709,-0.03691789778201519
commons-dbcp,MASZZ,42,0.999,0.25,-0.028119417631051698,0.4702452820172302,-0.03691789778201519
commons-dbcp,MASZZ,77,0.9,0.0,0.05835632820297867,0.4444765180121028,2.1907322136031005e-06
commons-dbcp,MASZZ,77,0.9,0.05,0.05176536330926189,0.4441024077261061,2.1907322136031005e-06
commons-dbcp,MASZZ,77,0.9,0.1,0.04425143209538737,0.4355037126555406,2.1907322136031005e-06
commons-dbcp,MASZZ,77,0.9,0.25,0.05826566513264104,0.4434870534848003,2.1907322136031005e-06
commons-dbcp,MASZZ,77,0.95,0.0,0.05724915293532258,0.47732544772977675,0.0006048746572201735
commons-dbcp,MASZZ,77,0.95,0.05,0.05240132066608655,0.4794001800126255,0.0006048746572201735
commons-dbcp,MASZZ,77,0.95,0.1,0.04455089895450674,0.4714233375626932,0.0006048746572201735
commons-dbcp,MASZZ,77,0.95,0.25,0.0549711695952876,0.47601070540480334,0.0006048746572201735
commons-dbcp,MASZZ,77,0.99,0.0,0.04244284716167057,0.5091134323335259,0.021515340327061795
commons-dbcp,MASZZ,77,0.99,0.05,0.03942402094135508,0.5139759053920724,0.021515340327061795
commons-dbcp,MASZZ,77,0.99,0.1,0.029882598163888007,0.5075178360197835,0.021515340327061795
commons-dbcp,MASZZ,77,0.99,0.25,0.02574884715287846,0.5044773808934625,0.021515340327061795
commons-dbcp,MASZZ,77,0.995,0.0,0.040927017055165694,0.5114062689544806,0.006982329508894448
commons-dbcp,MASZZ,77,0.995,0.05,0.03822140994668171,0.516554792418077,0.006982329508894448
commons-dbcp,MASZZ,77,0.995,0.1,0.028624128077641992,0.5103460862742925,0.006982329508894448
commons-dbcp,MASZZ,77,0.995,0.25,0.020021386528006713,0.5046441064466513,0.006982329508894448
commons-dbcp,MASZZ,77,0.999,0.0,0.052839179745379966,0.5259201746595974,0.0027915492689161983
commons-dbcp,MASZZ,77,0.999,0.05,0.05107157418554095,0.5319563330273903,0.0027915492689161983
commons-dbcp,MASZZ,77,0.999,0.1,0.04225376731148156,0.5267214943816527,0.0027915492689161983
commons-dbcp,MASZZ,77,0.999,0.25,0.03265325802466762,0.5217431243069249,0.0027915492689161983
commons-dbcp,MASZZ,101,0.9,0.0,0.008548906264583864,0.41438774973302905,1.822097951556606e-06
commons-dbcp,MASZZ,101,0.9,0.05,-0.0006125054878981831,0.4125039012593546,1.822097951556606e-06
commons-dbcp,MASZZ,101,0.9,0.1,-0.0058406242560053515,0.40679778629373625,1.822097951556606e-06
commons-dbcp,MASZZ,101,0.9,0.25,0.001720038384510106,0.4061966036036023,1.822097951556606e-06
commons-dbcp,MASZZ,101,0.95,0.0,0.011669702651332959,0.4559689305732354,0.0005271651007877506
commons-dbcp,MASZZ,101,0.95,0.05,0.00416001410347689,0.45663699904193067,0.0005271651007877506
commons-dbcp,MASZZ,101,0.95,0.1,-0.0027776424028284788,0.4495493393411207,0.0005271651007877506
commons-dbcp,MASZZ,101,0.95,0.25,0.004266440889464745,0.45180794767042787,0.0005271651007877506
commons-dbcp,MASZZ,101,0.99,0.0,0.011434507828039182,0.48994627533133245,0.018550857665966727
commons-dbcp,MASZZ,101,0.99,0.05,0.006163015629990064,0.4932101503616015,0.018550857665966727
commons-dbcp,MASZZ,101,0.99,0.1,-0.004068147144307409,0.48552813577325993,0.018550857665966727
commons-dbcp,MASZZ,101,0.99,0.25,-0.009468063169550706,0.48058563585518793,0.018550857665966727
commons-dbcp,MASZZ,101,0.995,0.0,0.005040963160337431,0.4851295963012811,0.0009800498145961826
commons-dbcp,MASZZ,101,0.995,0.05,-0.00020585424079785542,0.4882846653013492,0.0009800498145961826
commons-dbcp,MASZZ,101,0.995,0.1,-0.011074679680826092,0.4802600313186954,0.0009800498145961826
commons-dbcp,MASZZ,101,0.995,0.25,-0.022733881797709424,0.4702028943351122,0.0009800498145961826
commons-dbcp,MASZZ,101,0.999,0.0,0.006239134331925229,0.48970753794716076,-0.026345413811023826
commons-dbcp,MASZZ,101,0.999,0.05,0.0013493485043987539,0.49321752721329315,-0.026345413811023826
commons-dbcp,MASZZ,101,0.999,0.1,-0.009590459040528496,0.485466930720074,-0.026345413811023826
commons-dbcp,MASZZ,101,0.999,0.25,-0.025357023811214977,0.4730287207322817,-0.026345413811023826
commons-dbcp,MASZZ,123,0.9,0.0,0.00786875721534421,0.394218282336023,1.9821406982573837e-06
commons-dbcp,MASZZ,123,0.9,0.05,0.001675792263067062,0.39347638307249516,1.9821406982573837e-06
commons-dbcp,MASZZ,123,0.9,0.1,0.005794678418121786,0.39705628371231944,1.9821406982573837e-06
commons-dbcp,MASZZ,123,0.9,0.25,0.011731366321409836,0.39742046261888553,1.9821406982573837e-06
commons-dbcp,MASZZ,123,0.95,0.0,0.007008336145274105,0.43804783126554375,0.0005572417647041627
commons-dbcp,MASZZ,123,0.95,0.05,0.0011408661640451396,0.439191958071859,0.0005572417647041627
commons-dbcp,MASZZ,123,0.95,0.1,0.003383130697725779,0.43935525887627447,0.0005572417647041627
commons-dbcp,MASZZ,123,0.95,0.25,0.00854741841858124,0.4398168966480312,0.0005572417647041627
commons-dbcp,MASZZ,123,0.99,0.0,0.0008909560372845289,0.4719869848767559,0.015026649765151813
commons-dbcp,MASZZ,123,0.99,0.05,-0.003895953008974391,0.4751008417632337,0.015026649765151813
commons-dbcp,MASZZ,123,0.99,0.1,-0.006693316410416393,0.47265720902743313,0.015026649765151813
commons-dbcp,MASZZ,123,0.99,0.25,-0.0048481047079268645,0.4725336171169896,0.015026649765151813
commons-dbcp,MASZZ,123,0.995,0.0,-0.006641107161803018,0.46979466521133784,-0.007195694799624118
commons-dbcp,MASZZ,123,0.995,0.05,-0.011552618195767467,0.472866774372162,-0.007195694799624118
commons-dbcp,MASZZ,123,0.995,0.1,-0.015430474695064004,0.46987884206439146,-0.007195694799624118
commons-dbcp,MASZZ,123,0.995,0.25,-0.017433230737687315,0.46727721102783704,-0.007195694799624118
commons-dbcp,MASZZ,123,0.999,0.0,-0.007177903212129479,0.47595514870089,-0.03392425923915682
commons-dbcp,MASZZ,123,0.999,0.05,-0.011891082046813915,0.4794113118200692,-0.03392425923915682
commons-dbcp,MASZZ,123,0.999,0.1,-0.016275772338408948,0.4764863907836412,-0.03392425923915682
commons-dbcp,MASZZ,123,0.999,0.25,-0.02067285130812195,0.4734335487183201,-0.03392425923915682
commons-dbcp,MASZZ,202,0.9,0.0,0.044391682718505014,0.43582903648483173,1.7964837115263583e-06
commons-dbcp,MASZZ,202,0.9,0.05,0.037084207679156815,0.4350542200845264,1.7964837115263583e-06
commons-dbcp,MASZZ,202,0.9,0.1,0.02378844024983025,0.41998706697581456,1.7964837115263583e-06
commons-dbcp,MASZZ,202,0.9,0.25,0.028708223901222102,0.413925745709721,1.7964837115263583e-06
commons-dbcp,MASZZ,202,0.95,0.0,0.04484874135186336,0.46879891613875324,0.0004984085958134765
commons-dbcp,MASZZ,202,0.95,0.05,0.039055209978172675,0.47013060455049255,0.0004984085958134765
commons-dbcp,MASZZ,202,0.95,0.1,0.026261535801201462,0.45700581730152046,0.0004984085958134765
commons-dbcp,MASZZ,202,0.95,0.25,0.02734824998138403,0.45016296539174816,0.0004984085958134765
commons-dbcp,MASZZ,202,0.99,0.0,0.04292467281200206,0.5073849051812456,0.010788665480422078
commons-dbcp,MASZZ,202,0.99,0.05,0.03928198225105445,0.5115507783071996,0.010788665480422078
commons-dbcp,MASZZ,202,0.99,0.1,0.026796393995438206,0.5018353739063086,0.010788665480422078
commons-dbcp,MASZZ,202,0.99,0.25,0.014136519481445863,0.48923801170871056,0.010788665480422078
commons-dbcp,MASZZ,202,0.995,0.0,0.04096373700423724,0.5119517171827895,-0.009835887104702222
commons-dbcp,MASZZ,202,0.995,0.05,0.037574994112269194,0.5164941372629356,-0.009835887104702222
commons-dbcp,MASZZ,202,0.995,0.1,0.025191520132861817,0.5073803020401394,-0.009835887104702222
commons-dbcp,MASZZ,202,0.995,0.25,0.007757675209043393,0.4924640881143861,-0.009835887104702222
commons-dbcp,MASZZ,202,0.999,0.0,0.052638548652934165,0.528396467682869,-0.014923931100773911
commons-dbcp,MASZZ,202,0.999,0.05,0.05014873253166677,0.5339076084870552,-0.014923931100773911
commons-dbcp,MASZZ,202,0.999,0.1,0.03867654169461888,0.5260569118019415,-0.014923931100773911
commons-dbcp,MASZZ,202,0.999,0.25,0.020067708764348265,0.5121420713042938,-0.014923931100773911
commons-dbcp,MASZZ,314,0.9,0.0,0.008148868886149047,0.4102823156587907,1.701352127960732e-06
commons-dbcp,MASZZ,314,0.9,0.05,-0.001867177817983416,0.4069033836071558,1.701352127960732e-06
commons-dbcp,MASZZ,314,0.9,0.1,-0.012085906201127136,0.39671036424769396,1.701352127960732e-06
commons-dbcp,MASZZ,314,0.9,0.25,0.0017825135397994578,0.401313735817835,1.701352127960732e-06
commons-dbcp,MASZZ,314,0.95,0.0,0.009249982871482364,0.4512334245308483,0.0006013290366884598
commons-dbcp,MASZZ,314,0.95,0.05,0.0009742322955083933,0.45088619359477716,0.0006013290366884598
commons-dbcp,MASZZ,314,0.95,0.1,-0.009401883128915127,0.44177271661111744,0.0006013290366884598
commons-dbcp,MASZZ,314,0.95,0.25,-0.00032353637340702484,0.4465808834785429,0.0006013290366884598
commons-dbcp,MASZZ,314,0.99,0.0,0.00893320203794379,0.4813043074673146,0.027358052339008048
commons-dbcp,MASZZ,314,0.99,0.05,0.0031461571142448086,0.48372327566281037,0.027358052339008048
commons-dbcp,MASZZ,314,0.99,0.1,-0.008366155197824927,0.47563273680177015,0.027358052339008048
commons-dbcp,MASZZ,314,0.99,0.25,-0.016103538925085727,0.4706754651503527,0.027358052339008048
commons-dbcp,MASZZ,314,0.995,0.0,0.0029694912698473397,0.47713287841462526,0.011476227265719107
commons-dbcp,MASZZ,314,0.995,0.05,-0.002739394063464747,0.4795155770332094,0.011476227265719107
commons-dbcp,MASZZ,314,0.995,0.1,-0.014646229922026261,0.47120801553201264,0.011476227265719107
commons-dbcp,MASZZ,314,0.995,0.25,-0.028940074906330406,0.4611651687664534,0.011476227265719107
commons-dbcp,MASZZ,314,0.999,0.0,0.0059174543130300575,0.4839771482781015,-0.022429908039497917
commons-dbcp,MASZZ,314,0.999,0.05,0.000680367811443825,0.48686170466129053,-0.022429908039497917
commons-dbcp,MASZZ,314,0.999,0.1,-0.01104073367053083,0.4790043154949817,-0.022429908039497917
commons-dbcp,MASZZ,314,0.999,0.25,-0.02918489652734275,0.4670737584270558,-0.022429908039497917
commons-dbcp,MASZZ,999,0.9,0.0,0.036949446520592184,0.4183783441220523,2.031333215287296e-06
commons-dbcp,MASZZ,999,0.9,0.05,0.03022618510280575,0.4180023122035341,2.031333215287296e-06
commons-dbcp,MASZZ,999,0.9,0.1,0.02766806542919444,0.41369165948836334,2.031333215287296e-06
commons-dbcp,MASZZ,999,0.9,0.25,0.034094866491809546,0.4139355628417286,2.031333215287296e-06
commons-dbcp,MASZZ,999,0.95,0.0,0.03640737131727181,0.4582319247958746,0.0005829537736557578
commons-dbcp,MASZZ,999,0.95,0.05,0.030960389810627615,0.4599557979102447,0.0005829537736557578
commons-dbcp,MASZZ,999,0.95,0.1,0.026697066883889564,0.454347887433291,0.0005829537736557578
commons-dbcp,MASZZ,999,0.95,0.25,0.031832421468093355,0.45371727338407697,0.0005829537736557578
commons-dbcp,MASZZ,999,0.99,0.0,0.02186009930769021,0.4913950005571595,0.014648066474340252
commons-dbcp,MASZZ,999,0.99,0.05,0.017656533080671555,0.49529179731126716,0.014648066474340252
commons-dbcp,MASZZ,999,0.99,0.1,0.009483646840170765,0.48920504431317174,0.014648066474340252
commons-dbcp,MASZZ,999,0.99,0.25,0.006192063491242991,0.48549244842913997,0.014648066474340252
commons-dbcp,MASZZ,999,0.995,0.0,0.02073332846051452,0.49447188540927894,-0.008557312479562987
commons-dbcp,MASZZ,999,0.995,0.05,0.016791968995615948,0.49862144121252344,-0.008557312479562987
commons-dbcp,MASZZ,999,0.995,0.1,0.008292858800563975,0.4926443037774873,-0.008557312479562987
commons-dbcp,MASZZ,999,0.995,0.25,0.0016037970648657576,0.48709171980633875,-0.008557312479562987
commons-dbcp,MASZZ,999,0.999,0.0,0.03423441318440261,0.5115624192903991,-0.01556905576153963
commons-dbcp,MASZZ,999,0.999,0.05,0.03125859950588738,0.5166776636757284,-0.01556905576153963
commons-dbcp,MASZZ,999,0.999,0.1,0.023403461146129807,0.5116895186221586,-0.01556905576153963
commons-dbcp,MASZZ,999,0.999,0.25,0.0166109784876538,0.5076799742558603,-0.01556905576153963
commons-dbcp,LSZZ,7,0.9,0.0,0.0555286921982763,0.49576233261878155,2.3919496034321536e-06
commons-dbcp,LSZZ,7,0.9,0.05,0.04748226794435339,0.49704095642336077,2.3919496034321536e-06
commons-dbcp,LSZZ,7,0.9,0.1,0.04431971865071153,0.49444160518468006,2.3919496034321536e-06
commons-dbcp,LSZZ,7,0.9,0.25,0.055873757829962116,0.5096770280212827,2.3919496034321536e-06
commons-dbcp,LSZZ,7,0.95,0.0,0.060378938142945204,0.5293169680423173,0.000692255437692543
commons-dbcp,LSZZ,7,0.95,0.05,0.054777344547788945,0.5333054515132566,0.000692255437692543
commons-dbcp,LSZZ,7,0.95,0.1,0.048693267809022986,0.5282753416843801,0.000692255437692543
commons-dbcp,LSZZ,7,0.95,0.25,0.06170958048080594,0.5441138411870042,0.000692255437692543
commons-dbcp,LSZZ,7,0.99,0.0,0.06061036307193717,0.5522679676423615,0.018382784516669158
commons-dbcp,LSZZ,7,0.99,0.05,0.057967818837896104,0.5588509663806474,0.018382784516669158
commons-dbcp,LSZZ,7,0.99,0.1,0.047709502561391955,0.5520920586531264,0.018382784516669158
commons-dbcp,LSZZ,7,0.99,0.25,0.05006301566759975,0.5578923136533803,0.018382784516669158
commons-dbcp,LSZZ,7,0.995,0.0,0.05521360498411301,0.5434998327922236,0.014317675691195143
commons-dbcp,LSZZ,7,0.995,0.05,0.05272312131218887,0.5498321118382766,0.014317675691195143
commons-dbcp,LSZZ,7,0.995,0.1,0.04189593439492879,0.5425303470188585,0.014317675691195143
commons-dbcp,LSZZ,7,0.995,0.25,0.0382053467026766,0.542211890120118,0.014317675691195143
commons-dbcp,LSZZ,7,0.999,0.0,0.05393977353577814,0.5376057187416095,0.022147213886555574
commons-dbcp,LSZZ,7,0.999,0.05,0.05173587725691266,0.543798167846766,0.022147213886555574
commons-dbcp,LSZZ,7,0.999,0.1,0.04073317920574176,0.5362097142874168,0.022147213886555574
commons-dbcp,LSZZ,7,0.999,0.25,0.032242462826592,0.5310082437994783,0.022147213886555574
commons-dbcp,LSZZ,13,0.9,0.0,0.061571213972778954,0.5189977158808292,2.393773863603759e-06
commons-dbcp,LSZZ,13,0.9,0.05,0.060960280902101864,0.5241884754886692,2.393773863603759e-06
commons-dbcp,LSZZ,13,0.9,0.1,0.045456330499716334,0.5111233378142985,2.393773863603759e-06
commons-dbcp,LSZZ,13,0.9,0.25,0.06251665323627674,0.532979199929049,2.393773863603759e-06
commons-dbcp,LSZZ,13,0.95,0.0,0.06277642164200505,0.5449510778822885,0.0006986943479650476
commons-dbcp,LSZZ,13,0.95,0.05,0.06466221357272858,0.5529356997652003,0.0006986943479650476
commons-dbcp,LSZZ,13,0.95,0.1,0.05092828995712595,0.5424909089505079,0.0006986943479650476
commons-dbcp,LSZZ,13,0.95,0.25,0.06768140885890532,0.5642254120674266,0.0006986943479650476
commons-dbcp,LSZZ,13,0.99,0.0,0.05237607772689895,0.5486581615630182,0.020665372861203853
commons-dbcp,LSZZ,13,0.99,0.05,0.05605101612553029,0.5582725391989446,0.020665372861203853
commons-dbcp,LSZZ,13,0.99,0.1,0.046117528124634675,0.5517888291346502,0.020665372861203853
commons-dbcp,LSZZ,13,0.99,0.25,0.04803367551887421,0.5565708453899565,0.020665372861203853
commons-dbcp,LSZZ,13,0.995,0.0,0.04347283987926932,0.5358441690848559,0.016924893697518536
commons-dbcp,LSZZ,13,0.995,0.05,0.04698589619704681,0.5449843828534787,0.016924893697518536
commons-dbcp,LSZZ,13,0.995,0.1,0.03744406605566816,0.5385013863552901,0.016924893697518536
commons-dbcp,LSZZ,13,0.995,0.25,0.03322994252973734,0.536516034885164,0.016924893697518536
commons-dbcp,LSZZ,13,0.999,0.0,0.0359178323402852,0.5236237340002712,0.016087170920158437
commons-dbcp,LSZZ,13,0.999,0.05,0.039278376365412496,0.5322836361499531,0.016087170920158437
commons-dbcp,LSZZ,13,0.999,0.1,0.030078172771795968,0.525720982971664,0.016087170920158437
commons-dbcp,LSZZ,13,0.999,0.25,0.020855480960091242,0.5181888340409138,0.016087170920158437
commons-dbcp,LSZZ,21,0.9,0.0,0.047844995064086515,0.482907434547493,2.09909323918092e-06
commons-dbcp,LSZZ,21,0.9,0.05,0.03761866999151044,0.48263973205721533,2.09909323918092e-06
commons-dbcp,LSZZ,21,0.9,0.1,0.02222217599666436,0.467643002150868,2.09909323918092e-06
commons-dbcp,LSZZ,21,0.9,0.25,0.03583765151247353,0.4829693634509356,2.09909323918092e-06
commons-dbcp,LSZZ,21,0.95,0.0,0.04673417763744716,0.5135635716065046,0.0006644992676882457
commons-dbcp,LSZZ,21,0.95,0.05,0.039412068097428046,0.5160569652368648,0.0006644992676882457
commons-dbcp,LSZZ,21,0.95,0.1,0.022468574421204524,0.5017585585588394,0.0006644992676882457
commons-dbcp,LSZZ,21,0.95,0.25,0.034649399075777,0.5166503651254839,0.0006644992676882457
commons-dbcp,LSZZ,21,0.99,0.0,0.04503116191592477,0.5308842169690382,0.017678069146784162
commons-dbcp,LSZZ,21,0.99,0.05,0.041028806478591036,0.5359101557871501,0.017678069146784162
commons-dbcp,LSZZ,21,0.99,0.1,0.023844827130535515,0.5234434243983103,0.017678069146784162
commons-dbcp,LSZZ,21,0.99,0.25,0.014710950326115784,0.5171025945336934,0.017678069146784162
commons-dbcp,LSZZ,21,0.995,0.0,0.042427159595480615,0.5241528082900293,0.002076825264189986
commons-dbcp,LSZZ,21,0.995,0.05,0.038765588986266315,0.5290639393385715,0.002076825264189986
commons-dbcp,LSZZ,21,0.995,0.1,0.02178225298509725,0.5166385016849212,0.002076825264189986
commons-dbcp,LSZZ,21,0.995,0.25,0.004653722913292398,0.5024073141339565,0.002076825264189986
commons-dbcp,LSZZ,21,0.999,0.0,0.05146641914709439,0.5309890790416213,-0.002824765164364095
commons-dbcp,LSZZ,21,0.999,0.05,0.0486582846274117,0.5364431709979541,-0.002824765164364095
commons-dbcp,LSZZ,21,0.999,0.1,0.03257827786603825,0.5248324934529554,-0.002824765164364095
commons-dbcp,LSZZ,21,0.999,0.25,0.011098282295799903,0.507138927592294,-0.002824765164364095
commons-dbcp,LSZZ,42,0.9,0.0,0.05416001726601197,0.45629902767464164,1.937081461404415e-06
commons-dbcp,LSZZ,42,0.9,0.05,0.049146889573211526,0.45662583127411444,1.937081461404415e-06
commons-dbcp,LSZZ,42,0.9,0.1,0.030360368807643787,0.4385938210384539,1.937081461404415e-06
commons-dbcp,LSZZ,42,0.9,0.25,0.044787250039809795,0.44821138922162507,1.937081461404415e-06
commons-dbcp,LSZZ,42,0.95,0.0,0.05587990655606619,0.49101471264188096,0.0005566804412281675
commons-dbcp,LSZZ,42,0.95,0.05,0.0536015920556364,0.49441176363784056,0.0005566804412281675
commons-dbcp,LSZZ,42,0.95,0.1,0.03575034272490015,0.4784519640727376,0.0005566804412281675
commons-dbcp,LSZZ,42,0.95,0.25,0.04972806591592695,0.4886625144697975,0.0005566804412281675
commons-dbcp,LSZZ,42,0.99,0.0,0.052284181040234086,0.5344048965892501,0.005615315387659796
commons-dbcp,LSZZ,42,0.99,0.05,0.05267457077232621,0.5415816065688127,0.005615315387659796
commons-dbcp,LSZZ,42,0.99,0.1,0.037788419160601945,0.5307513252865039,0.005615315387659796
commons-dbcp,LSZZ,42,0.99,0.25,0.03424377262612077,0.528204173767895,0.005615315387659796
commons-dbcp,LSZZ,42,0.995,0.0,0.046477164446016385,0.5312088093707034,-0.00899779648769127
commons-dbcp,LSZZ,42,0.995,0.05,0.04695186303982078,0.538430112902343,-0.00899779648769127
commons-dbcp,LSZZ,42,0.995,0.1,0.032529057034392725,0.5280775078696737,-0.00899779648769127
commons-dbcp,LSZZ,42,0.995,0.25,0.021747304622240286,0.5194092145165072,-0.00899779648769127
commons-dbcp,LSZZ,42,0.999,0.0,0.047272242895766335,0.5307651504690161,-0.004184794590002941
commons-dbcp,LSZZ,42,0.999,0.05,0.048097875377318626,0.5381327678054496,-0.004184794590002941
commons-dbcp,LSZZ,42,0.999,0.1,0.034437192958685886,0.5283415669682008,-0.004184794590002941
commons-dbcp,LSZZ,42,0.999,0.25,0.01880353433379278,0.5154366051508116,-0.004184794590002941
commons-dbcp,LSZZ,77,0.9,0.0,0.01725303266463423,0.4178860256239801,2.1974137987236882e-06
commons-dbcp,LSZZ,77,0.9,0.05,0.013587882186265925,0.4185114593149558,2.1974137987236882e-06
commons-dbcp,LSZZ,77,0.9,0.1,0.01945807819414821,0.42367457090617483,2.1974137987236882e-06
commons-dbcp,LSZZ,77,0.9,0.25,0.034046382864936005,0.4357337244237591,2.1974137987236882e-06
commons-dbcp,LSZZ,77,0.95,0.0,0.01603613771096172,0.45360471528158824,0.0005897360334423768
commons-dbcp,LSZZ,77,0.95,0.05,0.013512469672873562,0.4563239199639367,0.0005897360334423768
commons-dbcp,LSZZ,77,0.95,0.1,0.016861508132619715,0.457451091333324,0.0005897360334423768
commons-dbcp,LSZZ,77,0.95,0.25,0.033014635864177494,0.47049957860907,0.0005897360334423768
commons-dbcp,LSZZ,77,0.99,0.0,-0.001407875523238909,0.481990131282195,0.006620293422328302
commons-dbcp,LSZZ,77,0.99,0.05,-0.002862953644773996,0.4871042812112401,0.006620293422328302
commons-dbcp,LSZZ,77,0.99,0.1,-0.004661392349564377,0.4852843455696365,0.006620293422328302
commons-dbcp,LSZZ,77,0.99,0.25,0.00503748849404711,0.4933769094074027,0.006620293422328302
commons-dbcp,LSZZ,77,0.995,0.0,-0.016068251884617264,0.4712016527280589,-0.020218242384578252
commons-dbcp,LSZZ,77,0.995,0.05,-0.01798131224081516,0.4759093143807954,-0.020218242384578252
commons-dbcp,LSZZ,77,0.995,0.1,-0.021096126853588765,0.47310502671179056,-0.020218242384578252
commons-dbcp,LSZZ,77,0.995,0.25,-0.017138973269326292,0.4759000397112685,-0.020218242384578252
commons-dbcp,LSZZ,77,0.999,0.0,-0.02844046660941586,0.46207416524172407,-0.04221664136993587
commons-dbcp,LSZZ,77,0.999,0.05,-0.030747060264617203,0.46643500609897653,-0.04221664136993587
commons-dbcp,LSZZ,77,0.999,0.1,-0.03490129523092023,0.4628683274822484,-0.04221664136993587
commons-dbcp,LSZZ,77,0.999,0.25,-0.03611247818981768,0.46116991084671355,-0.04221664136993587
commons-dbcp,LSZZ,101,0.9,0.0,0.03869004556321292,0.4717122038780584,2.3542605090675397e-06
commons-dbcp,LSZZ,101,0.9,0.05,0.036895603781696214,0.4744571611409274,2.3542605090675397e-06
commons-dbcp,LSZZ,101,0.9,0.1,0.02005186407496262,0.45862325650072966,2.3542605090675397e-06
commons-dbcp,LSZZ,101,0.9,0.25,0.023968030800745454,0.45973734901491614,2.3542605090675397e-06
commons-dbcp,LSZZ,101,0.95,0.0,0.039299565974807986,0.5043874950849287,0.0007517621324356096
commons-dbcp,LSZZ,101,0.95,0.05,0.039971037784814444,0.5102740006162532,0.0007517621324356096
commons-dbcp,LSZZ,101,0.95,0.1,0.024862444853396448,0.497454040255795,0.0007517621324356096
commons-dbcp,LSZZ,101,0.95,0.25,0.028185704966375902,0.5002831825415676,0.0007517621324356096
commons-dbcp,LSZZ,101,0.99,0.0,0.03412654298308056,0.5218077734446506,0.03220387541415309
commons-dbcp,LSZZ,101,0.99,0.05,0.03685753992944542,0.5300333379020407,0.03220387541415309
commons-dbcp,LSZZ,101,0.99,0.1,0.02585546438872495,0.521977423911152,0.03220387541415309
commons-dbcp,LSZZ,101,0.99,0.25,0.018647560765309896,0.5159180073049117,0.03220387541415309
commons-dbcp,LSZZ,101,0.995,0.0,0.025565049484601254,0.5122981769151521,0.02286651847057996
commons-dbcp,LSZZ,101,0.995,0.05,0.028151840781964876,0.5202204945370661,0.02286651847057996
commons-dbcp,LSZZ,101,0.995,0.1,0.01756143367957524,0.5123587804880707,0.02286651847057996
commons-dbcp,LSZZ,101,0.995,0.25,0.005598182131496796,0.5017038044428318,0.02286651847057996
commons-dbcp,LSZZ,101,0.999,0.0,0.02240152011726214,0.5102454761466592,-0.0032712450677769723
commons-dbcp,LSZZ,101,0.999,0.05,0.025062944544646866,0.5182133994418439,-0.0032712450677769723
commons-dbcp,LSZZ,101,0.999,0.1,0.015071303633385989,0.5108673926138528,-0.0032712450677769723
commons-dbcp,LSZZ,101,0.999,0.25,0.00013724402607624266,0.49800119233717166,-0.0032712450677769723
commons-dbcp,LSZZ,123,0.9,0.0,0.032357520558614,0.4301920244236565,2.1281071898844372e-06
commons-dbcp,LSZZ,123,0.9,0.05,0.028650287018950737,0.4304921709433968,2.1281071898844372e-06
commons-dbcp,LSZZ,123,0.9,0.1,0.03202664034470824,0.43430928150086157,2.1281071898844372e-06
commons-dbcp,LSZZ,123,0.9,0.25,0.044615867628287495,0.44036152068551077,2.1281071898844372e-06
commons-dbcp,LSZZ,123,0.95,0.0,0.036104322952021366,0.471697359899124,0.0005811993317766761
commons-dbcp,LSZZ,123,0.95,0.05,0.03375634321810447,0.4745468452018428,0.0005811993317766761
commons-dbcp,LSZZ,123,0.95,0.1,0.03462066039188616,0.4740222148319672,0.0005811993317766761
commons-dbcp,LSZZ,123,0.95,0.25,0.04829715799519886,0.4821660418813511,0.0005811993317766761
commons-dbcp,LSZZ,123,0.99,0.0,0.0262051043630421,0.5125003841240665,0.005859838194614136
commons-dbcp,LSZZ,123,0.99,0.05,0.02522915818221683,0.5184154970573235,0.005859838194614136
commons-dbcp,LSZZ,123,0.99,0.1,0.02167086006418121,0.515739002918473,0.005859838194614136
commons-dbcp,LSZZ,123,0.99,0.25,0.030237207529171344,0.5238063872557496,0.005859838194614136
commons-dbcp,LSZZ,123,0.995,0.0,0.013889795220155625,0.504295230775319,-0.010013338126229088
commons-dbcp,LSZZ,123,0.995,0.05,0.012570122503635135,0.5099416044151697,-0.010013338126229088
commons-dbcp,LSZZ,123,0.995,0.1,0.007936695546417693,0.5065166782860653,-0.010013338126229088
commons-dbcp,LSZZ,123,0.995,0.25,0.011622773566184751,0.5104688809554137,-0.010013338126229088
commons-dbcp,LSZZ,123,0.999,0.0,0.0013634613753632405,0.49225026313061776,-0.0159959641324011
commons-dbcp,LSZZ,123,0.999,0.05,-0.0003620860251238551,0.49740308123065313,-0.0159959641324011
commons-dbcp,LSZZ,123,0.999,0.1,-0.0059491118386100555,0.4931243365888133,-0.0159959641324011
commons-dbcp,LSZZ,123,0.999,0.25,-0.007268308815517942,0.4922677113051131,-0.0159959641324011
commons-dbcp,LSZZ,202,0.9,0.0,0.009994878376279286,0.4626652120555917,2.3171500210307425e-06
commons-dbcp,LSZZ,202,0.9,0.05,0.0052870076296328734,0.4648833682751666,2.3171500210307425e-06
commons-dbcp,LSZZ,202,0.9,0.1,0.00855553675597262,0.4710195402917197,2.3171500210307425e-06
commons-dbcp,LSZZ,202,0.9,0.25,0.021160764631605416,0.4922103779120052,2.3171500210307425e-06
commons-dbcp,LSZZ,202,0.95,0.0,0.009218240792196254,0.5037985901120327,0.0008475542352574835
commons-dbcp,LSZZ,202,0.95,0.05,0.005689937341643661,0.5085177548877252,0.0008475542352574835
commons-dbcp,LSZZ,202,0.95,0.1,0.005968291095938263,0.5105187738937819,0.0008475542352574835
commons-dbcp,LSZZ,202,0.95,0.25,0.019930408914109108,0.5339992287234769,0.0008475542352574835
commons-dbcp,LSZZ,202,0.99,0.0,0.0025933155568538956,0.5078130936067958,0.04580702573521533
commons-dbcp,LSZZ,202,0.99,0.05,0.0006661703618979608,0.5137072570271539,0.04580702573521533
commons-dbcp,LSZZ,202,0.99,0.1,-0.0035849191460986616,0.5112762727298786,0.04580702573521533
commons-dbcp,LSZZ,202,0.99,0.25,0.004592223964419203,0.5229096985947604,0.04580702573521533
commons-dbcp,LSZZ,202,0.995,0.0,-0.008656485618866713,0.48777741325868834,0.042272584362582806
commons-dbcp,LSZZ,202,0.995,0.05,-0.010865648475773355,0.49279266806407734,0.042272584362582806
commons-dbcp,LSZZ,202,0.995,0.1,-0.016177324058134386,0.48888438738000245,0.042272584362582806
commons-dbcp,LSZZ,202,0.995,0.25,-0.01359299849966211,0.4926278687433073,0.042272584362582806
commons-dbcp,LSZZ,202,0.999,0.0,-0.020676874342934002,0.4729954070718129,0.0004715198678937991
commons-dbcp,LSZZ,202,0.999,0.05,-0.023260853429879852,0.4773766929806979,0.0004715198678937991
commons-dbcp,LSZZ,202,0.999,0.1,-0.02953452309864149,0.47242500747244925,0.0004715198678937991
commons-dbcp,LSZZ,202,0.999,0.25,-0.03261329219332297,0.4699280729720979,0.0004715198678937991
commons-dbcp,LSZZ,314,0.9,0.0,0.05110204069515728,0.48706374716535394,2.278939031394377e-06
commons-dbcp,LSZZ,314,0.9,0.05,0.050294770917690294,0.49078627194185204,2.278939031394377e-06
commons-dbcp,LSZZ,314,0.9,0.1,0.035801733890733434,0.47628378597920634,2.278939031394377e-06
commons-dbcp,LSZZ,314,0.9,0.25,0.050260677263362905,0.4891359979366146,2.278939031394377e-06
commons-dbcp,LSZZ,314,0.95,0.0,0.05363190823343411,0.517681272042715,0.000667055738965621
commons-dbcp,LSZZ,314,0.95,0.05,0.05520380833219244,0.5243549857926584,0.000667055738965621
commons-dbcp,LSZZ,314,0.95,0.1,0.041975481560360496,0.5128635285428281,0.000667055738965621
commons-dbcp,LSZZ,314,0.95,0.25,0.05639612601522438,0.5272282909477126,0.000667055738965621
commons-dbcp,LSZZ,314,0.99,0.0,0.0480876883788529,0.5389119580191314,0.014214335078829465
commons-dbcp,LSZZ,314,0.99,0.05,0.05160983737585018,0.5480691762603592,0.014214335078829465
commons-dbcp,LSZZ,314,0.99,0.1,0.04234182379710575,0.5416010441468608,0.014214335078829465
commons-dbcp,LSZZ,314,0.99,0.25,0.04290772392410259,0.5436579917935048,0.014214335078829465
commons-dbcp,LSZZ,314,0.995,0.0,0.040397301457716,0.5292520376014164,0.0028439594511945276
commons-dbcp,LSZZ,314,0.995,0.05,0.043812514499087234,0.5380930559375211,0.0028439594511945276
commons-dbcp,LSZZ,314,0.995,0.1,0.03497807195858095,0.5317985625052531,0.0028439594511945276
commons-dbcp,LSZZ,314,0.995,0.25,0.02983757138236605,0.5279970236064602,0.0028439594511945276
commons-dbcp,LSZZ,314,0.999,0.0,0.03668531920136165,0.5228295207490119,0.005218607366457737
commons-dbcp,LSZZ,314,0.999,0.05,0.04014105355954199,0.5314862353175767,0.005218607366457737
commons-dbcp,LSZZ,314,0.999,0.1,0.031845505448356536,0.5254382140077536,0.005218607366457737
commons-dbcp,LSZZ,314,0.999,0.25,0.022746753081849654,0.5175908431882389,0.005218607366457737
commons-dbcp,LSZZ,999,0.9,0.0,0.050747504694578935,0.45286578261227206,1.8905384391321483e-06
commons-dbcp,LSZZ,999,0.9,0.05,0.04957672459227083,0.45463592498208316,1.8905384391321483e-06
commons-dbcp,LSZZ,999,0.9,0.1,0.03312099675572717,0.43782513187298083,1.8905384391321483e-06
commons-dbcp,LSZZ,999,0.9,0.25,0.05052335025071433,0.45105790151443803,1.8905384391321483e-06
commons-dbcp,LSZZ,999,0.95,0.0,0.05188284803014687,0.4873916885538295,0.0005359496096150042
commons-dbcp,LSZZ,999,0.95,0.05,0.05320517925680879,0.49239910064389003,0.0005359496096150042
commons-dbcp,LSZZ,999,0.95,0.1,0.03881450960334357,0.4786811433431643,0.0005359496096150042
commons-dbcp,LSZZ,999,0.95,0.25,0.05519044974409148,0.4914751095179234,0.0005359496096150042
commons-dbcp,LSZZ,999,0.99,0.0,0.04235364057582516,0.527711539527422,0.004623534099624965
commons-dbcp,LSZZ,999,0.99,0.05,0.04551017705284923,0.53624247119599,0.004623534099624965
commons-dbcp,LSZZ,999,0.99,0.1,0.03511548038285336,0.5286255831226471,0.004623534099624965
commons-dbcp,LSZZ,999,0.99,0.25,0.03722495493387701,0.5312665817250675,0.004623534099624965
commons-dbcp,LSZZ,999,0.995,0.0,0.03255964930515148,0.5208753770496003,-0.009687291899891422
commons-dbcp,LSZZ,999,0.995,0.05,0.035508230248405624,0.5292413429543306,-0.009687291899891422
commons-dbcp,LSZZ,999,0.995,0.1,0.02545411453633889,0.5219723257476002,-0.009687291899891422
commons-dbcp,LSZZ,999,0.995,0.25,0.021239188384473397,0.5190116385370945,-0.009687291899891422
commons-dbcp,LSZZ,999,0.999,0.0,0.025450186520194824,0.5128650830597725,-0.008051699707571868
commons-dbcp,LSZZ,999,0.999,0.05,0.02826930058911055,0.520968503264256,-0.008051699707571868
commons-dbcp,LSZZ,999,0.999,0.1,0.018581199900810544,0.5138632657879444,-0.008051699707571868
commons-dbcp,LSZZ,999,0.999,0.25,0.009391566251736554,0.5061095067521292,-0.008051699707571868
commons-dbcp,RSZZ,7,0.9,0.0,0.050032022671594754,0.4679707232280346,2.4750444564667676e-06
commons-dbcp,RSZZ,7,0.9,0.05,0.04300789131748112,0.4687983673230155,2.4750444564667676e-06
commons-dbcp,RSZZ,7,0.9,0.1,0.04262011511978189,0.46659605582775343,2.4750444564667676e-06
commons-dbcp,RSZZ,7,0.9,0.25,0.05645517512408061,0.48469157565947496,2.4750444564667676e-06
commons-dbcp,RSZZ,7,0.95,0.0,0.052979960352851026,0.5091367007228286,0.0007544758354895819
commons-dbcp,RSZZ,7,0.95,0.05,0.047910490399957414,0.512853541804889,0.0007544758354895819
commons-dbcp,RSZZ,7,0.95,0.1,0.04364374937794145,0.5082395618742298,0.0007544758354895819
commons-dbcp,RSZZ,7,0.95,0.25,0.061814795656094684,0.5309728895155654,0.0007544758354895819
commons-dbcp,RSZZ,7,0.99,0.0,0.04505728458680143,0.5253970145503769,0.035947864947402625
commons-dbcp,RSZZ,7,0.99,0.05,0.04217452174011271,0.5311021042512987,0.035947864947402625
commons-dbcp,RSZZ,7,0.99,0.1,0.03266815522535722,0.5241669329353615,0.035947864947402625
commons-dbcp,RSZZ,7,0.99,0.25,0.04233313137846303,0.5349691067599794,0.035947864947402625
commons-dbcp,RSZZ,7,0.995,0.0,0.04222607768637053,0.5203369162168651,0.035247935794470164
commons-dbcp,RSZZ,7,0.995,0.05,0.039588614950533195,0.5259479377294828,0.035247935794470164
commons-dbcp,RSZZ,7,0.995,0.1,0.02960759058285787,0.5186589913893549,0.035247935794470164
commons-dbcp,RSZZ,7,0.995,0.25,0.033396778940604326,0.5235029577054483,0.035247935794470164
commons-dbcp,RSZZ,7,0.999,0.0,0.04540151229815633,0.5237583710642633,0.024688650335080956
commons-dbcp,RSZZ,7,0.999,0.05,0.0432502269225181,0.5296834105626929,0.024688650335080956
commons-dbcp,RSZZ,7,0.999,0.1,0.03330898672508247,0.522626461255158,0.024688650335080956
commons-dbcp,RSZZ,7,0.999,0.25,0.032747852404636,0.524004894467997,0.024688650335080956
commons-dbcp,RSZZ,13,0.9,0.0,0.05648417863228111,0.46902443827487883,2.5508447361573307e-06
commons-dbcp,RSZZ,13,0.9,0.05,0.04858867870355991,0.46833458485510415,2.5508447361573307e-06
commons-dbcp,RSZZ,13,0.9,0.1,0.042773732462650656,0.46187854731751665,2.5508447361573307e-06
commons-dbcp,RSZZ,13,0.9,0.25,0.05110420218889158,0.479954685174324,2.5508447361573307e-06
commons-dbcp,RSZZ,13,0.95,0.0,0.05936002084867583,0.5145417114618324,0.0007872166402532292
commons-dbcp,RSZZ,13,0.95,0.05,0.05343707894340323,0.5172509351064287,0.0007872166402532292
commons-dbcp,RSZZ,13,0.95,0.1,0.044818013615742766,0.5094612627283752,0.0007872166402532292
commons-dbcp,RSZZ,13,0.95,0.25,0.055325408435172106,0.5306778157565387,0.0007872166402532292
commons-dbcp,RSZZ,13,0.99,0.0,0.055242871253855345,0.5365222967393449,0.03735293004514278
commons-dbcp,RSZZ,13,0.99,0.05,0.05172418852509748,0.541681472949585,0.03735293004514278
commons-dbcp,RSZZ,13,0.99,0.1,0.040436782877955504,0.5337799185818208,0.03735293004514278
commons-dbcp,RSZZ,13,0.99,0.25,0.03737834784395138,0.5383956686671137,0.03735293004514278
commons-dbcp,RSZZ,13,0.995,0.0,0.0571215460724654,0.5334786439840848,0.03391173031626436
commons-dbcp,RSZZ,13,0.995,0.05,0.05409843923434482,0.5386711041526532,0.03391173031626436
commons-dbcp,RSZZ,13,0.995,0.1,0.04290029000738111,0.5307311141622693,0.03391173031626436
commons-dbcp,RSZZ,13,0.995,0.25,0.03458831685752734,0.5294132059321244,0.03391173031626436
commons-dbcp,RSZZ,13,0.999,0.0,0.07229984971916482,0.5451355229103975,0.03490366096929583
commons-dbcp,RSZZ,13,0.999,0.05,0.07039008630627805,0.5510873503024055,0.03490366096929583
commons-dbcp,RSZZ,13,0.999,0.1,0.060140923001500764,0.5439964860081753,0.03490366096929583
commons-dbcp,RSZZ,13,0.999,0.25,0.050286633176548357,0.5410533755229269,0.03490366096929583
commons-dbcp,RSZZ,21,0.9,0.0,0.02928404704632511,0.42084271149172897,1.965258422172229e-06
commons-dbcp,RSZZ,21,0.9,0.05,0.021186744539180284,0.4192326998072458,1.965258422172229e-06
commons-dbcp,RSZZ,21,0.9,0.1,0.014374156124744518,0.41102555570970406,1.965258422172229e-06
commons-dbcp,RSZZ,21,0.9,0.25,0.021113345859580867,0.425963545112803,1.965258422172229e-06
commons-dbcp,RSZZ,21,0.95,0.0,0.028752172748510944,0.45943006933892927,0.0004618757407540069
commons-dbcp,RSZZ,21,0.95,0.05,0.02242954136780665,0.4605758777632017,0.0004618757407540069
commons-dbcp,RSZZ,21,0.95,0.1,0.012595314765084136,0.45028951949592133,0.0004618757407540069
commons-dbcp,RSZZ,21,0.95,0.25,0.018691347037205576,0.463589217887456,0.0004618757407540069
commons-dbcp,RSZZ,21,0.99,0.0,0.022219359810565442,0.4917019473692781,0.00021830953355903433
commons-dbcp,RSZZ,21,0.99,0.05,0.01815532499269209,0.4956641887677291,0.00021830953355903433
commons-dbcp,RSZZ,21,0.99,0.1,0.005725676311514206,0.4859202004162009,0.00021830953355903433
commons-dbcp,RSZZ,21,0.99,0.25,-0.0029223699838416945,0.4829807211270695,0.00021830953355903433
commons-dbcp,RSZZ,21,0.995,0.0,0.02365765514512485,0.4970353234804108,-0.009560392520662339
commons-dbcp,RSZZ,21,0.995,0.05,0.020059756760602388,0.5014410901963152,-0.009560392520662339
commons-dbcp,RSZZ,21,0.995,0.1,0.007743106693925764,0.4921842496229931,-0.009560392520662339
commons-dbcp,RSZZ,21,0.995,0.25,-0.0059498233242411625,0.48538324540549305,-0.009560392520662339
commons-dbcp,RSZZ,21,0.999,0.0,0.034913167307780345,0.5097558442397029,-0.011260165878979381
commons-dbcp,RSZZ,21,0.999,0.05,0.03221938132919163,0.5149566151092759,-0.011260165878979381
commons-dbcp,RSZZ,21,0.999,0.1,0.020664192350074547,0.506641870504439,-0.011260165878979381
commons-dbcp,RSZZ,21,0.999,0.25,0.004861848600221976,0.4987254911603357,-0.011260165878979381
commons-dbcp,RSZZ,42,0.9,0.0,0.016236940496334656,0.42698248691214075,2.8009454115991854e-06
commons-dbcp,RSZZ,42,0.9,0.05,0.011709706006709425,0.42725446061957045,2.8009454115991854e-06
commons-dbcp,RSZZ,42,0.9,0.1,0.005298907755434235,0.42019352094506596,2.8009454115991854e-06
commons-dbcp,RSZZ,42,0.9,0.25,0.015918753582317695,0.43135038363236133,2.8009454115991854e-06
commons-dbcp,RSZZ,42,0.95,0.0,0.01696936241813278,0.4759628154536791,0.0008791913073827168
commons-dbcp,RSZZ,42,0.95,0.05,0.014201802677173303,0.4796550930555448,0.0008791913073827168
commons-dbcp,RSZZ,42,0.95,0.1,0.0062172115284105595,0.4722286672960368,0.0008791913073827168
commons-dbcp,RSZZ,42,0.95,0.25,0.016898343105681706,0.4851222558164074,0.0008791913073827168
commons-dbcp,RSZZ,42,0.99,0.0,0.00677228042764024,0.4927242495916632,0.03300716841659818
commons-dbcp,RSZZ,42,0.99,0.05,0.005685968207475838,0.49842846914605615,0.03300716841659818
commons-dbcp,RSZZ,42,0.99,0.1,-0.004143284391493008,0.49069648556280204,0.03300716841659818
commons-dbcp,RSZZ,42,0.99,0.25,-0.006891836426413249,0.488583039625938,0.03300716841659818
commons-dbcp,RSZZ,42,0.995,0.0,0.00019510983578462454,0.4849270033098536,0.013508143792091002
commons-dbcp,RSZZ,42,0.995,0.05,-0.0009140212583784697,0.4903882192920256,0.013508143792091002
commons-dbcp,RSZZ,42,0.995,0.1,-0.010987421555237187,0.48239053555195965,0.013508143792091002
commons-dbcp,RSZZ,42,0.995,0.25,-0.01954378179011104,0.47431118408963957,0.013508143792091002
commons-dbcp,RSZZ,42,0.999,0.0,0.0035095829149110586,0.4913670247931034,-0.019434753688933104
commons-dbcp,RSZZ,42,0.999,0.05,0.00283018482049156,0.4972914695671697,-0.019434753688933104
commons-dbcp,RSZZ,42,0.999,0.1,-0.006856543884036189,0.48988964176090416,-0.019434753688933104
commons-dbcp,RSZZ,42,0.999,0.25,-0.018457388851831732,0.4799217650518053,-0.019434753688933104
commons-dbcp,RSZZ,77,0.9,0.0,0.02117911301623044,0.4039257224515046,1.8866370108062969e-06
commons-dbcp,RSZZ,77,0.9,0.05,0.016564932848616033,0.40277143855511577,1.8866370108062969e-06
commons-dbcp,RSZZ,77,0.9,0.1,0.009901406513082713,0.39385308725381024,1.8866370108062969e-06
commons-dbcp,RSZZ,77,0.9,0.25,0.03372308424079438,0.4216554253458148,1.8866370108062969e-06
commons-dbcp,RSZZ,77,0.95,0.0,0.02437205163532062,0.44839737856665235,0.0005325427000837154
commons-dbcp,RSZZ,77,0.95,0.05,0.02181015568706791,0.450537764813391,0.0005325427000837154
commons-dbcp,RSZZ,77,0.95,0.1,0.012922434857578153,0.4403662244797278,0.0005325427000837154
commons-dbcp,RSZZ,77,0.95,0.25,0.03619683319279479,0.46111416828489354,0.0005325427000837154
commons-dbcp,RSZZ,77,0.99,0.0,0.012193680940980571,0.48369392517410587,-0.0037232616448754237
commons-dbcp,RSZZ,77,0.99,0.05,0.011368787154629374,0.48891456760601554,-0.0037232616448754237
commons-dbcp,RSZZ,77,0.99,0.1,0.0011053573014330514,0.4802234981136713,-0.0037232616448754237
commons-dbcp,RSZZ,77,0.99,0.25,0.0043378513450623895,0.48411985620310566,-0.0037232616448754237
commons-dbcp,RSZZ,77,0.995,0.0,0.006798003877583957,0.4866106645373534,-0.033222238644328016
commons-dbcp,RSZZ,77,0.995,0.05,0.00602787375596093,0.49215513232246527,-0.033222238644328016
commons-dbcp,RSZZ,77,0.995,0.1,-0.004279026220284625,0.4839292036562446,-0.033222238644328016
commons-dbcp,RSZZ,77,0.995,0.25,-0.007524915015987591,0.4832732961207362,-0.033222238644328016
commons-dbcp,RSZZ,77,0.999,0.0,0.011939941121192035,0.4969104323060631,-0.033733453146738535
commons-dbcp,RSZZ,77,0.999,0.05,0.011706436618424562,0.5031273754832729,-0.033733453146738535
commons-dbcp,RSZZ,77,0.999,0.1,0.0019932875396895225,0.49579664238080884,-0.033733453146738535
commons-dbcp,RSZZ,77,0.999,0.25,-0.004594187552733783,0.4933187220194719,-0.033733453146738535
commons-dbcp,RSZZ,101,0.9,0.0,0.053131641839787254,0.4878813577462432,2.7031635287570823e-06
commons-dbcp,RSZZ,101,0.9,0.05,0.04432903174283348,0.4875642110115979,2.7031635287570823e-06
commons-dbcp,RSZZ,101,0.9,0.1,0.03311167709820832,0.47433925892490375,2.7031635287570823e-06
commons-dbcp,RSZZ,101,0.9,0.25,0.038707940535172354,0.47954377238535145,2.7031635287570823e-06
commons-dbcp,RSZZ,101,0.95,0.0,0.0533184668981307,0.5241986176534638,0.0008791283253746744
commons-dbcp,RSZZ,101,0.95,0.05,0.0465219615889773,0.5269225580629104,0.0008791283253746744
commons-dbcp,RSZZ,101,0.95,0.1,0.03253361946637975,0.5145846050248127,0.0008791283253746744
commons-dbcp,RSZZ,101,0.95,0.25,0.03635919895848547,0.52298200728751,0.0008791283253746744
commons-dbcp,RSZZ,101,0.99,0.0,0.05078847733347649,0.535221348111659,0.04298783018864119
commons-dbcp,RSZZ,101,0.99,0.05,0.04666537241403132,0.53998258753261,0.04298783018864119
commons-dbcp,RSZZ,101,0.99,0.1,0.031215459560261706,0.5287428817343768,0.04298783018864119
commons-dbcp,RSZZ,101,0.99,0.25,0.020832055889592648,0.5240442716585084,0.04298783018864119
commons-dbcp,RSZZ,101,0.995,0.0,0.0509612697015798,0.5299406385975672,0.04023451185776503
commons-dbcp,RSZZ,101,0.995,0.05,0.04726863276838082,0.534640739432227,0.04023451185776503
commons-dbcp,RSZZ,101,0.995,0.1,0.03203015598559716,0.5234478027712032,0.04023451185776503
commons-dbcp,RSZZ,101,0.995,0.25,0.01667250618355611,0.5132110651468783,0.04023451185776503
commons-dbcp,RSZZ,101,0.999,0.0,0.06300701362274146,0.539466368225916,0.026935280297587606
commons-dbcp,RSZZ,101,0.999,0.05,0.06028387770142843,0.5448326298915416,0.026935280297587606
commons-dbcp,RSZZ,101,0.999,0.1,0.04600266915739634,0.5345418031646807,0.026935280297587606
commons-dbcp,RSZZ,101,0.999,0.25,0.02877483673396596,0.5226934222996069,0.026935280297587606
commons-dbcp,RSZZ,123,0.9,0.0,0.017541810190226225,0.41851870171752714,2.7324726048997953e-06
commons-dbcp,RSZZ,123,0.9,0.05,0.007632049824847016,0.4152164826137515,2.7324726048997953e-06
commons-dbcp,RSZZ,123,0.9,0.1,-0.001244479582290041,0.4055323093415999,2.7324726048997953e-06
commons-dbcp,RSZZ,123,0.9,0.25,0.011065948782176841,0.4226170741669166,2.7324726048997953e-06
commons-dbcp,RSZZ,123,0.95,0.0,0.023219799721162122,0.4772334707685203,0.0008441109138677973
commons-dbcp,RSZZ,123,0.95,0.05,0.01542753603343193,0.4780129578255316,0.0008441109138677973
commons-dbcp,RSZZ,123,0.95,0.1,0.003377418017760499,0.46712609365447516,0.0008441109138677973
commons-dbcp,RSZZ,123,0.95,0.25,0.013464210361630771,0.48070564232150464,0.0008441109138677973
commons-dbcp,RSZZ,123,0.99,0.0,0.02285310907425304,0.5024418802574074,0.0336752233430364
commons-dbcp,RSZZ,123,0.99,0.05,0.01765909381896402,0.5058382763047886,0.0336752233430364
commons-dbcp,RSZZ,123,0.99,0.1,0.0030762331746000864,0.49474224135024775,0.0336752233430364
commons-dbcp,RSZZ,123,0.99,0.25,-0.00608144396332138,0.49214775252910037,0.0336752233430364
commons-dbcp,RSZZ,123,0.995,0.0,0.0203568720371864,0.4977777741564482,0.017139306558489505
commons-dbcp,RSZZ,123,0.995,0.05,0.015432144128275543,0.501123637609794,0.017139306558489505
commons-dbcp,RSZZ,123,0.995,0.1,0.0007279903943197023,0.48992386277150934,0.017139306558489505
commons-dbcp,RSZZ,123,0.995,0.25,-0.014357855971567248,0.48145628140947905,0.017139306558489505
commons-dbcp,RSZZ,123,0.999,0.0,0.031762427777361886,0.5104515849068911,-0.005516458515372447
commons-dbcp,RSZZ,123,0.999,0.05,0.027755901160588764,0.5146094155056145,-0.005516458515372447
commons-dbcp,RSZZ,123,0.999,0.1,0.01382632564006179,0.5043540517914982,-0.005516458515372447
commons-dbcp,RSZZ,123,0.999,0.25,-0.0034904236930265124,0.49460011440548973,-0.005516458515372447
commons-dbcp,RSZZ,202,0.9,0.0,0.02426626735482979,0.4384684208340624,2.731821846637696e-06
commons-dbcp,RSZZ,202,0.9,0.05,0.019156016107021483,0.43837601370436163,2.731821846637696e-06
commons-dbcp,RSZZ,202,0.9,0.1,0.01772977209918867,0.43453734030366936,2.731821846637696e-06
commons-dbcp,RSZZ,202,0.9,0.25,0.027721127107638042,0.4467924987955187,2.731821846637696e-06
commons-dbcp,RSZZ,202,0.95,0.0,0.027712395977892768,0.4865979101859036,0.000840950023421565
commons-dbcp,RSZZ,202,0.95,0.05,0.0246610298973388,0.49010738779539614,0.000840950023421565
commons-dbcp,RSZZ,202,0.95,0.1,0.020236132351908482,0.4851739076867578,0.000840950023421565
commons-dbcp,RSZZ,202,0.95,0.25,0.03488884741545761,0.5041296770348928,0.000840950023421565
commons-dbcp,RSZZ,202,0.99,0.0,0.01784349304263959,0.5033752628637587,0.0326341291808523
commons-dbcp,RSZZ,202,0.99,0.05,0.016626370731180787,0.5090470381849365,0.0326341291808523
commons-dbcp,RSZZ,202,0.99,0.1,0.008428414462503272,0.5026460660142676,0.0326341291808523
commons-dbcp,RSZZ,202,0.99,0.25,0.017444434042850395,0.5122041460260855,0.0326341291808523
commons-dbcp,RSZZ,202,0.995,0.0,0.011322764094824286,0.49620870574547404,0.01685692147838783
commons-dbcp,RSZZ,202,0.995,0.05,0.010102584381969655,0.501688980581319,0.01685692147838783
commons-dbcp,RSZZ,202,0.995,0.1,0.001421597360921871,0.49488945233795856,0.01685692147838783
commons-dbcp,RSZZ,202,0.995,0.25,0.005040732914160644,0.4988073490376984,0.01685692147838783
commons-dbcp,RSZZ,202,0.999,0.0,0.013021205737415215,0.500694421795087,-0.005214334032924686
commons-dbcp,RSZZ,202,0.999,0.05,0.012160662599756606,0.5065520942252619,-0.005214334032924686
commons-dbcp,RSZZ,202,0.999,0.1,0.0035874315439992665,0.5001014041653055,-0.005214334032924686
commons-dbcp,RSZZ,202,0.999,0.25,0.0037279761931940055,0.5014412364022758,-0.005214334032924686
commons-dbcp,RSZZ,314,0.9,0.0,0.0883641181321992,0.5464347417135162,2.6341681491222236e-06
commons-dbcp,RSZZ,314,0.9,0.05,0.08227232941714242,0.5500693758800316,2.6341681491222236e-06
commons-dbcp,RSZZ,314,0.9,0.1,0.07264629836051797,0.5435849093464066,2.6341681491222236e-06
commons-dbcp,RSZZ,314,0.9,0.25,0.0673043726158195,0.5579712164676159,2.6341681491222236e-06
commons-dbcp,RSZZ,314,0.95,0.0,0.08786457709661168,0.5709189464529182,0.0008390345750406523
commons-dbcp,RSZZ,314,0.95,0.05,0.08345022419605082,0.576619132206523,0.0008390345750406523
commons-dbcp,RSZZ,314,0.95,0.1,0.07362267362837059,0.5713317604768162,0.0008390345750406523
commons-dbcp,RSZZ,314,0.95,0.25,0.07278632372892789,0.5893306933902256,0.0008390345750406523
commons-dbcp,RSZZ,314,0.99,0.0,0.0872528033587443,0.569158932764054,0.046378959618581246
commons-dbcp,RSZZ,314,0.99,0.05,0.08532233430076375,0.5759548419196449,0.046378959618581246
commons-dbcp,RSZZ,314,0.99,0.1,0.07601350685489627,0.5714082625568957,0.046378959618581246
commons-dbcp,RSZZ,314,0.99,0.25,0.07037818693101551,0.5777417518889867,0.046378959618581246
commons-dbcp,RSZZ,314,0.995,0.0,0.08984621202115609,0.5614766983426602,0.059372602712391344
commons-dbcp,RSZZ,314,0.995,0.05,0.08844008821269328,0.5680572263766827,0.059372602712391344
commons-dbcp,RSZZ,314,0.995,0.1,0.07952194249682763,0.5632759200835584,0.059372602712391344
commons-dbcp,RSZZ,314,0.995,0.25,0.07060015183048947,0.5647828148654948,0.059372602712391344
commons-dbcp,RSZZ,314,0.999,0.0,0.10187789626492273,0.5640761696825086,0.07070463859241864
commons-dbcp,RSZZ,314,0.999,0.05,0.10141675930266279,0.5709417957104646,0.07070463859241864
commons-dbcp,RSZZ,314,0.999,0.1,0.09343530917272644,0.5665015947964579,0.07070463859241864
commons-dbcp,RSZZ,314,0.999,0.25,0.08377330571331428,0.5660047730956059,0.07070463859241864
commons-dbcp,RSZZ,999,0.9,0.0,0.046547441631570804,0.4653083769351502,1.8565974502515574e-06
commons-dbcp,RSZZ,999,0.9,0.05,0.038644659817557825,0.4648880685476863,1.8565974502515574e-06
commons-dbcp,RSZZ,999,0.9,0.1,0.02661007640250814,0.4501545358825291,1.8565974502515574e-06
commons-dbcp,RSZZ,999,0.9,0.25,0.048223611940094654,0.47366993518371436,1.8565974502515574e-06
commons-dbcp,RSZZ,999,0.95,0.0,0.044864231659495435,0.49013625089165996,0.0005070170174850448
commons-dbcp,RSZZ,999,0.95,0.05,0.0385521195170097,0.4919142276212555,0.0005070170174850448
commons-dbcp,RSZZ,999,0.95,0.1,0.024177149750154715,0.47774769072747825,0.0005070170174850448
commons-dbcp,RSZZ,999,0.95,0.25,0.044326185221162565,0.49938965674100544,0.0005070170174850448
commons-dbcp,RSZZ,999,0.99,0.0,0.03614010715850902,0.5119480066737728,-0.0004570952817782018
commons-dbcp,RSZZ,999,0.99,0.05,0.0318491833217448,0.5160344670211174,-0.0004570952817782018
commons-dbcp,RSZZ,999,0.99,0.1,0.01626902006767268,0.5040406411307287,-0.0004570952817782018
commons-dbcp,RSZZ,999,0.99,0.25,0.016094451854266854,0.5055866308305103,-0.0004570952817782018
commons-dbcp,RSZZ,999,0.995,0.0,0.03574699019766745,0.5145254775467197,-0.02122960594007373
commons-dbcp,RSZZ,999,0.995,0.05,0.03181741657521277,0.518919664533454,-0.02122960594007373
commons-dbcp,RSZZ,999,0.995,0.1,0.01647308875914498,0.5074794510600026,-0.02122960594007373
commons-dbcp,RSZZ,999,0.995,0.25,0.008934344863122145,0.5030324081252434,-0.02122960594007373
commons-dbcp,RSZZ,999,0.999,0.0,0.04751275422315477,0.5270818382461231,-0.01295075226525319
commons-dbcp,RSZZ,999,0.999,0.05,0.04450707377098454,0.5322691865971124,-0.01295075226525319
commons-dbcp,RSZZ,999,0.999,0.1,0.030141713160270037,0.5219402177795437,-0.01295075226525319
commons-dbcp,RSZZ,999,0.999,0.25,0.018778722221842115,0.5149225712480889,-0.01295075226525319
commons-dbcp,RASZZ,7,0.9,0.0,0.04690613893419653,0.49137589994945685,1.901580516683467e-06
commons-dbcp,RASZZ,7,0.9,0.05,0.04587201557420106,0.49713937693118015,1.901580516683467e-06
commons-dbcp,RASZZ,7,0.9,0.1,0.03607313698033783,0.48810481155173757,1.901580516683467e-06
commons-dbcp,RASZZ,7,0.9,0.25,0.04147321876008918,0.4962578333060243,1.901580516683467e-06
commons-dbcp,RASZZ,7,0.95,0.0,0.05279379046358258,0.5246136366793398,0.0005650723967216849
commons-dbcp,RASZZ,7,0.95,0.05,0.05329324746797601,0.5322266651676207,0.0005650723967216849
commons-dbcp,RASZZ,7,0.95,0.1,0.045137288378603854,0.5258710233659659,0.0005650723967216849
commons-dbcp,RASZZ,7,0.95,0.25,0.048677632280823335,0.5332614181455724,0.0005650723967216849
commons-dbcp,RASZZ,7,0.99,0.0,0.04646903690920454,0.5329084160004155,0.02620869333670108
commons-dbcp,RASZZ,7,0.99,0.05,0.048313829911273455,0.5414841298111391,0.02620869333670108
commons-dbcp,RASZZ,7,0.99,0.1,0.042106036661353895,0.5378359831740969,0.02620869333670108
commons-dbcp,RASZZ,7,0.99,0.25,0.03944209389635503,0.5393214466526512,0.02620869333670108
commons-dbcp,RASZZ,7,0.995,0.0,0.03907502364454417,0.5235057075250427,0.024075008224412827
commons-dbcp,RASZZ,7,0.995,0.05,0.04078895888785036,0.5316863318478123,0.024075008224412827
commons-dbcp,RASZZ,7,0.995,0.1,0.03461306291085449,0.5279226171006387,0.024075008224412827
commons-dbcp,RASZZ,7,0.995,0.25,0.028733787805919904,0.526069408756788,0.024075008224412827
commons-dbcp,RASZZ,7,0.999,0.0,0.03534732771162699,0.5185961189544834,0.016360637795310093
commons-dbcp,RASZZ,7,0.999,0.05,0.03707537351580163,0.5265997188421347,0.016360637795310093
commons-dbcp,RASZZ,7,0.999,0.1,0.031090155476006166,0.5229128648082471,0.016360637795310093
commons-dbcp,RASZZ,7,0.999,0.25,0.023032648537832302,0.5190062611261458,0.016360637795310093
commons-dbcp,RASZZ,13,0.9,0.0,0.013430787590620647,0.46669557404825723,1.9365141158698606e-06
commons-dbcp,RASZZ,13,0.9,0.05,0.013021395251666588,0.4716632691370406,1.9365141158698606e-06
commons-dbcp,RASZZ,13,0.9,0.1,0.0016967964311121251,0.46149827544623284,1.9365141158698606e-06
commons-dbcp,RASZZ,13,0.9,0.25,0.010530038241274617,0.4722903322222458,1.9365141158698606e-06
commons-dbcp,RASZZ,13,0.95,0.0,0.01282652716467231,0.4936652710141726,0.0005974022524173853
commons-dbcp,RASZZ,13,0.95,0.05,0.013979024865224916,0.500535665621317,0.0005974022524173853
commons-dbcp,RASZZ,13,0.95,0.1,0.005037023265514072,0.4933719476312849,0.0005974022524173853
commons-dbcp,RASZZ,13,0.95,0.25,0.011128792479105793,0.5022546424414511,0.0005974022524173853
commons-dbcp,RASZZ,13,0.99,0.0,0.004021420002185797,0.49973127997403677,0.020115208621096385
commons-dbcp,RASZZ,13,0.99,0.05,0.006287459255329116,0.5076439420158251,0.020115208621096385
commons-dbcp,RASZZ,13,0.99,0.1,0.0008123022605954966,0.5039184848128937,0.020115208621096385
commons-dbcp,RASZZ,13,0.99,0.25,-0.0028376433575665883,0.5035178553478171,0.020115208621096385
commons-dbcp,RASZZ,13,0.995,0.0,-0.005730446967338209,0.4870097203510826,0.006705251144764224
commons-dbcp,RASZZ,13,0.995,0.05,-0.003758659713552688,0.4943764524577585,0.006705251144764224
commons-dbcp,RASZZ,13,0.995,0.1,-0.009150387088795932,0.49042291406155797,0.006705251144764224
commons-dbcp,RASZZ,13,0.995,0.25,-0.016825349693059946,0.4853366361238866,0.006705251144764224
commons-dbcp,RASZZ,13,0.999,0.0,-0.012656301366027675,0.4799358722626245,-0.017764942984631375
commons-dbcp,RASZZ,13,0.999,0.05,-0.010873001533948509,0.48703002647838367,-0.017764942984631375
commons-dbcp,RASZZ,13,0.999,0.1,-0.01612758148335378,0.48308187840969297,-0.017764942984631375
commons-dbcp,RASZZ,13,0.999,0.25,-0.026626687374307772,0.4751931112126858,-0.017764942984631375
commons-dbcp,RASZZ,21,0.9,0.0,0.04630447570239799,0.48196898030777857,2.101060614344345e-06
commons-dbcp,RASZZ,21,0.9,0.05,0.03923659373877343,0.48366444156496397,2.101060614344345e-06
commons-dbcp,RASZZ,21,0.9,0.1,0.03619820451324293,0.4811905565274478,2.101060614344345e-06
commons-dbcp,RASZZ,21,0.9,0.25,0.05226255839264266,0.49587501056132116,2.101060614344345e-06
commons-dbcp,RASZZ,21,0.95,0.0,0.04641027794469667,0.5133464290849395,0.0006077669140603165
commons-dbcp,RASZZ,21,0.95,0.05,0.04102707455875664,0.5173001127086156,0.0006077669140603165
commons-dbcp,RASZZ,21,0.95,0.1,0.03548872425019328,0.5126419581777044,0.0006077669140603165
commons-dbcp,RASZZ,21,0.95,0.25,0.050798881257452036,0.52872663151658,0.0006077669140603165
commons-dbcp,RASZZ,21,0.99,0.0,0.03785192890027272,0.5249658774050507,0.02788469499179191
commons-dbcp,RASZZ,21,0.99,0.05,0.03455982151045378,0.5306120896603694,0.02788469499179191
commons-dbcp,RASZZ,21,0.99,0.1,0.02492688410717334,0.5240156805248347,0.02788469499179191
commons-dbcp,RASZZ,21,0.99,0.25,0.026348217710263463,0.5279566025559504,0.02788469499179191
commons-dbcp,RASZZ,21,0.995,0.0,0.031210876955728144,0.5153740281381175,0.022116304791597766
commons-dbcp,RASZZ,21,0.995,0.05,0.02796295011078503,0.5206885408475197,0.022116304791597766
commons-dbcp,RASZZ,21,0.995,0.1,0.017715663641674248,0.5135232235520557,0.022116304791597766
commons-dbcp,RASZZ,21,0.995,0.25,0.012747993180198258,0.5111571778232841,0.022116304791597766
commons-dbcp,RASZZ,21,0.999,0.0,0.030313544587986928,0.513542096148291,0.005429613433649407
commons-dbcp,RASZZ,21,0.999,0.05,0.02733849868259374,0.5188969144309165,0.005429613433649407
commons-dbcp,RASZZ,21,0.999,0.1,0.016944318688024308,0.5116867792474976,0.005429613433649407
commons-dbcp,RASZZ,21,0.999,0.25,0.007283053792854943,0.5053555045310578,0.005429613433649407
commons-dbcp,RASZZ,42,0.9,0.0,0.047849763707632324,0.5066569464002783,1.8251020896284876e-06
commons-dbcp,RASZZ,42,0.9,0.05,0.04494568727410085,0.5111108555724335,1.8251020896284876e-06
commons-dbcp,RASZZ,42,0.9,0.1,0.03804526684151152,0.5075024075415804,1.8251020896284876e-06
commons-dbcp,RASZZ,42,0.9,0.25,0.03483534319708014,0.5111506013327992,1.8251020896284876e-06
commons-dbcp,RASZZ,42,0.95,0.0,0.05120105696801323,0.5369218003897527,0.000555891464009326
commons-dbcp,RASZZ,42,0.95,0.05,0.05012538619433265,0.5437175394167937,0.000555891464009326
commons-dbcp,RASZZ,42,0.95,0.1,0.04428520836580903,0.5409577451211256,0.000555891464009326
commons-dbcp,RASZZ,42,0.95,0.25,0.03953449649250613,0.5462898250031748,0.000555891464009326
commons-dbcp,RASZZ,42,0.99,0.0,0.04177345815966668,0.534829443072566,0.030522095972214294
commons-dbcp,RASZZ,42,0.99,0.05,0.04240619039329539,0.5426379763449892,0.030522095972214294
commons-dbcp,RASZZ,42,0.99,0.1,0.036784163333386806,0.5400177622702813,0.030522095972214294
commons-dbcp,RASZZ,42,0.99,0.25,0.029560725622218256,0.5417149869237673,0.030522095972214294
commons-dbcp,RASZZ,42,0.995,0.0,0.033749675885076325,0.5206114844613641,0.02966768782142738
commons-dbcp,RASZZ,42,0.995,0.05,0.034286687503040446,0.5278462104741534,0.02966768782142738
commons-dbcp,RASZZ,42,0.995,0.1,0.02841595448496869,0.524566213312536,0.02966768782142738
commons-dbcp,RASZZ,42,0.995,0.25,0.019327923983031202,0.5227490916625773,0.02966768782142738
commons-dbcp,RASZZ,42,0.999,0.0,0.030350308453102128,0.5132003404387617,0.019019453868469254
commons-dbcp,RASZZ,42,0.999,0.05,0.03097182342303646,0.5201834567784525,0.019019453868469254
commons-dbcp,RASZZ,42,0.999,0.1,0.025119350922653966,0.5166325360218023,0.019019453868469254
commons-dbcp,RASZZ,42,0.999,0.25,0.01505403027464289,0.5127480685451914,0.019019453868469254
commons-dbcp,RASZZ,77,0.9,0.0,0.0670283917386056,0.5251439140767147,2.45351013621744e-06
commons-dbcp,RASZZ,77,0.9,0.05,0.06518342574086376,0.5306325874719474,2.45351013621744e-06
commons-dbcp,RASZZ,77,0.9,0.1,0.057067225622685853,0.5236341584281353,2.45351013621744e-06
commons-dbcp,RASZZ,77,0.9,0.25,0.07162821677540598,0.5419375816390068,2.45351013621744e-06
commons-dbcp,RASZZ,77,0.95,0.0,0.06875292838247196,0.5502137685265639,0.0007056024853386345
commons-dbcp,RASZZ,77,0.95,0.05,0.0686261835878936,0.5577375778877895,0.0007056024853386345
commons-dbcp,RASZZ,77,0.95,0.1,0.061016198654221206,0.55214965615821,0.0007056024853386345
commons-dbcp,RASZZ,77,0.95,0.25,0.0729661619537358,0.5693572214114524,0.0007056024853386345
commons-dbcp,RASZZ,77,0.99,0.0,0.06081890786513305,0.5509935451252933,0.03789408298055777
commons-dbcp,RASZZ,77,0.99,0.05,0.06245753088481157,0.5596566492846263,0.03789408298055777
commons-dbcp,RASZZ,77,0.99,0.1,0.05558637680530065,0.5555501610348869,0.03789408298055777
commons-dbcp,RASZZ,77,0.99,0.25,0.05833739364095942,0.5632778834551524,0.03789408298055777
commons-dbcp,RASZZ,77,0.995,0.0,0.05339367165814824,0.5384367221140574,0.046097456324688924
commons-dbcp,RASZZ,77,0.995,0.05,0.054965396808952266,0.5466098353761709,0.046097456324688924
commons-dbcp,RASZZ,77,0.995,0.1,0.048023416185040975,0.5421414357903368,0.046097456324688924
commons-dbcp,RASZZ,77,0.995,0.25,0.04645719013090975,0.5446389637426424,0.046097456324688924
commons-dbcp,RASZZ,77,0.999,0.0,0.047056139849294146,0.5284567816730781,0.038592932698463575
commons-dbcp,RASZZ,77,0.999,0.05,0.04855877866506003,0.5362438456595571,0.038592932698463575
commons-dbcp,RASZZ,77,0.999,0.1,0.041588901594556194,0.5315205955252411,0.038592932698463575
commons-dbcp,RASZZ,77,0.999,0.25,0.03626321950678383,0.5297581645441605,0.038592932698463575
commons-dbcp,RASZZ,101,0.9,0.0,0.04701744268243803,0.47979300176466627,1.8211195501398938e-06
commons-dbcp,RASZZ,101,0.9,0.05,0.045866926693243264,0.48305732055875883,1.8211195501398938e-06
commons-dbcp,RASZZ,101,0.9,0.1,0.042298189792409124,0.47972816070919494,1.8211195501398938e-06
commons-dbcp,RASZZ,101,0.9,0.25,0.04985260117533361,0.48601641806573803,1.8211195501398938e-06
commons-dbcp,RASZZ,101,0.95,0.0,0.04532903867842693,0.5038503876549699,0.0005213017469951881
commons-dbcp,RASZZ,101,0.95,0.05,0.04623261133233791,0.5096467943903756,0.0005213017469951881
commons-dbcp,RASZZ,101,0.95,0.1,0.043209519435916326,0.5070121916237972,0.0005213017469951881
commons-dbcp,RASZZ,101,0.95,0.25,0.048122523858736395,0.5125709233775375,0.0005213017469951881
commons-dbcp,RASZZ,101,0.99,0.0,0.029726217774054754,0.5139345133028472,0.012370406922352414
commons-dbcp,RASZZ,101,0.99,0.05,0.03208899059886541,0.5216555189380172,0.012370406922352414
commons-dbcp,RASZZ,101,0.99,0.1,0.02928789888138546,0.5198833486413521,0.012370406922352414
commons-dbcp,RASZZ,101,0.99,0.25,0.030385232744274158,0.5246356895088542,0.012370406922352414
commons-dbcp,RASZZ,101,0.995,0.0,0.020117382267784745,0.5064907667638753,0.002807522696511505
commons-dbcp,RASZZ,101,0.995,0.05,0.022283352341904636,0.5140169394333669,0.002807522696511505
commons-dbcp,RASZZ,101,0.995,0.1,0.019197955423365946,0.511967163232954,0.002807522696511505
commons-dbcp,RASZZ,101,0.995,0.25,0.018452139105982167,0.514777398154082,0.002807522696511505
commons-dbcp,RASZZ,101,0.999,0.0,0.012129029458360004,0.4994540140139735,-0.001968604928486097
commons-dbcp,RASZZ,101,0.999,0.05,0.014122407031239922,0.5067699855340911,-0.001968604928486097
commons-dbcp,RASZZ,101,0.999,0.1,0.010823839649045675,0.5044592761509487,-0.001968604928486097
commons-dbcp,RASZZ,101,0.999,0.25,0.008530393959724875,0.5053690105203222,-0.001968604928486097
commons-dbcp,RASZZ,123,0.9,0.0,0.03788597520068666,0.4735176312028885,1.8357356728955058e-06
commons-dbcp,RASZZ,123,0.9,0.05,0.03854413458602482,0.4781810441908541,1.8357356728955058e-06
commons-dbcp,RASZZ,123,0.9,0.1,0.03625217374812651,0.4767435193454502,1.8357356728955058e-06
commons-dbcp,RASZZ,123,0.9,0.25,0.047991758102300094,0.4892425513113252,1.8357356728955058e-06
commons-dbcp,RASZZ,123,0.95,0.0,0.040315073228872275,0.5101202380832344,0.0005387122441166261
commons-dbcp,RASZZ,123,0.95,0.05,0.042758149998803126,0.517572029456182,0.0005387122441166261
commons-dbcp,RASZZ,123,0.95,0.1,0.04089537096727592,0.516216283133041,0.0005387122441166261
commons-dbcp,RASZZ,123,0.95,0.25,0.05178099191891735,0.530383541669675,0.0005387122441166261
commons-dbcp,RASZZ,123,0.99,0.0,0.028684679148662597,0.5224108500071221,0.025366903820737752
commons-dbcp,RASZZ,123,0.99,0.05,0.032235284638035766,0.5314602308525544,0.025366903820737752
commons-dbcp,RASZZ,123,0.99,0.1,0.03026926064411972,0.5304688579275579,0.025366903820737752
commons-dbcp,RASZZ,123,0.99,0.25,0.037620289802233066,0.5401964019724443,0.025366903820737752
commons-dbcp,RASZZ,123,0.995,0.0,0.01719836349146008,0.5088589707782973,0.024972497663985963
commons-dbcp,RASZZ,123,0.995,0.05,0.02038165222889732,0.517339463701724,0.024972497663985963
commons-dbcp,RASZZ,123,0.995,0.1,0.017998632788176212,0.5157516631439014,0.024972497663985963
commons-dbcp,RASZZ,123,0.995,0.25,0.0223215811466436,0.5213869428279587,0.024972497663985963
commons-dbcp,RASZZ,123,0.999,0.0,0.0028787067770660165,0.4940265476737325,0.01042483158191221
commons-dbcp,RASZZ,123,0.999,0.05,0.005503551710761977,0.5018474588208081,0.01042483158191221
commons-dbcp,RASZZ,123,0.999,0.1,0.002531235113825128,0.49958612837503963,0.01042483158191221
commons-dbcp,RASZZ,123,0.999,0.25,0.0031618437782555907,0.5010208224853622,0.01042483158191221
commons-dbcp,RASZZ,202,0.9,0.0,0.0499240860544116,0.5055733173107625,1.817509163394607e-06
commons-dbcp,RASZZ,202,0.9,0.05,0.04892391368790512,0.5101711007020671,1.817509163394607e-06
commons-dbcp,RASZZ,202,0.9,0.1,0.04374109973004553,0.5078937149251725,1.817509163394607e-06
commons-dbcp,RASZZ,202,0.9,0.25,0.05929427202173975,0.5245131338487422,1.817509163394607e-06
commons-dbcp,RASZZ,202,0.95,0.0,0.046226233438495634,0.5270879441525304,0.0005941099997343021
commons-dbcp,RASZZ,202,0.95,0.05,0.04717621271792742,0.5340862934653958,0.0005941099997343021
commons-dbcp,RASZZ,202,0.95,0.1,0.04323221355009186,0.5322458188644773,0.0005941099997343021
commons-dbcp,RASZZ,202,0.95,0.25,0.054525134198218785,0.5477484787819887,0.0005941099997343021
commons-dbcp,RASZZ,202,0.99,0.0,0.032440489815415786,0.523585197288958,0.0330315233418886
commons-dbcp,RASZZ,202,0.99,0.05,0.03494365602167616,0.5318053762337543,0.0330315233418886
commons-dbcp,RASZZ,202,0.99,0.1,0.03211302103861445,0.5304474131553341,0.0330315233418886
commons-dbcp,RASZZ,202,0.99,0.25,0.03628625721790613,0.5388501365625055,0.0330315233418886
commons-dbcp,RASZZ,202,0.995,0.0,0.021788109915440345,0.5093606002681527,0.032794808811330615
commons-dbcp,RASZZ,202,0.995,0.05,0.024040496936852764,0.5170352126016585,0.032794808811330615
commons-dbcp,RASZZ,202,0.995,0.1,0.020939039095515918,0.5150621910508373,0.032794808811330615
commons-dbcp,RASZZ,202,0.995,0.25,0.022083930161320653,0.5192376207632746,0.032794808811330615
commons-dbcp,RASZZ,202,0.999,0.0,0.011172607438944743,0.49777257092593286,0.014972437466857546
commons-dbcp,RASZZ,202,0.999,0.05,0.013116514907372149,0.5050015712518416,0.014972437466857546
commons-dbcp,RASZZ,202,0.999,0.1,0.009700964877217154,0.5025440741180128,0.014972437466857546
commons-dbcp,RASZZ,202,0.999,0.25,0.007989805665748879,0.5032579508708073,0.014972437466857546
commons-dbcp,RASZZ,314,0.9,0.0,0.04487101667658665,0.4978883631859676,2.1326116276921657e-06
commons-dbcp,RASZZ,314,0.9,0.05,0.04414297356189921,0.5024920121213694,2.1326116276921657e-06
commons-dbcp,RASZZ,314,0.9,0.1,0.03888500517030327,0.5001298482781329,2.1326116276921657e-06
commons-dbcp,RASZZ,314,0.9,0.25,0.050896379310351174,0.5145569682200424,2.1326116276921657e-06
commons-dbcp,RASZZ,314,0.95,0.0,0.04154156023062173,0.5221862055252047,0.0006282751162636445
commons-dbcp,RASZZ,314,0.95,0.05,0.04263304642915728,0.529207361055685,0.0006282751162636445
commons-dbcp,RASZZ,314,0.95,0.1,0.038819267672794755,0.527571226108674,0.0006282751162636445
commons-dbcp,RASZZ,314,0.95,0.25,0.04749364500311418,0.5415401500037104,0.0006282751162636445
commons-dbcp,RASZZ,314,0.99,0.0,0.024997146862290705,0.5192796201331776,0.026768459995815803
commons-dbcp,RASZZ,314,0.99,0.05,0.027345091094726385,0.5274383890473879,0.026768459995815803
commons-dbcp,RASZZ,314,0.99,0.1,0.024644319837735927,0.5263606353066268,0.026768459995815803
commons-dbcp,RASZZ,314,0.99,0.25,0.027460796702076653,0.5342614878172949,0.026768459995815803
commons-dbcp,RASZZ,314,0.995,0.0,0.014226031942382474,0.5048491481646294,0.021183442753785156
commons-dbcp,RASZZ,314,0.995,0.05,0.016298801390314113,0.5124381429987344,0.021183442753785156
commons-dbcp,RASZZ,314,0.995,0.1,0.01332739450101608,0.5107232807726892,0.021183442753785156
commons-dbcp,RASZZ,314,0.995,0.25,0.013391067689033668,0.5145907668505155,0.021183442753785156
commons-dbcp,RASZZ,314,0.999,0.0,0.004934481044785916,0.49410102058461386,0.005434588510984243
commons-dbcp,RASZZ,314,0.999,0.05,0.006753081349929505,0.5012773214077978,0.005434588510984243
commons-dbcp,RASZZ,314,0.999,0.1,0.0035468485793480617,0.49911559646164183,0.005434588510984243
commons-dbcp,RASZZ,314,0.999,0.25,0.0012777099747057292,0.4998989509616258,0.005434588510984243
commons-dbcp,RASZZ,999,0.9,0.0,0.025053473018542258,0.46668689519556034,2.1657207942339316e-06
commons-dbcp,RASZZ,999,0.9,0.05,0.02402917710802542,0.4702668013513271,2.1657207942339316e-06
commons-dbcp,RASZZ,999,0.9,0.1,0.021625005652929543,0.46874816441678524,2.1657207942339316e-06
commons-dbcp,RASZZ,999,0.9,0.25,0.03188468069140601,0.4801196027742018,2.1657207942339316e-06
commons-dbcp,RASZZ,999,0.95,0.0,0.025133879290990507,0.5040628593675779,0.0006597995468157267
commons-dbcp,RASZZ,999,0.95,0.05,0.025961254668222435,0.5105932397236456,0.0006597995468157267
commons-dbcp,RASZZ,999,0.95,0.1,0.023522407416372935,0.5090273938239142,0.0006597995468157267
commons-dbcp,RASZZ,999,0.95,0.25,0.03205447618771716,0.5225049566314496,0.0006597995468157267
commons-dbcp,RASZZ,999,0.99,0.0,0.011591479592416612,0.5087611641431136,0.032509039466449216
commons-dbcp,RASZZ,999,0.99,0.05,0.01362746149544831,0.5166536424295184,0.032509039466449216
commons-dbcp,RASZZ,999,0.99,0.1,0.010450970601887655,0.5146767798849704,0.032509039466449216
commons-dbcp,RASZZ,999,0.99,0.25,0.01470201714606209,0.5221374554764978,0.032509039466449216
commons-dbcp,RASZZ,999,0.995,0.0,-0.0006638060121485154,0.4923985473953562,0.029137970957857903
commons-dbcp,RASZZ,999,0.995,0.05,0.000993000810662553,0.4995994479084543,0.029137970957857903
commons-dbcp,RASZZ,999,0.995,0.1,-0.002712286015606709,0.4968153571010171,0.029137970957857903
commons-dbcp,RASZZ,999,0.995,0.25,-0.001774465191752736,0.49944360229619195,0.029137970957857903
commons-dbcp,RASZZ,999,0.999,0.0,-0.014228597640373125,0.47854282998556263,1.6633413256895435e-05
commons-dbcp,RASZZ,999,0.999,0.05,-0.013068585023539756,0.48515307060705726,1.6633413256895435e-05
commons-dbcp,RASZZ,999,0.999,0.1,-0.017369684378200266,0.4817177638931786,1.6633413256895435e-05
commons-dbcp,RASZZ,999,0.999,0.25,-0.020104136138418275,0.48020062840809813,1.6633413256895435e-05
commons-digester,oracle,7,0.9,0.0,0.00748338824537344,0.10883777978114927,-0.22258429179404776
commons-digester,oracle,7,0.9,0.05,0.00786995703387713,0.1144600042727681,-0.22258429179404776
commons-digester,oracle,7,0.9,0.1,-0.010786462867985104,0.0801375971458465,-0.22258429179404776
commons-digester,oracle,7,0.9,0.25,-0.014275957038406445,0.07764346810176742,-0.22258429179404776
commons-digester,oracle,7,0.95,0.0,0.004578578217907209,0.2168009929305725,-0.173794380470089
commons-digester,oracle,7,0.95,0.05,0.004815093466980391,0.22800026449521218,-0.173794380470089
commons-digester,oracle,7,0.95,0.1,-0.013138003746066744,0.2004348350158094,-0.173794380470089
commons-digester,oracle,7,0.95,0.25,-0.021222431241171406,0.1826211452882152,-0.173794380470089
commons-digester,oracle,7,0.99,0.0,0.028279458576507713,0.41757042815979717,-0.08926043809665878
commons-digester,oracle,7,0.99,0.05,0.02974028830804271,0.4391408303941726,-0.08926043809665878
commons-digester,oracle,7,0.99,0.1,0.016686030798446723,0.4270271895329803,-0.08926043809665878
commons-digester,oracle,7,0.99,0.25,-0.006320078555814297,0.3984817344765006,-0.08926043809665878
commons-digester,oracle,7,0.995,0.0,0.04459642599511778,0.47053446947379385,-0.05837438559622037
commons-digester,oracle,7,0.995,0.05,0.0469001400085108,0.49484083095733283,-0.05837438559622037
commons-digester,oracle,7,0.995,0.1,0.03569525521192549,0.4871750272432361,-0.05837438559622037
commons-digester,oracle,7,0.995,0.25,0.011921748238458098,0.465855765437261,-0.05837438559622037
commons-digester,oracle,7,0.999,0.0,0.06847056440729885,0.525020418993669,0.0047518208291220205
commons-digester,oracle,7,0.999,0.05,0.07200754288058035,0.5521413568169288,0.0047518208291220205
commons-digester,oracle,7,0.999,0.1,0.06300684652804453,0.548965330580759,0.0047518208291220205
commons-digester,oracle,7,0.999,0.25,0.0413506829574705,0.5375585021470556,0.0047518208291220205
commons-digester,oracle,13,0.9,0.0,0.0010319748150088024,0.10717435593432727,-0.22260203999487774
commons-digester,oracle,13,0.9,0.05,0.0013967135854956573,0.11271065307323502,-0.22260203999487774
commons-digester,oracle,13,0.9,0.1,-0.012765288168936737,0.08003971438772796,-0.22260203999487774
commons-digester,oracle,13,0.9,0.25,-0.014754785257538868,0.07769171085937392,-0.22260203999487774
commons-digester,oracle,13,0.95,0.0,-0.0017847713782695447,0.21629045988475062,-0.1742107036781214
commons-digester,oracle,13,0.95,0.05,-0.0013219011615826452,0.22746335888464514,-0.1742107036781214
commons-digester,oracle,13,0.95,0.1,-0.01607427810926999,0.20144375787013302,-0.1742107036781214
commons-digester,oracle,13,0.95,0.25,-0.02157129923174137,0.18447057211877912,-0.1742107036781214
commons-digester,oracle,13,0.99,0.0,0.020503973454491845,0.41696215977619033,-0.09118949123458388
commons-digester,oracle,13,0.99,0.05,0.0223517561349382,0.438501140739288,-0.09118949123458388
commons-digester,oracle,13,0.99,0.1,0.0116573402623863,0.42738752468337127,-0.09118949123458388
commons-digester,oracle,13,0.99,0.25,-0.006240793563607794,0.40084350479621267,-0.09118949123458388
commons-digester,oracle,13,0.995,0.0,0.036426619813385144,0.4694035105899013,-0.05927907702810845
commons-digester,oracle,13,0.995,0.05,0.039124163057458604,0.4936514502207636,-0.05927907702810845
commons-digester,oracle,13,0.995,0.1,0.030184652786166354,0.4868538757366137,-0.05927907702810845
commons-digester,oracle,13,0.995,0.25,0.01224166697344123,0.4676330550655611,-0.05927907702810845
commons-digester,oracle,13,0.999,0.0,0.05876946573551829,0.522593557905428,0.004977631923936843
commons-digester,oracle,13,0.999,0.05,0.06264216173448453,0.5495891315594121,0.004977631923936843
commons-digester,oracle,13,0.999,0.1,0.055760743923341356,0.5471223535585729,0.004977631923936843
commons-digester,oracle,13,0.999,0.25,0.04033056901756262,0.5376646979554998,0.004977631923936843
commons-digester,oracle,21,0.9,0.0,0.007760766146684998,0.10889631168475056,-0.22258429179404768
commons-digester,oracle,21,0.9,0.05,0.008552309257432302,0.11452155975423572,-0.22258429179404768
commons-digester,oracle,21,0.9,0.1,-0.009666365508356188,0.08041161692565181,-0.22258429179404768
commons-digester,oracle,21,0.9,0.25,-0.01315227211212465,0.07791089258355176,-0.22258429179404768
commons-digester,oracle,21,0.95,0.0,0.004698639826835517,0.21748329094372942,-0.17379437900968733
commons-digester,oracle,21,0.95,0.05,0.005631149102092058,0.22871780792230412,-0.17379437900968733
commons-digester,oracle,21,0.95,0.1,-0.011226078005204114,0.20167043464962178,-0.17379437900968733
commons-digester,oracle,21,0.95,0.25,-0.019448067742968145,0.1839102294103455,-0.17379437900968733
commons-digester,oracle,21,0.99,0.0,0.025921911139018233,0.4188292984436447,-0.08890470256184102
commons-digester,oracle,21,0.99,0.05,0.02821022314764197,0.4404647300396616,-0.08890470256184102
commons-digester,oracle,21,0.99,0.1,0.017135501008572643,0.4291427068773586,-0.08890470256184102
commons-digester,oracle,21,0.99,0.25,-0.004487474159547963,0.40123723820326623,-0.08890470256184102
commons-digester,oracle,21,0.995,0.0,0.041308719595239955,0.47150164841321396,-0.05716371820049555
commons-digester,oracle,21,0.995,0.05,0.044419618599214804,0.4958579713819277,-0.05716371820049555
commons-digester,oracle,21,0.995,0.1,0.035271091783107805,0.48896062424910025,-0.05716371820049555
commons-digester,oracle,21,0.995,0.25,0.01364696616658522,0.4685066504651986,-0.05716371820049555
commons-digester,oracle,21,0.999,0.0,0.06373510312029909,0.5249531653222524,0.006322966428874916
commons-digester,oracle,21,0.999,0.05,0.06802537031855559,0.552070629027983,0.006322966428874916
commons-digester,oracle,21,0.999,0.1,0.06109207869901032,0.549587202564722,0.006322966428874916
commons-digester,oracle,21,0.999,0.25,0.04227189726933811,0.5390978430763128,0.006322966428874916
commons-digester,oracle,42,0.9,0.0,0.006167878242289106,0.10889526703007986,-0.19403824715029241
commons-digester,oracle,42,0.9,0.05,0.006486491835701703,0.11452046113592218,-0.19403824715029241
commons-digester,oracle,42,0.9,0.1,-0.011836333141148885,0.07999665157762834,-0.19403824715029241
commons-digester,oracle,42,0.9,0.25,-0.01519085698725396,0.07748017903506581,-0.19403824715029241
commons-digester,oracle,42,0.95,0.0,0.004784946337411706,0.2166435791130101,-0.1589058194667725
commons-digester,oracle,42,0.95,0.05,0.005032121927940772,0.22783471916465686,-0.1589058194667725
commons-digester,oracle,42,0.95,0.1,-0.013620250154280086,0.19987000366425006,-0.1589058194667725
commons-digester,oracle,42,0.95,0.25,-0.021567067687119693,0.18196061734603663,-0.1589058194667725
commons-digester,oracle,42,0.99,0.0,0.030035801898896753,0.41741887775760284,-0.08717314090022979
commons-digester,oracle,42,0.99,0.05,0.03158735891706588,0.43898145136496447,-0.08717314090022979
commons-digester,oracle,42,0.99,0.1,0.017263302824978937,0.4264780682724363,-0.08717314090022979
commons-digester,oracle,42,0.99,0.25,-0.006544586945323024,0.3976228550709875,-0.08717314090022979
commons-digester,oracle,42,0.995,0.0,0.046635452268731906,0.4705171227410597,-0.05792253127096459
commons-digester,oracle,42,0.995,0.05,0.0490444960993779,0.4948225881458122,-0.05792253127096459
commons-digester,oracle,42,0.995,0.1,0.03656713045536983,0.48680440993515506,-0.05792253127096459
commons-digester,oracle,42,0.995,0.25,0.01167054152622533,0.46511867596096096,-0.05792253127096459
commons-digester,oracle,42,0.999,0.0,0.07107214425937328,0.5253851969699339,0.0044402786667647525
commons-digester,oracle,42,0.999,0.05,0.07474351233514989,0.5525249780999598,0.0044402786667647525
commons-digester,oracle,42,0.999,0.1,0.06450289210986643,0.5490468130845285,0.0044402786667647525
commons-digester,oracle,42,0.999,0.25,0.041472475914122876,0.5372837485697544,0.0044402786667647525
commons-digester,oracle,77,0.9,0.0,0.0076584783254568896,0.10913250533907307,-0.22260203999487782
commons-digester,oracle,77,0.9,0.05,0.008067410153933946,0.11476995444528248,-0.22260203999487782
commons-digester,oracle,77,0.9,0.1,-0.011641555795352178,0.08000046073047243,-0.22260203999487782
commons-digester,oracle,77,0.9,0.25,-0.015670381237097256,0.07735746622992358,-0.22260203999487782
commons-digester,oracle,77,0.95,0.0,0.0049149282385962815,0.21655804746976925,-0.1742107049235544
commons-digester,oracle,77,0.95,0.05,0.005197183346975138,0.22774476922015696,-0.1742107049235544
commons-digester,oracle,77,0.95,0.1,-0.013334900878447456,0.19991216875892073,-0.1742107049235544
commons-digester,oracle,77,0.95,0.25,-0.022606947388440397,0.18158737760479138,-0.1742107049235544
commons-digester,oracle,77,0.99,0.0,0.02870163925177051,0.4166743249995566,-0.09139432851215476
commons-digester,oracle,77,0.99,0.05,0.03022161767895947,0.43819843730460195,-0.09139432851215476
commons-digester,oracle,77,0.99,0.1,0.017163434266109875,0.42600762983843193,-0.09139432851215476
commons-digester,oracle,77,0.99,0.25,-0.007512910473545782,0.39667431411862497,-0.09139432851215476
commons-digester,oracle,77,0.995,0.0,0.04509533733753783,0.4698244352655515,-0.060157844145298636
commons-digester,oracle,77,0.995,0.05,0.04746252531223187,0.49409411856874275,-0.060157844145298636
commons-digester,oracle,77,0.995,0.1,0.03632586246705697,0.4863826250881138,-0.060157844145298636
commons-digester,oracle,77,0.995,0.25,0.011048942075456205,0.46440482480160833,-0.060157844145298636
commons-digester,oracle,77,0.999,0.0,0.06908564191208319,0.5247178596791547,0.0037495474717535965
commons-digester,oracle,77,0.999,0.05,0.07269223404975793,0.5518231682200857,0.0037495474717535965
commons-digester,oracle,77,0.999,0.1,0.06381700019615351,0.548638663012552,0.0037495474717535965
commons-digester,oracle,77,0.999,0.25,0.040884230191619034,0.536760644820291,0.0037495474717535965
commons-digester,oracle,101,0.9,0.0,0.003825687586649133,0.10851232228556533,-0.22260203999487782
commons-digester,oracle,101,0.9,0.05,0.004036629250256006,0.11411773464534601,-0.22260203999487782
commons-digester,oracle,101,0.9,0.1,-0.012978455256621866,0.07993331705645092,-0.22260203999487782
commons-digester,oracle,101,0.9,0.25,-0.015620611008023545,0.07742664162956577,-0.22260203999487782
commons-digester,oracle,101,0.95,0.0,0.0021032760338037604,0.21768668417262252,-0.17421070470573857
commons-digester,oracle,101,0.95,0.05,0.0022402898489525948,0.22893170781896655,-0.17421070470573857
commons-digester,oracle,101,0.95,0.1,-0.01513571067665406,0.2015385449611966,-0.17421070470573857
commons-digester,oracle,101,0.95,0.25,-0.022288463672014806,0.184036458020075,-0.17421070470573857
commons-digester,oracle,101,0.99,0.0,0.027450615035674128,0.4194515305943447,-0.09118398886937877
commons-digester,oracle,101,0.99,0.05,0.028905969404916583,0.4411191047868401,-0.09118398886937877
commons-digester,oracle,101,0.99,0.1,0.016117888247226826,0.42919327173053873,-0.09118398886937877
commons-digester,oracle,101,0.99,0.25,-0.005699782604573505,0.40135194019071485,-0.09118398886937877
commons-digester,oracle,101,0.995,0.0,0.04457874537426148,0.472651180774225,-0.05897477845455598
commons-digester,oracle,101,0.995,0.05,0.04691924779919564,0.4970668850442386,-0.05897477845455598
commons-digester,oracle,101,0.995,0.1,0.036012014289010214,0.48959559321453283,-0.05897477845455598
commons-digester,oracle,101,0.995,0.25,0.013679485432787531,0.4690727626693997,-0.05897477845455598
commons-digester,oracle,101,0.999,0.0,0.0689207889898634,0.5270697097726693,0.0063104950105172825
commons-digester,oracle,101,0.999,0.05,0.07251886533331042,0.5542965076459164,0.0063104950105172825
commons-digester,oracle,101,0.999,0.1,0.06383385143151431,0.5513052704754484,0.0063104950105172825
commons-digester,oracle,101,0.999,0.25,0.04380556068184541,0.5407059894682539,0.0063104950105172825
commons-digester,oracle,123,0.9,0.0,0.007257170785685314,0.10899763078182732,-0.22260203999487782
commons-digester,oracle,123,0.9,0.05,0.007632053876953659,0.11462811268381255,-0.22260203999487782
commons-digester,oracle,123,0.9,0.1,-0.01399705562605384,0.07984675253659665,-0.22260203999487782
commons-digester,oracle,123,0.9,0.25,-0.015654300515467515,0.07735671184318348,-0.22260203999487782
commons-digester,oracle,123,0.95,0.0,0.0037350322603938585,0.2150424990792175,-0.17421070470608568
commons-digester,oracle,123,0.95,0.05,0.003927972523357673,0.22615093226752017,-0.17421070470608568
commons-digester,oracle,123,0.95,0.1,-0.01551072497325553,0.1980913459643973,-0.17421070470608568
commons-digester,oracle,123,0.95,0.25,-0.022477937635824438,0.1797894932221666,-0.17421070470608568
commons-digester,oracle,123,0.99,0.0,0.027123873025968557,0.41367765927598193,-0.09143557772058604
commons-digester,oracle,123,0.99,0.05,0.028525008767076095,0.4350469730592441,-0.09143557772058604
commons-digester,oracle,123,0.99,0.1,0.014745696203101911,0.42252349619505347,-0.09143557772058604
commons-digester,oracle,123,0.99,0.25,-0.008820064665359985,0.3929330578792395,-0.09143557772058604
commons-digester,oracle,123,0.995,0.0,0.042786865088143416,0.46645368583972274,-0.06104271569706336
commons-digester,oracle,123,0.995,0.05,0.044997102758388634,0.4905492466092211,-0.06104271569706336
commons-digester,oracle,123,0.995,0.1,0.0331090787897907,0.4824936927731731,-0.06104271569706336
commons-digester,oracle,123,0.995,0.25,0.008458416942687536,0.46008815243437007,-0.06104271569706336
commons-digester,oracle,123,0.999,0.0,0.06615446769491477,0.521249716957335,0.0011577720510348554
commons-digester,oracle,123,0.999,0.05,0.06957180374543182,0.548175871926866,0.0011577720510348554
commons-digester,oracle,123,0.999,0.1,0.05991955589443864,0.5446518374073579,0.0011577720510348554
commons-digester,oracle,123,0.999,0.25,0.03715152943419026,0.532229138627817,0.0011577720510348554
commons-digester,oracle,202,0.9,0.0,0.006078413903597771,0.10855878753119273,-0.22260203999487782
commons-digester,oracle,202,0.9,0.05,0.0067830518789809184,0.11416660014245315,-0.22260203999487782
commons-digester,oracle,202,0.9,0.1,-0.011533914963388207,0.08003693733543688,-0.22260203999487782
commons-digester,oracle,202,0.9,0.25,-0.015393331458163068,0.07746127707529382,-0.22260203999487782
commons-digester,oracle,202,0.95,0.0,0.003062680745963709,0.21722326795858904,-0.17421070452103304
commons-digester,oracle,202,0.95,0.05,0.003910681413728824,0.22844435295060195,-0.17421070452103304
commons-digester,oracle,202,0.95,0.1,-0.013042127231809749,0.20138178773504722,-0.17421070452103304
commons-digester,oracle,202,0.95,0.25,-0.021627326814894907,0.18356385311285597,-0.17421070452103304
commons-digester,oracle,202,0.99,0.0,0.02526638329045892,0.41853577794393554,-0.09106582245711196
commons-digester,oracle,202,0.99,0.05,0.02752083274940074,0.44015604717495754,-0.09106582245711196
commons-digester,oracle,202,0.99,0.1,0.016407811143762455,0.42881687496461557,-0.09106582245711196
commons-digester,oracle,202,0.99,0.25,-0.005360701997320186,0.4008462399079745,-0.09106582245711196
commons-digester,oracle,202,0.995,0.0,0.04115900563800814,0.4713965035669182,-0.05891269046871938
commons-digester,oracle,202,0.995,0.05,0.0442621708800597,0.49574739507671034,-0.05891269046871938
commons-digester,oracle,202,0.995,0.1,0.035104896968444085,0.4888439048158152,-0.05891269046871938
commons-digester,oracle,202,0.995,0.25,0.013447532388988761,0.46836658714525653,-0.05891269046871938
commons-digester,oracle,202,0.999,0.0,0.06407331224629458,0.5252397570167087,0.005742478969092577
commons-digester,oracle,202,0.999,0.05,0.06838105028634228,0.5523720251666946,0.005742478969092577
commons-digester,oracle,202,0.999,0.1,0.061467518665007354,0.549905342933362,0.005742478969092577
commons-digester,oracle,202,0.999,0.25,0.04272242522853456,0.539479611518681,0.005742478969092577
commons-digester,oracle,314,0.9,0.0,0.006065706311374692,0.10896747077149048,-0.22260203999487774
commons-digester,oracle,314,0.9,0.05,0.006761057092556406,0.11459639470023221,-0.22260203999487774
commons-digester,oracle,314,0.9,0.1,-0.011455149934085498,0.08011769359655199,-0.22260203999487774
commons-digester,oracle,314,0.9,0.25,-0.01472652275867391,0.07768364646338932,-0.22260203999487774
commons-digester,oracle,314,0.95,0.0,0.003705995921456421,0.21714981690307156,-0.174210703626236
commons-digester,oracle,314,0.95,0.05,0.004573052082384629,0.22836710763977996,-0.174210703626236
commons-digester,oracle,314,0.95,0.1,-0.013595851027283778,0.2006236365801483,-0.174210703626236
commons-digester,oracle,314,0.95,0.25,-0.021375977660679557,0.18304746787520956,-0.174210703626236
commons-digester,oracle,314,0.99,0.0,0.02631188455156147,0.4175167236394718,-0.09114405809549311
commons-digester,oracle,314,0.99,0.05,0.02860652737049836,0.43908435166373305,-0.09114405809549311
commons-digester,oracle,314,0.99,0.1,0.015720044359628985,0.4270230760853225,-0.09114405809549311
commons-digester,oracle,314,0.99,0.25,-0.006498641926390436,0.3988021848827816,-0.09114405809549311
commons-digester,oracle,314,0.995,0.0,0.042229880493624146,0.47029740073566123,-0.05946662352677594
commons-digester,oracle,314,0.995,0.05,0.045375012637343226,0.49459151597834156,-0.05946662352677594
commons-digester,oracle,314,0.995,0.1,0.034476824716926036,0.4870111146340918,-0.05946662352677594
commons-digester,oracle,314,0.995,0.25,0.011764919273919943,0.466035323232959,-0.05946662352677594
commons-digester,oracle,314,0.999,0.0,0.06540512309078486,0.5244116033971535,0.004473113789990542
commons-digester,oracle,314,0.999,0.05,0.06976873030348395,0.5515010916818018,0.004473113789990542
commons-digester,oracle,314,0.999,0.1,0.061175458265451094,0.5484206620017571,0.004473113789990542
commons-digester,oracle,314,0.999,0.25,0.04082257599316713,0.5373453555368788,0.004473113789990542
commons-digester,oracle,999,0.9,0.0,0.00831709724257334,0.10940952887696835,-0.22260203999487774
commons-digester,oracle,999,0.9,0.05,0.00876005129581372,0.11506128816593458,-0.22260203999487774
commons-digester,oracle,999,0.9,0.1,-0.011089677755610258,0.08017841769725632,-0.22260203999487774
commons-digester,oracle,999,0.9,0.25,-0.014748096896810187,0.07768597508604543,-0.22260203999487774
commons-digester,oracle,999,0.95,0.0,0.00594711345600865,0.22092337693550737,-0.17421070375626113
commons-digester,oracle,999,0.95,0.05,0.006282688073669046,0.23233559816122076,-0.17421070375626113
commons-digester,oracle,999,0.95,0.1,-0.012946303195291066,0.20445435329960127,-0.17421070375626113
commons-digester,oracle,999,0.95,0.25,-0.021448732289755208,0.18738871819490505,-0.17421070375626113
commons-digester,oracle,999,0.99,0.0,0.032683376132073505,0.42489143169644866,-0.09097251539927548
commons-digester,oracle,999,0.99,0.05,0.03440903882305978,0.4468400144254075,-0.09097251539927548
commons-digester,oracle,999,0.99,0.1,0.020550247361219225,0.4348382388255066,-0.09097251539927548
commons-digester,oracle,999,0.99,0.25,-0.0030939545202458537,0.4075087257709375,-0.09097251539927548
commons-digester,oracle,999,0.995,0.0,0.05155706650447317,0.47862986426615467,-0.057435064091268584
commons-digester,oracle,999,0.995,0.05,0.054258047506309096,0.5033544089114823,-0.057435064091268584
commons-digester,oracle,999,0.995,0.1,0.042472130827097165,0.49589014476366233,-0.057435064091268584
commons-digester,oracle,999,0.995,0.25,0.018395186545369344,0.475912679200661,-0.057435064091268584
commons-digester,oracle,999,0.999,0.0,0.07790626881880598,0.5334299922156178,0.010550164218167254
commons-digester,oracle,999,0.999,0.05,0.0819685073756389,0.5609853426906937,0.010550164218167254
commons-digester,oracle,999,0.999,0.1,0.07259630077625519,0.5580647178273282,0.010550164218167254
commons-digester,oracle,999,0.999,0.25,0.05098883911700403,0.5480430683598332,0.010550164218167254
commons-digester,BSZZ,7,0.9,0.0,-0.004621383382386706,0.2063360737770715,-0.2295694554073206
commons-digester,BSZZ,7,0.9,0.05,-0.0009418717723004072,0.2169947598493764,-0.2295694554073206
commons-digester,BSZZ,7,0.9,0.1,-0.009276164427361322,0.19945834920737082,-0.2295694554073206
commons-digester,BSZZ,7,0.9,0.25,0.0005957390573506833,0.2241849944027387,-0.2295694554073206
commons-digester,BSZZ,7,0.95,0.0,-0.007481270976368121,0.27680739320552705,-0.16508282424536233
commons-digester,BSZZ,7,0.95,0.05,-0.002283823580756669,0.29110641059333703,-0.16508282424536233
commons-digester,BSZZ,7,0.95,0.1,-0.00945886611688152,0.27780772375013385,-0.16508282424536233
commons-digester,BSZZ,7,0.95,0.25,0.0002983084160778249,0.2847589030430375,-0.16508282424536233
commons-digester,BSZZ,7,0.99,0.0,-0.018153676427472752,0.39588326772489146,0.03520244925625362
commons-digester,BSZZ,7,0.99,0.05,-0.012046382877426964,0.4163333780459628,0.03520244925625362
commons-digester,BSZZ,7,0.99,0.1,-0.01499796589657994,0.41320807562699124,0.03520244925625362
commons-digester,BSZZ,7,0.99,0.25,-0.013381225726930207,0.4050886268401523,0.03520244925625362
commons-digester,BSZZ,7,0.995,0.0,-0.02413418092193866,0.4104250003127654,0.03189481799855696
commons-digester,BSZZ,7,0.995,0.05,-0.018170366422473914,0.4316262917519238,0.03189481799855696
commons-digester,BSZZ,7,0.995,0.1,-0.020361243467470785,0.430383495117861,0.03189481799855696
commons-digester,BSZZ,7,0.995,0.25,-0.020286588785512448,0.4239133480816316,0.03189481799855696
commons-digester,BSZZ,7,0.999,0.0,-0.026313951006399824,0.4229753446321978,0.004568326837449155
commons-digester,BSZZ,7,0.999,0.05,-0.020335551297658617,0.4448249482048162,0.004568326837449155
commons-digester,BSZZ,7,0.999,0.1,-0.021690294070626833,0.445287447287409,0.004568326837449155
commons-digester,BSZZ,7,0.999,0.25,-0.021616653210243184,0.4417039004686708,0.004568326837449155
commons-digester,BSZZ,13,0.9,0.0,-0.012968349875535875,0.18666684319603824,-0.22594808638388472
commons-digester,BSZZ,13,0.9,0.05,-0.009803350396151597,0.19630947739622343,-0.22594808638388472
commons-digester,BSZZ,13,0.9,0.1,-0.018073195785568204,0.17892138500046798,-0.22594808638388472
commons-digester,BSZZ,13,0.9,0.25,-0.010275291173094576,0.1994613162478056,-0.22594808638388472
commons-digester,BSZZ,13,0.95,0.0,-0.020072826279827722,0.2556379787820845,-0.15912944176803237
commons-digester,BSZZ,13,0.95,0.05,-0.01566618549592211,0.26884344942092514,-0.15912944176803237
commons-digester,BSZZ,13,0.95,0.1,-0.023175730023230135,0.2552667956137801,-0.15912944176803237
commons-digester,BSZZ,13,0.95,0.25,-0.01642300251541251,0.25745550326490585,-0.15912944176803237
commons-digester,BSZZ,13,0.99,0.0,-0.030416086143423626,0.37684503422806287,0.025916416429268285
commons-digester,BSZZ,13,0.99,0.05,-0.02509884612524309,0.3963116880429628,0.025916416429268285
commons-digester,BSZZ,13,0.99,0.1,-0.028672975243496178,0.3923502308085854,0.025916416429268285
commons-digester,BSZZ,13,0.99,0.25,-0.02998186390200454,0.37978306439447435,0.025916416429268285
commons-digester,BSZZ,13,0.995,0.0,-0.03450995725652577,0.3935681531144392,0.014440698820814316
commons-digester,BSZZ,13,0.995,0.05,-0.029237005439092495,0.41389867174510714,0.014440698820814316
commons-digester,BSZZ,13,0.995,0.1,-0.03198412960296204,0.41185666743932015,0.014440698820814316
commons-digester,BSZZ,13,0.995,0.25,-0.03439381053804723,0.40145330200279694,0.014440698820814316
commons-digester,BSZZ,13,0.999,0.0,-0.031979130165854734,0.4116613929811551,-0.012690853980461284
commons-digester,BSZZ,13,0.999,0.05,-0.026446256917743834,0.4329265526575696,-0.012690853980461284
commons-digester,BSZZ,13,0.999,0.1,-0.02811627223358215,0.43284804489966305,-0.012690853980461284
commons-digester,BSZZ,13,0.999,0.25,-0.029462942748248608,0.4265875997273884,-0.012690853980461284
commons-digester,BSZZ,21,0.9,0.0,-0.009625113071371856,0.28207448457078815,-0.221118936038829
commons-digester,BSZZ,21,0.9,0.05,-0.006135654072493472,0.2966455836762967,-0.221118936038829
commons-digester,BSZZ,21,0.9,0.1,-0.015444088408216925,0.28315517003013646,-0.221118936038829
commons-digester,BSZZ,21,0.9,0.25,-0.02136004063586365,0.20856064642330752,-0.221118936038829
commons-digester,BSZZ,21,0.95,0.0,-0.016805723715781002,0.3257989985178321,-0.15201687072156309
commons-digester,BSZZ,21,0.95,0.05,-0.011991440784179812,0.3426287713457513,-0.15201687072156309
commons-digester,BSZZ,21,0.95,0.1,-0.020086039724074897,0.33170505749053736,-0.15201687072156309
commons-digester,BSZZ,21,0.95,0.25,-0.029666877793384415,0.2733918697693961,-0.15201687072156309
commons-digester,BSZZ,21,0.99,0.0,-0.02489971415386053,0.38080787275977973,0.02836073706615999
commons-digester,BSZZ,21,0.99,0.05,-0.01905299579085686,0.4004792346079945,0.02836073706615999
commons-digester,BSZZ,21,0.99,0.1,-0.022495017441366793,0.3962501016198413,0.02836073706615999
commons-digester,BSZZ,21,0.99,0.25,-0.03792777052259459,0.35551718842610164,0.02836073706615999
commons-digester,BSZZ,21,0.995,0.0,-0.025978427317608986,0.4062657552062603,0.012738798555834022
commons-digester,BSZZ,21,0.995,0.05,-0.020025812020596567,0.42725219285336724,0.012738798555834022
commons-digester,BSZZ,21,0.995,0.1,-0.02239074337005656,0.4255955012934021,0.012738798555834022
commons-digester,BSZZ,21,0.995,0.25,-0.03675855426865603,0.3941438656745424,0.012738798555834022
commons-digester,BSZZ,21,0.999,0.0,-0.01364015936760095,0.4498593650725809,-0.015497650177090743
commons-digester,BSZZ,21,0.999,0.05,-0.006926340041561915,0.47309771434046277,-0.015497650177090743
commons-digester,BSZZ,21,0.999,0.1,-0.007584263874508836,0.475000157739161,-0.015497650177090743
commons-digester,BSZZ,21,0.999,0.25,-0.017216035336378253,0.45715293037946186,-0.015497650177090743
commons-digester,BSZZ,42,0.9,0.0,-0.012793857444202373,0.1891763100434563,-0.22111844693132407
commons-digester,BSZZ,42,0.9,0.05,-0.009542325259054142,0.19894857557201692,-0.22111844693132407
commons-digester,BSZZ,42,0.9,0.1,-0.017395363234345356,0.1822892406721054,-0.22111844693132407
commons-digester,BSZZ,42,0.9,0.25,-0.009031934978327681,0.20382648080043395,-0.22111844693132407
commons-digester,BSZZ,42,0.95,0.0,-0.018919778106925668,0.25428049254592816,-0.1519466496158761
commons-digester,BSZZ,42,0.95,0.05,-0.014313861737897669,0.26741583962676074,-0.1519466496158761
commons-digester,BSZZ,42,0.95,0.1,-0.021557085212232274,0.2541885203670328,-0.1519466496158761
commons-digester,BSZZ,42,0.95,0.25,-0.014078156465355186,0.2570679587089082,-0.1519466496158761
commons-digester,BSZZ,42,0.99,0.0,-0.0324324908228544,0.36945414242889235,0.029846152232487183
commons-digester,BSZZ,42,0.99,0.05,-0.027053515132727784,0.3885390055368176,0.029846152232487183
commons-digester,BSZZ,42,0.99,0.1,-0.030588049751387045,0.3844497877795905,0.029846152232487183
commons-digester,BSZZ,42,0.99,0.25,-0.03162462815303555,0.3712940600296948,0.029846152232487183
commons-digester,BSZZ,42,0.995,0.0,-0.03796100266683188,0.38512663659289165,0.016263256650240566
commons-digester,BSZZ,42,0.995,0.05,-0.03270115069859532,0.4050210924792691,0.016263256650240566
commons-digester,BSZZ,42,0.995,0.1,-0.035487089426283674,0.40277421736127933,0.016263256650240566
commons-digester,BSZZ,42,0.995,0.25,-0.03791984864991307,0.391508500458503,0.016263256650240566
commons-digester,BSZZ,42,0.999,0.0,-0.03692728150038983,0.4018999571724124,-0.01542153134812754
commons-digester,BSZZ,42,0.999,0.05,-0.03148614391555726,0.42266087113940837,-0.01542153134812754
commons-digester,BSZZ,42,0.999,0.1,-0.033277060117063294,0.4222867950766887,-0.01542153134812754
commons-digester,BSZZ,42,0.999,0.25,-0.034968453640550366,0.4148511706178149,-0.01542153134812754
commons-digester,BSZZ,77,0.9,0.0,0.0004467311525401726,0.28723714740777484,-0.2171766069589209
commons-digester,BSZZ,77,0.9,0.05,0.004456470603530971,0.3020749337748431,-0.2171766069589209
commons-digester,BSZZ,77,0.9,0.1,-0.004430983300377231,0.2881366709371325,-0.2171766069589209
commons-digester,BSZZ,77,0.9,0.25,-0.0076534235069623795,0.21068737482446528,-0.2171766069589209
commons-digester,BSZZ,77,0.95,0.0,-0.004818073408617626,0.32478332665493215,-0.14443402667557775
commons-digester,BSZZ,77,0.95,0.05,0.0006154546168233866,0.34156063300260403,-0.14443402667557775
commons-digester,BSZZ,77,0.95,0.1,-0.006952254667009549,0.3300807989151722,-0.14443402667557775
commons-digester,BSZZ,77,0.95,0.25,-0.014140614716759512,0.26847260046298754,-0.14443402667557775
commons-digester,BSZZ,77,0.99,0.0,-0.020455508610225617,0.37438647821819576,0.04113371113956498
commons-digester,BSZZ,77,0.99,0.05,-0.014379216276644305,0.3937261306017868,0.04113371113956498
commons-digester,BSZZ,77,0.99,0.1,-0.01765238930993754,0.38893491777076333,0.04113371113956498
commons-digester,BSZZ,77,0.99,0.25,-0.032965812937510976,0.3451051046021059,0.04113371113956498
commons-digester,BSZZ,77,0.995,0.0,-0.02520402469460879,0.399686229563201,0.024518300937181742
commons-digester,BSZZ,77,0.995,0.05,-0.019211406143191875,0.4203327891800135,0.024518300937181742
commons-digester,BSZZ,77,0.995,0.1,-0.02160910363019721,0.41814124990668056,0.024518300937181742
commons-digester,BSZZ,77,0.995,0.25,-0.036549341562114424,0.38391167377244106,0.024518300937181742
commons-digester,BSZZ,77,0.999,0.0,-0.0165510613142932,0.4411222141688392,-0.01313856465651477
commons-digester,BSZZ,77,0.999,0.05,-0.009987610217469271,0.46390922913077737,-0.01313856465651477
commons-digester,BSZZ,77,0.999,0.1,-0.010883819548177933,0.465177429575615,-0.01313856465651477
commons-digester,BSZZ,77,0.999,0.25,-0.02177268883464892,0.4443635600154713,-0.01313856465651477
commons-digester,BSZZ,101,0.9,0.0,0.0006969999695016633,0.32512140232715764,-0.22594656051393422
commons-digester,BSZZ,101,0.9,0.05,0.004696322936166621,0.34191617262281004,-0.22594656051393422
commons-digester,BSZZ,101,0.9,0.1,-0.0040150658298831,0.3286748410730141,-0.22594656051393422
commons-digester,BSZZ,101,0.9,0.25,-0.019060554279947958,0.22987658785224332,-0.22594656051393422
commons-digester,BSZZ,101,0.95,0.0,0.0011713812721079017,0.3789459055784293,-0.15888417281181458
commons-digester,BSZZ,101,0.95,0.05,0.006884630245583084,0.3985210839367692,-0.15888417281181458
commons-digester,BSZZ,101,0.95,0.1,-0.0005076538319560568,0.38937528015611533,-0.15888417281181458
commons-digester,BSZZ,101,0.95,0.25,-0.022042527786691447,0.3038086439787768,-0.15888417281181458
commons-digester,BSZZ,101,0.99,0.0,-0.0004481916967174386,0.43050592041675706,0.02722767999254001
commons-digester,BSZZ,101,0.99,0.05,0.006639994183863778,0.4527445303408196,0.02722767999254001
commons-digester,BSZZ,101,0.99,0.1,0.004406910671109667,0.4510026890601743,0.02722767999254001
commons-digester,BSZZ,101,0.99,0.25,-0.024090360078092714,0.393290512842095,0.02722767999254001
commons-digester,BSZZ,101,0.995,0.0,0.0011768492019511856,0.45987088585500585,0.013978638071873738
commons-digester,BSZZ,101,0.995,0.05,0.008512193177039046,0.48362639945180447,0.013978638071873738
commons-digester,BSZZ,101,0.995,0.1,0.007543342256496896,0.4847760556087875,0.013978638071873738
commons-digester,BSZZ,101,0.995,0.25,-0.018004829663089052,0.4404782953581852,0.013978638071873738
commons-digester,BSZZ,101,0.999,0.0,0.020077385228005076,0.5134290130544094,-0.0058408968231480765
commons-digester,BSZZ,101,0.999,0.05,0.02851421737856792,0.5399511745474734,-0.0058408968231480765
commons-digester,BSZZ,101,0.999,0.1,0.029657968926232667,0.5453058571922488,-0.0058408968231480765
commons-digester,BSZZ,101,0.999,0.25,0.011779063645302398,0.5196174521844499,-0.0058408968231480765
commons-digester,BSZZ,123,0.9,0.0,-0.017312776235310662,0.18002835429048303,-0.22594465888385468
commons-digester,BSZZ,123,0.9,0.05,-0.014193700473770852,0.18932806459983548,-0.22594465888385468
commons-digester,BSZZ,123,0.9,0.1,-0.01755407741835957,0.1788000753810152,-0.22594465888385468
commons-digester,BSZZ,123,0.9,0.25,-0.008099876568055647,0.20623371719997483,-0.22594465888385468
commons-digester,BSZZ,123,0.95,0.0,-0.023325517908119594,0.2342127457642175,-0.15890628501728335
commons-digester,BSZZ,123,0.95,0.05,-0.018815177842879248,0.24631145485340225,-0.15890628501728335
commons-digester,BSZZ,123,0.95,0.1,-0.020896745823002272,0.23710596649392007,-0.15890628501728335
commons-digester,BSZZ,123,0.95,0.25,-0.010485418540379012,0.2540938709272683,-0.15890628501728335
commons-digester,BSZZ,123,0.99,0.0,-0.04026753513119122,0.32694639490137584,0.03195421842495088
commons-digester,BSZZ,123,0.99,0.05,-0.03518156050764472,0.3438354386925775,0.03195421842495088
commons-digester,BSZZ,123,0.99,0.1,-0.035158896376514634,0.3419365968815369,0.03195421842495088
commons-digester,BSZZ,123,0.99,0.25,-0.02691778439424397,0.3469228326011165,0.03195421842495088
commons-digester,BSZZ,123,0.995,0.0,-0.0505613432232541,0.3364670195495132,0.02543226553911005
commons-digester,BSZZ,123,0.995,0.05,-0.045846171475435675,0.3538478694872561,0.02543226553911005
commons-digester,BSZZ,123,0.995,0.1,-0.04574085870780452,0.3533411116952154,0.02543226553911005
commons-digester,BSZZ,123,0.995,0.25,-0.039126138146505694,0.35834121153671084,0.02543226553911005
commons-digester,BSZZ,123,0.999,0.0,-0.06067841758111492,0.33664281763677734,-0.00851807567777541
commons-digester,BSZZ,123,0.999,0.05,-0.05636268531510625,0.3540327487622639,-0.00851807567777541
commons-digester,BSZZ,123,0.999,0.1,-0.05624899399722088,0.3543295474090552,-0.00851807567777541
commons-digester,BSZZ,123,0.999,0.25,-0.05105834965386535,0.35863800360152065,-0.00851807567777541
commons-digester,BSZZ,202,0.9,0.0,-0.022643857108286213,0.2097944107396644,-0.14769866164889653
commons-digester,BSZZ,202,0.9,0.05,-0.019826906329638298,0.22063174384804865,-0.14769866164889653
commons-digester,BSZZ,202,0.9,0.1,-0.029895965790758688,0.202918339100319,-0.14769866164889653
commons-digester,BSZZ,202,0.9,0.25,-0.03822465652262156,0.10870216356810608,-0.14769866164889653
commons-digester,BSZZ,202,0.95,0.0,-0.026902546466222817,0.2582155554481846,-0.15977612607587885
commons-digester,BSZZ,202,0.95,0.05,-0.022609834300482648,0.27155417575886076,-0.15977612607587885
commons-digester,BSZZ,202,0.95,0.1,-0.03129434399128345,0.2566818732599307,-0.15977612607587885
commons-digester,BSZZ,202,0.95,0.25,-0.04316197623128207,0.18072677715263294,-0.15977612607587885
commons-digester,BSZZ,202,0.99,0.0,-0.03644129973863458,0.32828469094325546,-0.04134715719734437
commons-digester,BSZZ,202,0.99,0.05,-0.03119078413975667,0.3452428669861332,-0.04134715719734437
commons-digester,BSZZ,202,0.99,0.1,-0.035307127365205485,0.33794504690787663,-0.04134715719734437
commons-digester,BSZZ,202,0.99,0.25,-0.05378282642668818,0.2845089812114313,-0.04134715719734437
commons-digester,BSZZ,202,0.995,0.0,-0.03783577863142542,0.3649926931346858,-0.04210056717543738
commons-digester,BSZZ,202,0.995,0.05,-0.03249567758356726,0.3838470915129883,-0.04210056717543738
commons-digester,BSZZ,202,0.995,0.1,-0.03555337924208118,0.37977900543411325,-0.04210056717543738
commons-digester,BSZZ,202,0.995,0.25,-0.05290289913024387,0.33848226370895024,-0.04210056717543738
commons-digester,BSZZ,202,0.999,0.0,-0.023869848687316033,0.42457500863283276,-0.05153671150545118
commons-digester,BSZZ,202,0.999,0.05,-0.017684463604888016,0.44650724592088364,-0.05153671150545118
commons-digester,BSZZ,202,0.999,0.1,-0.018940060969130826,0.44693244107404967,-0.05153671150545118
commons-digester,BSZZ,202,0.999,0.25,-0.031061070820738217,0.4230665381519049,-0.05153671150545118
commons-digester,BSZZ,314,0.9,0.0,0.008837470111575546,0.32512307073240515,-0.22594419719506256
commons-digester,BSZZ,314,0.9,0.05,0.01328064929436837,0.3419179272127341,-0.22594419719506256
commons-digester,BSZZ,314,0.9,0.1,0.005147749899199308,0.33163520834253885,-0.22594419719506256
commons-digester,BSZZ,314,0.9,0.25,0.00364940140059246,0.26891819922692933,-0.22594419719506256
commons-digester,BSZZ,314,0.95,0.0,0.00928457292620827,0.3907571535510847,-0.15882680556654377
commons-digester,BSZZ,314,0.95,0.05,0.015446600226255299,0.4109424646019692,-0.15882680556654377
commons-digester,BSZZ,314,0.95,0.1,0.008979906846764156,0.40419801144244627,-0.15882680556654377
commons-digester,BSZZ,314,0.95,0.25,0.0059375484676468,0.3621101212239388,-0.15882680556654377
commons-digester,BSZZ,314,0.99,0.0,0.008611339171628943,0.4549912539712294,0.0387733690904643
commons-digester,BSZZ,314,0.99,0.05,0.016189135337996104,0.4784947008137977,0.0387733690904643
commons-digester,BSZZ,314,0.99,0.1,0.014758834706262573,0.47871846781549393,0.0387733690904643
commons-digester,BSZZ,314,0.99,0.25,0.007602487590668018,0.455864122830147,0.0387733690904643
commons-digester,BSZZ,314,0.995,0.0,0.0036230057825734456,0.46400846880848035,0.04101825641980291
commons-digester,BSZZ,314,0.995,0.05,0.011104739943435436,0.48797771719722244,0.04101825641980291
commons-digester,BSZZ,314,0.995,0.1,0.010515008555206692,0.4897875220934773,0.04101825641980291
commons-digester,BSZZ,314,0.995,0.25,0.0035333434580049716,0.47249450287787087,0.04101825641980291
commons-digester,BSZZ,314,0.999,0.0,0.0024139953992360257,0.47695903418987873,0.021422912230680116
commons-digester,BSZZ,314,0.999,0.05,0.00995712291498496,0.5015972688994923,0.021422912230680116
commons-digester,BSZZ,314,0.999,0.1,0.010276685230194975,0.5051576451759956,0.021422912230680116
commons-digester,BSZZ,314,0.999,0.25,0.00498972490819001,0.4945814415633976,0.021422912230680116
commons-digester,BSZZ,999,0.9,0.0,-0.012801320542260897,0.16435808664837157,-0.22594468599715578
commons-digester,BSZZ,999,0.9,0.05,-0.009475934638857287,0.17284831919453503,-0.22594468599715578
commons-digester,BSZZ,999,0.9,0.1,-0.018969940117156508,0.15248027974383246,-0.22594468599715578
commons-digester,BSZZ,999,0.9,0.25,-0.011909986980105557,0.1677521798257083,-0.22594468599715578
commons-digester,BSZZ,999,0.95,0.0,-0.016824819533473673,0.22299902532197394,-0.15894768266766363
commons-digester,BSZZ,999,0.95,0.05,-0.012011523033000859,0.23451846815049696,-0.15894768266766363
commons-digester,BSZZ,999,0.95,0.1,-0.020107237653385998,0.2175886263399911,-0.15894768266766363
commons-digester,BSZZ,999,0.95,0.25,-0.01329224980725119,0.21225426392827954,-0.15894768266766363
commons-digester,BSZZ,999,0.99,0.0,-0.03381650844515831,0.3336211604909118,0.02926573299728472
commons-digester,BSZZ,999,0.99,0.05,-0.028430404212211925,0.3508550021147113,0.02926573299728472
commons-digester,BSZZ,999,0.99,0.1,-0.03239339299724159,0.3438689673213758,0.02926573299728472
commons-digester,BSZZ,999,0.99,0.25,-0.034889283650994724,0.32115489011106085,0.02926573299728472
commons-digester,BSZZ,999,0.995,0.0,-0.039760669628790324,0.3614083826313409,0.02270059278468169
commons-digester,BSZZ,999,0.995,0.05,-0.034520002521341867,0.38007762656843747,0.02270059278468169
commons-digester,BSZZ,999,0.995,0.1,-0.037690166676398816,0.37580012577042066,0.02270059278468169
commons-digester,BSZZ,999,0.995,0.25,-0.041706875435276555,0.3576351472487893,0.02270059278468169
commons-digester,BSZZ,999,0.999,0.0,-0.03814428172229293,0.3938809102713069,-0.00926436116109469
commons-digester,BSZZ,999,0.999,0.05,-0.03269626988631107,0.414227584973431,-0.00926436116109469
commons-digester,BSZZ,999,0.999,0.1,-0.03478585648841072,0.41285946562951625,-0.00926436116109469
commons-digester,BSZZ,999,0.999,0.25,-0.0379372588396861,0.40201157607151483,-0.00926436116109469
commons-digester,AGSZZ,7,0.9,0.0,-0.03284647479752742,0.27223160961328313,-0.24347133068717225
commons-digester,AGSZZ,7,0.9,0.05,-0.030624984478866517,0.2862942561137744,-0.24347133068717225
commons-digester,AGSZZ,7,0.9,0.1,-0.040808751569649006,0.2725351778707557,-0.24347133068717225
commons-digester,AGSZZ,7,0.9,0.25,-0.04921308956783165,0.1933766710085694,-0.24347133068717225
commons-digester,AGSZZ,7,0.95,0.0,-0.043713747486566375,0.31403836810265545,-0.1877950801067712
commons-digester,AGSZZ,7,0.95,0.05,-0.04038795823426926,0.3302606229851513,-0.1877950801067712
commons-digester,AGSZZ,7,0.95,0.1,-0.0498271704976651,0.31894245652688463,-0.1877950801067712
commons-digester,AGSZZ,7,0.95,0.25,-0.06355208930262173,0.2568878263323343,-0.1877950801067712
commons-digester,AGSZZ,7,0.99,0.0,-0.04422186198953228,0.3621006180739526,-0.11565120628933359
commons-digester,AGSZZ,7,0.99,0.05,-0.03946117061764355,0.3808056207619834,-0.11565120628933359
commons-digester,AGSZZ,7,0.99,0.1,-0.04401224188077369,0.3755684140345018,-0.11565120628933359
commons-digester,AGSZZ,7,0.99,0.25,-0.06289462313547636,0.3317543214141879,-0.11565120628933359
commons-digester,AGSZZ,7,0.995,0.0,-0.0396756183501147,0.3894135525007423,-0.11326475684420348
commons-digester,AGSZZ,7,0.995,0.05,-0.03451462664177406,0.40952945725955253,-0.11326475684420348
commons-digester,AGSZZ,7,0.995,0.1,-0.03768154641331234,0.4069397121386716,-0.11326475684420348
commons-digester,AGSZZ,7,0.995,0.25,-0.05419796990125052,0.3730987273275249,-0.11326475684420348
commons-digester,AGSZZ,7,0.999,0.0,-0.019896425413439826,0.438863236246576,-0.08639877039564257
commons-digester,AGSZZ,7,0.999,0.05,-0.013586516098044739,0.46153355936652585,-0.08639877039564257
commons-digester,AGSZZ,7,0.999,0.1,-0.014627826767146414,0.4628204799188577,-0.08639877039564257
commons-digester,AGSZZ,7,0.999,0.25,-0.024723952372810394,0.44399297254848236,-0.08639877039564257
commons-digester,AGSZZ,13,0.9,0.0,-0.033102252349849585,0.18076966697549193,-0.27121483708593924
commons-digester,AGSZZ,13,0.9,0.05,-0.03097730826143863,0.1901076712149667,-0.27121483708593924
commons-digester,AGSZZ,13,0.9,0.1,-0.040950226844034515,0.1702321265118195,-0.27121483708593924
commons-digester,AGSZZ,13,0.9,0.25,-0.038132975232203103,0.1884797854891288,-0.27121483708593924
commons-digester,AGSZZ,13,0.95,0.0,-0.037724279652506194,0.2552715839574647,-0.21969479271399267
commons-digester,AGSZZ,13,0.95,0.05,-0.0342294585847331,0.26845812776813294,-0.21969479271399267
commons-digester,AGSZZ,13,0.95,0.1,-0.04328692425527433,0.2533961611299221,-0.21969479271399267
commons-digester,AGSZZ,13,0.95,0.25,-0.04157742427454673,0.25350608575438754,-0.21969479271399267
commons-digester,AGSZZ,13,0.99,0.0,-0.032071424166800436,0.38652992586813145,-0.09855301820658356
commons-digester,AGSZZ,13,0.99,0.05,-0.026839693812595496,0.4064968713564462,-0.09855301820658356
commons-digester,AGSZZ,13,0.99,0.1,-0.03077770821067448,0.4025481614638506,-0.09855301820658356
commons-digester,AGSZZ,13,0.99,0.25,-0.03445175780921467,0.38935206366848485,-0.09855301820658356
commons-digester,AGSZZ,13,0.995,0.0,-0.031211794641653686,0.4066543265982162,-0.08030039322040844
commons-digester,AGSZZ,13,0.995,0.05,-0.025768469901619812,0.4276608366466621,-0.08030039322040844
commons-digester,AGSZZ,13,0.995,0.1,-0.02855268135800875,0.4259389942572057,-0.08030039322040844
commons-digester,AGSZZ,13,0.995,0.25,-0.03215789081204664,0.4158103808860208,-0.08030039322040844
commons-digester,AGSZZ,13,0.999,0.0,-0.024572995843970342,0.4279063962272956,-0.05204828392583861
commons-digester,AGSZZ,13,0.999,0.05,-0.018657544507107125,0.4500107227380623,-0.05204828392583861
commons-digester,AGSZZ,13,0.999,0.1,-0.02009591320070101,0.4505162678196882,-0.05204828392583861
commons-digester,AGSZZ,13,0.999,0.25,-0.021605452778529356,0.4454254540334641,-0.05204828392583861
commons-digester,AGSZZ,21,0.9,0.0,-0.015291543313288884,0.34222046264845446,-0.25038261664340156
commons-digester,AGSZZ,21,0.9,0.05,-0.012094794648544615,0.35989851773653253,-0.25038261664340156
commons-digester,AGSZZ,21,0.9,0.1,-0.022109876800786164,0.34846726839558706,-0.25038261664340156
commons-digester,AGSZZ,21,0.9,0.25,-0.03932752255417421,0.2588494302777128,-0.25038261664340156
commons-digester,AGSZZ,21,0.95,0.0,-0.015292511876791134,0.4272423836557675,-0.19528751935453745
commons-digester,AGSZZ,21,0.95,0.05,-0.010400061082162206,0.44931240932219596,-0.19528751935453745
commons-digester,AGSZZ,21,0.95,0.1,-0.018783913757973933,0.4433171963340792,-0.19528751935453745
commons-digester,AGSZZ,21,0.95,0.25,-0.043008692931824306,0.37334621871839757,-0.19528751935453745
commons-digester,AGSZZ,21,0.99,0.0,0.0020610590026433483,0.48724545963865856,-0.1103319108728225
commons-digester,AGSZZ,21,0.99,0.05,0.00930048786983289,0.512415059405568,-0.1103319108728225
commons-digester,AGSZZ,21,0.99,0.1,0.007240092858151429,0.5140145082772493,-0.1103319108728225
commons-digester,AGSZZ,21,0.99,0.25,-0.018979484186479458,0.47223801082694705,-0.1103319108728225
commons-digester,AGSZZ,21,0.995,0.0,0.009243909028782856,0.501784200293176,-0.09776616048419821
commons-digester,AGSZZ,21,0.995,0.05,0.017016001739400315,0.5277048266241101,-0.09776616048419821
commons-digester,AGSZZ,21,0.995,0.1,0.01654268416422389,0.5313132062927718,-0.09776616048419821
commons-digester,AGSZZ,21,0.995,0.25,-0.00553777845248828,0.4993937670747033,-0.09776616048419821
commons-digester,AGSZZ,21,0.999,0.0,0.028984696614373032,0.5351704711537624,-0.052913426387551414
commons-digester,AGSZZ,21,0.999,0.05,0.037900384719208,0.5628157294102433,-0.052913426387551414
commons-digester,AGSZZ,21,0.999,0.1,0.03958736553971996,0.5694417035442104,-0.052913426387551414
commons-digester,AGSZZ,21,0.999,0.25,0.02527487006373637,0.5513994525148401,-0.052913426387551414
commons-digester,AGSZZ,42,0.9,0.0,-0.046451510985190236,0.1673780104426252,-0.25690410535629377
commons-digester,AGSZZ,42,0.9,0.05,-0.04493862951902091,0.17602424295087,-0.25690410535629377
commons-digester,AGSZZ,42,0.9,0.1,-0.0549141689268707,0.15732997524854772,-0.25690410535629377
commons-digester,AGSZZ,42,0.9,0.25,-0.052700471678584146,0.17368990266479897,-0.25690410535629377
commons-digester,AGSZZ,42,0.95,0.0,-0.054284900093071284,0.23277547466425297,-0.20344967602195657
commons-digester,AGSZZ,42,0.95,0.05,-0.05150583700402937,0.24479993875509645,-0.20344967602195657
commons-digester,AGSZZ,42,0.95,0.1,-0.06097230501557782,0.22981590554432849,-0.20344967602195657
commons-digester,AGSZZ,42,0.95,0.25,-0.06017209418690332,0.22740372563381897,-0.20344967602195657
commons-digester,AGSZZ,42,0.99,0.0,-0.053733959992434965,0.35075092299670524,-0.12296858416517825
commons-digester,AGSZZ,42,0.99,0.05,-0.04945535259274478,0.3688696353932212,-0.12296858416517825
commons-digester,AGSZZ,42,0.99,0.1,-0.05431927065051288,0.36350486611521954,-0.12296858416517825
commons-digester,AGSZZ,42,0.99,0.25,-0.05952322493793215,0.34662424902131517,-0.12296858416517825
commons-digester,AGSZZ,42,0.995,0.0,-0.051997556957941615,0.37087000904986833,-0.11672503441872487
commons-digester,AGSZZ,42,0.995,0.05,-0.04746279015289103,0.3900280114666744,-0.11672503441872487
commons-digester,AGSZZ,42,0.995,0.1,-0.051142192620259305,0.38680179467296405,-0.11672503441872487
commons-digester,AGSZZ,42,0.995,0.25,-0.05614263102553571,0.37296565132244597,-0.11672503441872487
commons-digester,AGSZZ,42,0.999,0.0,-0.041571684186303956,0.39539035813169066,-0.08825519290769449
commons-digester,AGSZZ,42,0.999,0.05,-0.03637046213982757,0.4158150062613004,-0.08825519290769449
commons-digester,AGSZZ,42,0.999,0.1,-0.03849718959863275,0.4149406291836706,-0.08825519290769449
commons-digester,AGSZZ,42,0.999,0.25,-0.0406819749434896,0.40671862824012595,-0.08825519290769449
commons-digester,AGSZZ,77,0.9,0.0,-0.01585580793876928,0.31207691362479845,-0.25038552047065643
commons-digester,AGSZZ,77,0.9,0.05,-0.012688207446686282,0.3281978458100951,-0.25038552047065643
commons-digester,AGSZZ,77,0.9,0.1,-0.02279976414095904,0.31494403037049207,-0.25038552047065643
commons-digester,AGSZZ,77,0.9,0.25,-0.040666104659593465,0.21450601557605328,-0.25038552047065643
commons-digester,AGSZZ,77,0.95,0.0,-0.023034712022960136,0.37535801809327807,-0.19547746961721202
commons-digester,AGSZZ,77,0.95,0.05,-0.018542199442509535,0.3947478572345488,-0.19547746961721202
commons-digester,AGSZZ,77,0.95,0.1,-0.02743567614930759,0.3856253972748774,-0.19547746961721202
commons-digester,AGSZZ,77,0.95,0.25,-0.05397718419780198,0.30074962863581484,-0.19547746961721202
commons-digester,AGSZZ,77,0.99,0.0,-0.019073258731573412,0.4208385520863755,-0.11425275260812438
commons-digester,AGSZZ,77,0.99,0.05,-0.012925563626482789,0.44257777553723104,-0.11425275260812438
commons-digester,AGSZZ,77,0.99,0.1,-0.016247126873033528,0.4402485553895159,-0.11425275260812438
commons-digester,AGSZZ,77,0.99,0.25,-0.0480377390334121,0.38200874009973407,-0.11425275260812438
commons-digester,AGSZZ,77,0.995,0.0,-0.011083904592305535,0.4498316038206935,-0.10914735019837664
commons-digester,AGSZZ,77,0.995,0.05,-0.004361884125272569,0.4730685190278054,-0.10914735019837664
commons-digester,AGSZZ,77,0.995,0.1,-0.006045441309727929,0.4736011609825199,-0.10914735019837664
commons-digester,AGSZZ,77,0.995,0.25,-0.033403407832992796,0.4287333402332682,-0.10914735019837664
commons-digester,AGSZZ,77,0.999,0.0,0.015702197357846642,0.5086052309123044,-0.07386181468971657
commons-digester,AGSZZ,77,0.999,0.05,0.02393175246015148,0.5348782106767802,-0.07386181468971657
commons-digester,AGSZZ,77,0.999,0.1,0.02482295214664343,0.5399181844941291,-0.07386181468971657
commons-digester,AGSZZ,77,0.999,0.25,0.0069125578191657966,0.5148104759322281,-0.07386181468971657
commons-digester,AGSZZ,101,0.9,0.0,-0.02677645999895845,0.32610293817945407,-0.21644353297095237
commons-digester,AGSZZ,101,0.9,0.05,-0.024196331358149633,0.3429484115941822,-0.21644353297095237
commons-digester,AGSZZ,101,0.9,0.1,-0.034398832506911496,0.33036871620597136,-0.21644353297095237
commons-digester,AGSZZ,101,0.9,0.25,-0.05279270880365381,0.2397687558349416,-0.21644353297095237
commons-digester,AGSZZ,101,0.95,0.0,-0.028630362401760222,0.4068202835717496,-0.17848331404697043
commons-digester,AGSZZ,101,0.95,0.05,-0.02445657971943028,0.42783536644631365,-0.17848331404697043
commons-digester,AGSZZ,101,0.95,0.1,-0.03343278258994198,0.4207150439611751,-0.17848331404697043
commons-digester,AGSZZ,101,0.95,0.25,-0.05865162432625534,0.3489651038724185,-0.17848331404697043
commons-digester,AGSZZ,101,0.99,0.0,-0.01171626620065637,0.46314011088305357,-0.11808210316921179
commons-digester,AGSZZ,101,0.99,0.05,-0.005210154344157761,0.4870645025758429,-0.11808210316921179
commons-digester,AGSZZ,101,0.99,0.1,-0.008042453972474314,0.4873522579514957,-0.11808210316921179
commons-digester,AGSZZ,101,0.99,0.25,-0.03595110987174748,0.4426813655621066,-0.11808210316921179
commons-digester,AGSZZ,101,0.995,0.0,-0.003572698618193807,0.47831739237600507,-0.11339249260849278
commons-digester,AGSZZ,101,0.995,0.05,0.0035172983447423287,0.5030257956858767,-0.11339249260849278
commons-digester,AGSZZ,101,0.995,0.1,0.0023169067839769937,0.505345340576574,-0.11339249260849278
commons-digester,AGSZZ,101,0.995,0.25,-0.02147734369101483,0.4702796986475373,-0.11339249260849278
commons-digester,AGSZZ,101,0.999,0.0,0.019750865501394155,0.5169313815890061,-0.07117306543453396
commons-digester,AGSZZ,101,0.999,0.05,0.028170830648535573,0.5436344646535453,-0.07117306543453396
commons-digester,AGSZZ,101,0.999,0.1,0.029331877166794595,0.5492641340523098,-0.07117306543453396
commons-digester,AGSZZ,101,0.999,0.25,0.013884023096877902,0.528840164640482,-0.07117306543453396
commons-digester,AGSZZ,123,0.9,0.0,-0.008515968438565882,0.34521913457357206,-0.24346760628678318
commons-digester,AGSZZ,123,0.9,0.05,-0.004942476679728341,0.36305209181762593,-0.24346760628678318
commons-digester,AGSZZ,123,0.9,0.1,-0.016572939897707188,0.34963118856124786,-0.24346760628678318
commons-digester,AGSZZ,123,0.9,0.25,-0.03138573448422794,0.26196116413746623,-0.24346760628678318
commons-digester,AGSZZ,123,0.95,0.0,-0.01313404063772447,0.4184428428067127,-0.18741979971849598
commons-digester,AGSZZ,123,0.95,0.05,-0.008097240245650858,0.4400583112947787,-0.18741979971849598
commons-digester,AGSZZ,123,0.95,0.1,-0.01804197229556749,0.43124222933149103,-0.18741979971849598
commons-digester,AGSZZ,123,0.95,0.25,-0.04081480380531641,0.3601824636988779,-0.18741979971849598
commons-digester,AGSZZ,123,0.99,0.0,-0.0038209152662028096,0.47739227732952366,-0.10859171219314219
commons-digester,AGSZZ,123,0.99,0.05,0.0031477794868216462,0.5020528920453763,-0.10859171219314219
commons-digester,AGSZZ,123,0.99,0.1,-0.0003733908716707938,0.5014208112418338,-0.10859171219314219
commons-digester,AGSZZ,123,0.99,0.25,-0.028400913955377007,0.45644462953575277,-0.10859171219314219
commons-digester,AGSZZ,123,0.995,0.0,0.0036597718648345764,0.49239464668344296,-0.10275004403769843
commons-digester,AGSZZ,123,0.995,0.05,0.011175839421296963,0.5178302375939912,-0.10275004403769843
commons-digester,AGSZZ,123,0.995,0.1,0.00934655449633726,0.5194116042736812,-0.10275004403769843
commons-digester,AGSZZ,123,0.995,0.25,-0.014857968011180335,0.483799192231262,-0.10275004403769843
commons-digester,AGSZZ,123,0.999,0.0,0.026309401695786525,0.5311402214575378,-0.06309039137893194
commons-digester,AGSZZ,123,0.999,0.05,0.03511865678993922,0.5585772894275666,-0.06309039137893194
commons-digester,AGSZZ,123,0.999,0.1,0.035689804334501835,0.5636409499887414,-0.06309039137893194
commons-digester,AGSZZ,123,0.999,0.25,0.01957907258191016,0.5426008017117736,-0.06309039137893194
commons-digester,AGSZZ,202,0.9,0.0,-0.014208350877300418,0.3236362744812641,-0.23535596750001028
commons-digester,AGSZZ,202,0.9,0.05,-0.010955647827461222,0.34035432764647555,-0.23535596750001028
commons-digester,AGSZZ,202,0.9,0.1,-0.020761240199677813,0.32711055626688795,-0.23535596750001028
commons-digester,AGSZZ,202,0.9,0.25,-0.027767439254926283,0.2572801782979189,-0.23535596750001028
commons-digester,AGSZZ,202,0.95,0.0,-0.02237058127065813,0.37796497695550774,-0.17873259639313882
commons-digester,AGSZZ,202,0.95,0.05,-0.01784376174101453,0.39748948356237124,-0.17873259639313882
commons-digester,AGSZZ,202,0.95,0.1,-0.026642833329412648,0.3883025323148602,-0.17873259639313882
commons-digester,AGSZZ,202,0.95,0.25,-0.03866594505348175,0.33727073112486267,-0.17873259639313882
commons-digester,AGSZZ,202,0.99,0.0,-0.02331194106403252,0.4309767351397772,-0.10008634620547129
commons-digester,AGSZZ,202,0.99,0.05,-0.017383203233425647,0.4532396659023583,-0.10008634620547129
commons-digester,AGSZZ,202,0.99,0.1,-0.02092541864078131,0.45152376538298283,-0.10008634620547129
commons-digester,AGSZZ,202,0.99,0.25,-0.037977177154859966,0.4185491562769772,-0.10008634620547129
commons-digester,AGSZZ,202,0.995,0.0,-0.020031562819302965,0.4438731882328531,-0.09693563490496365
commons-digester,AGSZZ,202,0.995,0.05,-0.013771750818187016,0.4668023100421526,-0.09693563490496365
commons-digester,AGSZZ,202,0.995,0.1,-0.015950430646734966,0.46701812097414364,-0.09693563490496365
commons-digester,AGSZZ,202,0.995,0.25,-0.030817524583901832,0.4409325393625775,-0.09693563490496365
commons-digester,AGSZZ,202,0.999,0.0,-0.005347742922982979,0.47211562826566217,-0.0688156607621954
commons-digester,AGSZZ,202,0.999,0.05,0.0017944370965889541,0.4965036675425433,-0.0688156607621954
commons-digester,AGSZZ,202,0.999,0.1,0.0014838147633612741,0.49944771024285456,-0.0688156607621954
commons-digester,AGSZZ,202,0.999,0.25,-0.007950816483654203,0.48392618341722105,-0.0688156607621954
commons-digester,AGSZZ,314,0.9,0.0,-0.047691876492309396,0.13914498649203627,-0.23536373073163167
commons-digester,AGSZZ,314,0.9,0.05,-0.04616882924909347,0.146332787938506,-0.23536373073163167
commons-digester,AGSZZ,314,0.9,0.1,-0.05786149859313803,0.12307084306256547,-0.23536373073163167
commons-digester,AGSZZ,314,0.9,0.25,-0.058480787482992874,0.13206741734667313,-0.23536373073163167
commons-digester,AGSZZ,314,0.95,0.0,-0.05734741738643814,0.1912271681389495,-0.17943115215303476
commons-digester,AGSZZ,314,0.95,0.05,-0.054627393484607746,0.20110537468024028,-0.17943115215303476
commons-digester,AGSZZ,314,0.95,0.1,-0.0653501749679354,0.18142788974200097,-0.17943115215303476
commons-digester,AGSZZ,314,0.95,0.25,-0.06786607636103949,0.16767804986260354,-0.17943115215303476
commons-digester,AGSZZ,314,0.99,0.0,-0.06318636071158286,0.29870559174493583,-0.11136153952686394
commons-digester,AGSZZ,314,0.99,0.05,-0.059317412589865046,0.31413580262454754,-0.11136153952686394
commons-digester,AGSZZ,314,0.99,0.1,-0.06513153287009067,0.30481676509026057,-0.11136153952686394
commons-digester,AGSZZ,314,0.99,0.25,-0.07523601292010694,0.27271322021922917,-0.11136153952686394
commons-digester,AGSZZ,314,0.995,0.0,-0.0613432107778536,0.3292695457375975,-0.11134166176599505
commons-digester,AGSZZ,314,0.995,0.05,-0.057217431273621853,0.34627859634587493,-0.11134166176599505
commons-digester,AGSZZ,314,0.995,0.1,-0.06176208660159912,0.3398946096614759,-0.11134166176599505
commons-digester,AGSZZ,314,0.995,0.25,-0.0716035029680691,0.3131223935713895,-0.11134166176599505
commons-digester,AGSZZ,314,0.999,0.0,-0.04703496301234923,0.37417023336686134,-0.09318188103304952
commons-digester,AGSZZ,314,0.999,0.05,-0.04204621638920655,0.3934987152074498,-0.09318188103304952
commons-digester,AGSZZ,314,0.999,0.1,-0.04475229007741575,0.39079599417619926,-0.09318188103304952
commons-digester,AGSZZ,314,0.999,0.25,-0.05082046498816671,0.3742686786510491,-0.09318188103304952
commons-digester,AGSZZ,999,0.9,0.0,-0.016476920346988395,0.3147804781680798,-0.21093331173006516
commons-digester,AGSZZ,999,0.9,0.05,-0.013341404608936206,0.3310410681709143,-0.21093331173006516
commons-digester,AGSZZ,999,0.9,0.1,-0.02353065319644705,0.3174186817216775,-0.21093331173006516
commons-digester,AGSZZ,999,0.9,0.25,-0.04151214034125254,0.21919247263417513,-0.21093331173006516
commons-digester,AGSZZ,999,0.95,0.0,-0.02128725644513614,0.37000992620814355,-0.1714051465839924
commons-digester,AGSZZ,999,0.95,0.05,-0.016704475691562068,0.38912349939433416,-0.1714051465839924
commons-digester,AGSZZ,999,0.95,0.1,-0.025551870149164088,0.37944031613920737,-0.1714051465839924
commons-digester,AGSZZ,999,0.95,0.25,-0.051912290588034496,0.2942481217852483,-0.1714051465839924
commons-digester,AGSZZ,999,0.99,0.0,-0.018124378221491648,0.4205341269798439,-0.11079194453744386
commons-digester,AGSZZ,999,0.99,0.05,-0.011927666871728177,0.44225762476730174,-0.11079194453744386
commons-digester,AGSZZ,999,0.99,0.1,-0.015222332825135496,0.4398460336140287,-0.11079194453744386
commons-digester,AGSZZ,999,0.99,0.25,-0.04699012685207383,0.3812741906005347,-0.11079194453744386
commons-digester,AGSZZ,999,0.995,0.0,-0.010326876438799521,0.45026195157958526,-0.10719660071036481
commons-digester,AGSZZ,999,0.995,0.05,-0.0035657502289441266,0.4735210972264839,-0.10719660071036481
commons-digester,AGSZZ,999,0.995,0.1,-0.005228701667788618,0.47402989469262247,-0.10719660071036481
commons-digester,AGSZZ,999,0.995,0.25,-0.03264023289556556,0.428880139093431,-0.10719660071036481
commons-digester,AGSZZ,999,0.999,0.0,0.01607949470509203,0.5091459053926226,-0.07277896988718974
commons-digester,AGSZZ,999,0.999,0.05,0.024328539826309156,0.5354468147355164,-0.07277896988718974
commons-digester,AGSZZ,999,0.999,0.1,0.025221862513361473,0.5404800658227843,-0.07277896988718974
commons-digester,AGSZZ,999,0.999,0.25,0.0071467461444923,0.5150588965794765,-0.07277896988718974
commons-digester,MASZZ,7,0.9,0.0,-0.02101638577905852,0.31026870030854564,-0.25038651201847456
commons-digester,MASZZ,7,0.9,0.05,-0.01818378949745527,0.3262962257630806,-0.25038651201847456
commons-digester,MASZZ,7,0.9,0.1,-0.02767637908927047,0.3147594791672456,-0.25038651201847456
commons-digester,MASZZ,7,0.9,0.25,-0.037128482385448164,0.2431341286739968,-0.25038651201847456
commons-digester,MASZZ,7,0.95,0.0,-0.02911608251353096,0.36399396762728564,-0.19551176034239437
commons-digester,MASZZ,7,0.95,0.05,-0.025036222848396735,0.3827967749218726,-0.19551176034239437
commons-digester,MASZZ,7,0.95,0.1,-0.033622560923688566,0.3743972835712015,-0.19551176034239437
commons-digester,MASZZ,7,0.95,0.25,-0.04675425220283065,0.32191142012388047,-0.19551176034239437
commons-digester,MASZZ,7,0.99,0.0,-0.029019101380186606,0.42317267890890664,-0.11927185260931378
commons-digester,MASZZ,7,0.99,0.05,-0.023473082218536365,0.4450324761624856,-0.11927185260931378
commons-digester,MASZZ,7,0.99,0.1,-0.02713592634838277,0.4433634280683653,-0.11927185260931378
commons-digester,MASZZ,7,0.99,0.25,-0.0443378479571001,0.41048403918642445,-0.11927185260931378
commons-digester,MASZZ,7,0.995,0.0,-0.024172870160980818,0.43850400475902884,-0.11368581268060918
commons-digester,MASZZ,7,0.995,0.05,-0.018211054228445156,0.461155771086737,-0.11368581268060918
commons-digester,MASZZ,7,0.995,0.1,-0.020472219977020725,0.4614341545118107,-0.11368581268060918
commons-digester,MASZZ,7,0.995,0.25,-0.035128645629183136,0.43596344588097935,-0.11368581268060918
commons-digester,MASZZ,7,0.999,0.0,-0.007120295431326268,0.4693778450838558,-0.07648037024089889
commons-digester,MASZZ,7,0.999,0.05,-0.0001504105905393495,0.4936244589137236,-0.07648037024089889
commons-digester,MASZZ,7,0.999,0.1,-0.000445270953668511,0.4966942072186775,-0.07648037024089889
commons-digester,MASZZ,7,0.999,0.25,-0.009156460703864338,0.4823216126192635,-0.07648037024089889
commons-digester,MASZZ,13,0.9,0.0,-0.03473748308562583,0.17624628342880355,-0.30302489003258426
commons-digester,MASZZ,13,0.9,0.05,-0.032697009980641914,0.18535062360592494,-0.30302489003258426
commons-digester,MASZZ,13,0.9,0.1,-0.042765467547637985,0.16521079848005318,-0.30302489003258426
commons-digester,MASZZ,13,0.9,0.25,-0.04031198713969332,0.182643388935337,-0.30302489003258426
commons-digester,MASZZ,13,0.95,0.0,-0.044831777915410875,0.24012294537857748,-0.2817890860936592
commons-digester,MASZZ,13,0.95,0.05,-0.041704108317358976,0.25252695717688606,-0.2817890860936592
commons-digester,MASZZ,13,0.95,0.1,-0.05117683230637939,0.23657992550582815,-0.2817890860936592
commons-digester,MASZZ,13,0.95,0.25,-0.05099642503927051,0.23386584935374224,-0.2817890860936592
commons-digester,MASZZ,13,0.99,0.0,-0.04844834757478167,0.35891303421368936,-0.1590151597899444
commons-digester,MASZZ,13,0.99,0.05,-0.04406259864418591,0.3774533761370087,-0.1590151597899444
commons-digester,MASZZ,13,0.99,0.1,-0.04895744108846435,0.37189113873222207,-0.1590151597899444
commons-digester,MASZZ,13,0.99,0.25,-0.05602193051625001,0.35297586954707394,-0.1590151597899444
commons-digester,MASZZ,13,0.995,0.0,-0.046324510571415796,0.3799010179073016,-0.13254049331406648
commons-digester,MASZZ,13,0.995,0.05,-0.04166186219032674,0.3995255344268795,-0.13254049331406648
commons-digester,MASZZ,13,0.995,0.1,-0.045329039884977176,0.39624061969187974,-0.13254049331406648
commons-digester,MASZZ,13,0.995,0.25,-0.05209113621187675,0.38047146349915056,-0.13254049331406648
commons-digester,MASZZ,13,0.999,0.0,-0.035469847361936514,0.40545208152996104,-0.08806849242814523
commons-digester,MASZZ,13,0.999,0.05,-0.03011729381303841,0.42639648730100194,-0.08806849242814523
commons-digester,MASZZ,13,0.999,0.1,-0.03219231524585071,0.42559013041390215,-0.08806849242814523
commons-digester,MASZZ,13,0.999,0.25,-0.03597552182959955,0.4157224875511403,-0.08806849242814523
commons-digester,MASZZ,21,0.9,0.0,-0.0033278209357573427,0.3592764151661632,-0.2258839353900467
commons-digester,MASZZ,21,0.9,0.05,0.00048693677967813167,0.37783552823030225,-0.2258839353900467
commons-digester,MASZZ,21,0.9,0.1,-0.00882916029321772,0.36740077947234406,-0.2258839353900467
commons-digester,MASZZ,21,0.9,0.25,-0.023212003474652677,0.2833516942762908,-0.2258839353900467
commons-digester,MASZZ,21,0.95,0.0,-0.004334116428901827,0.4351640682340883,-0.19147789756840114
commons-digester,MASZZ,21,0.95,0.05,0.0011244113235615361,0.45764330372766204,-0.19147789756840114
commons-digester,MASZZ,21,0.95,0.1,-0.006619192885265533,0.4521109182065155,-0.19147789756840114
commons-digester,MASZZ,21,0.95,0.25,-0.028051263052841915,0.3856187581944823,-0.19147789756840114
commons-digester,MASZZ,21,0.99,0.0,0.005947634258088681,0.4945671655700013,-0.10428019725669575
commons-digester,MASZZ,21,0.99,0.05,0.013387831632625791,0.5201149821150405,-0.10428019725669575
commons-digester,MASZZ,21,0.99,0.1,0.011554511274432818,0.5221422044705815,-0.10428019725669575
commons-digester,MASZZ,21,0.99,0.25,-0.013378587707169567,0.4828629662836706,-0.10428019725669575
commons-digester,MASZZ,21,0.995,0.0,0.012101543239914725,0.5076802832455168,-0.08953023448021416
commons-digester,MASZZ,21,0.995,0.05,0.020021252532588702,0.533905483062293,-0.08953023448021416
commons-digester,MASZZ,21,0.995,0.1,0.019714893334811634,0.5378583436441872,-0.08953023448021416
commons-digester,MASZZ,21,0.995,0.25,-0.001391910414735476,0.507899041540083,-0.08953023448021416
commons-digester,MASZZ,21,0.999,0.0,0.03038757643274577,0.538795378418227,-0.0476945779980165
commons-digester,MASZZ,21,0.999,0.05,0.03937573298823742,0.5666278882195585,-0.0476945779980165
commons-digester,MASZZ,21,0.999,0.1,0.04114467760147324,0.5734656489540431,-0.0476945779980165
commons-digester,MASZZ,21,0.999,0.25,0.02740261626020904,0.5567067805140071,-0.0476945779980165
commons-digester,MASZZ,42,0.9,0.0,-0.016711060297171416,0.17209356061779643,-0.23269540294224342
commons-digester,MASZZ,42,0.9,0.05,-0.013661878746728215,0.18098338392456365,-0.23269540294224342
commons-digester,MASZZ,42,0.9,0.1,-0.02189982088945063,0.16256462405411332,-0.23269540294224342
commons-digester,MASZZ,42,0.9,0.25,-0.014966335020031255,0.17960067729057014,-0.23269540294224342
commons-digester,MASZZ,42,0.95,0.0,-0.02298209948451629,0.2513316690419307,-0.19995046491125112
commons-digester,MASZZ,42,0.95,0.05,-0.018586030126221523,0.2643146889826932,-0.19995046491125112
commons-digester,MASZZ,42,0.95,0.1,-0.02622361997789177,0.2504148085623473,-0.19995046491125112
commons-digester,MASZZ,42,0.95,0.25,-0.020717759419866883,0.250784586622571,-0.19995046491125112
commons-digester,MASZZ,42,0.99,0.0,-0.02601276976069358,0.38543670392601087,-0.10622148285914351
commons-digester,MASZZ,42,0.99,0.05,-0.020302171052736045,0.4053471769358341,-0.10622148285914351
commons-digester,MASZZ,42,0.99,0.1,-0.023546467913836994,0.402008937743533,-0.10622148285914351
commons-digester,MASZZ,42,0.99,0.25,-0.024901587669719182,0.3899010261083148,-0.10622148285914351
commons-digester,MASZZ,42,0.995,0.0,-0.026635535405640804,0.40773291546519985,-0.08319204656622943
commons-digester,MASZZ,42,0.995,0.05,-0.020790644680247192,0.42879514209254443,-0.08319204656622943
commons-digester,MASZZ,42,0.995,0.1,-0.022988261288024135,0.42772265477804916,-0.08319204656622943
commons-digester,MASZZ,42,0.995,0.25,-0.024521969832146964,0.4192202042306103,-0.08319204656622943
commons-digester,MASZZ,42,0.999,0.0,-0.023505776723821717,0.4289349552151131,-0.045345092863283906
commons-digester,MASZZ,42,0.999,0.05,-0.01737132553941983,0.4510924139153091,-0.045345092863283906
commons-digester,MASZZ,42,0.999,0.1,-0.018442545409313477,0.4521778928184575,-0.045345092863283906
commons-digester,MASZZ,42,0.999,0.25,-0.018597667488115352,0.4487627666974912,-0.045345092863283906
commons-digester,MASZZ,77,0.9,0.0,-0.005705162427249831,0.35266193637780185,-0.23028047296118823
commons-digester,MASZZ,77,0.9,0.05,-0.002013210851238432,0.37087936583981307,-0.23028047296118823
commons-digester,MASZZ,77,0.9,0.1,-0.011531712179097424,0.35999674595741665,-0.23028047296118823
commons-digester,MASZZ,77,0.9,0.25,-0.024739740533558614,0.2782500041732195,-0.23028047296118823
commons-digester,MASZZ,77,0.95,0.0,-0.0072938400829151255,0.4325021786769468,-0.19492083486021297
commons-digester,MASZZ,77,0.95,0.05,-0.0019882025387000053,0.4548439091544108,-0.19492083486021297
commons-digester,MASZZ,77,0.95,0.1,-0.009962012750841978,0.44906011874584295,-0.19492083486021297
commons-digester,MASZZ,77,0.95,0.25,-0.029849564300406983,0.3858238646864138,-0.19492083486021297
commons-digester,MASZZ,77,0.99,0.0,0.004552600177431503,0.49388931863789076,-0.10939100528272933
commons-digester,MASZZ,77,0.99,0.05,0.01192073438795806,0.5194021196981327,-0.10939100528272933
commons-digester,MASZZ,77,0.99,0.1,0.009979521031098476,0.5213409186704676,-0.10939100528272933
commons-digester,MASZZ,77,0.99,0.25,-0.013541254052912058,0.48517566054454886,-0.10939100528272933
commons-digester,MASZZ,77,0.995,0.0,0.011034043265063695,0.5067602174547026,-0.09353216728631747
commons-digester,MASZZ,77,0.995,0.05,0.018898608796853546,0.5329378895064562,-0.09353216728631747
commons-digester,MASZZ,77,0.995,0.1,0.018507301219182967,0.5367966075988736,-0.09353216728631747
commons-digester,MASZZ,77,0.995,0.25,-0.0013330762827465782,0.5094677221413756,-0.09353216728631747
commons-digester,MASZZ,77,0.999,0.0,0.02930614453355242,0.5370169932924879,-0.048862480301813616
commons-digester,MASZZ,77,0.999,0.05,0.03823843764785766,0.5647576371955112,-0.048862480301813616
commons-digester,MASZZ,77,0.999,0.1,0.03992445317811106,0.5714575791527896,-0.048862480301813616
commons-digester,MASZZ,77,0.999,0.25,0.02723367468562594,0.5566986198432171,-0.048862480301813616
commons-digester,MASZZ,101,0.9,0.0,-0.010088115403873804,0.34817627528777223,-0.23269312725141295
commons-digester,MASZZ,101,0.9,0.05,-0.006645918280083022,0.3661619893133589,-0.23269312725141295
commons-digester,MASZZ,101,0.9,0.1,-0.01587339648006341,0.354871937131769,-0.23269312725141295
commons-digester,MASZZ,101,0.9,0.25,-0.029300568428655267,0.26912139142635044,-0.23269312725141295
commons-digester,MASZZ,101,0.95,0.0,-0.013668572423082073,0.41836993314938575,-0.200073908592521
commons-digester,MASZZ,101,0.95,0.05,-0.00872190975160014,0.4399816353491103,-0.200073908592521
commons-digester,MASZZ,101,0.95,0.1,-0.016823964290565728,0.43353610558079386,-0.200073908592521
commons-digester,MASZZ,101,0.95,0.25,-0.03760077651443354,0.36472343439128624,-0.200073908592521
commons-digester,MASZZ,101,0.99,0.0,-0.005346546082839851,0.47357676764785867,-0.11336918538877376
commons-digester,MASZZ,101,0.99,0.05,0.0014886058967038605,0.49804028488502866,-0.11336918538877376
commons-digester,MASZZ,101,0.99,0.1,-0.0009715403848981653,0.4989378059445253,-0.11336918538877376
commons-digester,MASZZ,101,0.99,0.25,-0.026705035659342877,0.4580293645814886,-0.11336918538877376
commons-digester,MASZZ,101,0.995,0.0,0.001224595839778008,0.4870219750698156,-0.10307653198535066
commons-digester,MASZZ,101,0.995,0.05,0.008562406259120088,0.5121800303122134,-0.10307653198535066
commons-digester,MASZZ,101,0.995,0.1,0.00764229847137574,0.5150081437932629,-0.10307653198535066
commons-digester,MASZZ,101,0.995,0.25,-0.01430464046386434,0.48338292595032606,-0.10307653198535066
commons-digester,MASZZ,101,0.999,0.0,0.022234760671505503,0.5228821781360132,-0.06337447844915567
commons-digester,MASZZ,101,0.999,0.05,0.03078303619293143,0.5498926610221816,-0.06337447844915567
commons-digester,MASZZ,101,0.999,0.1,0.03208920524143466,0.5558700079969814,-0.06337447844915567
commons-digester,MASZZ,101,0.999,0.25,0.017970668758190908,0.5382369424301676,-0.06337447844915567
commons-digester,MASZZ,123,0.9,0.0,-0.014505191475550969,0.33451967521458426,-0.2569025632389827
commons-digester,MASZZ,123,0.9,0.05,-0.011241084532464118,0.35179993134165344,-0.2569025632389827
commons-digester,MASZZ,123,0.9,0.1,-0.023221470408928285,0.33775390805883243,-0.2569025632389827
commons-digester,MASZZ,123,0.9,0.25,-0.03985546815349184,0.24694989124408315,-0.2569025632389827
commons-digester,MASZZ,123,0.95,0.0,-0.016563343296300923,0.4184821137166935,-0.2027147397558057
commons-digester,MASZZ,123,0.95,0.05,-0.011703690117584565,0.44009961081901794,-0.2027147397558057
commons-digester,MASZZ,123,0.95,0.1,-0.02184878049371974,0.43128582327374343,-0.2027147397558057
commons-digester,MASZZ,123,0.95,0.25,-0.046035045500128595,0.359526709727502,-0.2027147397558057
commons-digester,MASZZ,123,0.99,0.0,-0.0014193733548934569,0.4791580356622822,-0.09641572430060098
commons-digester,MASZZ,123,0.99,0.05,0.0056733776567074075,0.5039098640152071,-0.09641572430060098
commons-digester,MASZZ,123,0.99,0.1,0.0022925183076530583,0.5033809483210998,-0.09641572430060098
commons-digester,MASZZ,123,0.99,0.25,-0.02564209060001269,0.45804629579524336,-0.09641572430060098
commons-digester,MASZZ,123,0.995,0.0,0.005185571272388435,0.49371623416733135,-0.08720802991368436
commons-digester,MASZZ,123,0.995,0.05,0.012780456926901851,0.5192200942169108,-0.08720802991368436
commons-digester,MASZZ,123,0.995,0.1,0.011040317418920184,0.5208786751534294,-0.08720802991368436
commons-digester,MASZZ,123,0.995,0.25,-0.013234882624732576,0.4848512469818557,-0.08720802991368436
commons-digester,MASZZ,123,0.999,0.0,0.02704563802457802,0.5313663400849202,-0.05212175130167711
commons-digester,MASZZ,123,0.999,0.05,0.0358929248199256,0.5588150886468117,-0.05212175130167711
commons-digester,MASZZ,123,0.999,0.1,0.03650708725504301,0.5638919602757225,-0.05212175130167711
commons-digester,MASZZ,123,0.999,0.25,0.020184945472472644,0.5422586251760637,-0.05212175130167711
commons-digester,MASZZ,202,0.9,0.0,-0.030966637907885956,0.13904518472410757,-0.23269724004232342
commons-digester,MASZZ,202,0.9,0.05,-0.02857961635182945,0.14622783071862774,-0.23269724004232342
commons-digester,MASZZ,202,0.9,0.1,-0.03936431808651094,0.1221992539541597,-0.23269724004232342
commons-digester,MASZZ,202,0.9,0.25,-0.037134140389376326,0.1310180856806744,-0.23269724004232342
commons-digester,MASZZ,202,0.95,0.0,-0.039575897093567645,0.20168042690142038,-0.20073680172653952
commons-digester,MASZZ,202,0.95,0.05,-0.035937851188304365,0.21209861659515847,-0.20073680172653952
commons-digester,MASZZ,202,0.95,0.1,-0.04574214996821859,0.19261217273835796,-0.20073680172653952
commons-digester,MASZZ,202,0.95,0.25,-0.044916597084440874,0.18145017619650333,-0.20073680172653952
commons-digester,MASZZ,202,0.99,0.0,-0.04519665918980445,0.32976548166277814,-0.13281960557518846
commons-digester,MASZZ,202,0.99,0.05,-0.040398418494349546,0.3468001507935064,-0.13281960557518846
commons-digester,MASZZ,202,0.99,0.1,-0.04521925697175653,0.33917094387919483,-0.13281960557518846
commons-digester,MASZZ,202,0.99,0.25,-0.051528155052165875,0.3138854548002142,-0.13281960557518846
commons-digester,MASZZ,202,0.995,0.0,-0.0433327779444208,0.3650839170735525,-0.11201121856127294
commons-digester,MASZZ,202,0.995,0.05,-0.038276634950742724,0.38394302779957423,-0.11201121856127294
commons-digester,MASZZ,202,0.995,0.1,-0.04181669723109933,0.37955554527364427,-0.11201121856127294
commons-digester,MASZZ,202,0.995,0.25,-0.04794221331978656,0.36044743101558396,-0.11201121856127294
commons-digester,MASZZ,202,0.999,0.0,-0.03394176784225874,0.4047983545371579,-0.0704453154889904
commons-digester,MASZZ,202,0.999,0.05,-0.028276667082649396,0.4257089907851787,-0.0704453154889904
commons-digester,MASZZ,202,0.999,0.1,-0.030257906314723648,0.4247199958878586,-0.0704453154889904
commons-digester,MASZZ,202,0.999,0.25,-0.03378914549364825,0.41454657675091183,-0.0704453154889904
commons-digester,MASZZ,314,0.9,0.0,-0.013658392359894415,0.17330044996565466,-0.210930161993815
commons-digester,MASZZ,314,0.9,0.05,-0.010377280146875379,0.18225261745900717,-0.210930161993815
commons-digester,MASZZ,314,0.9,0.1,-0.020081530096352263,0.16098621866753898,-0.210930161993815
commons-digester,MASZZ,314,0.9,0.25,-0.012984555242914513,0.17780771198177825,-0.210930161993815
commons-digester,MASZZ,314,0.95,0.0,-0.02181387199153101,0.24527975971622562,-0.1705868869936791
commons-digester,MASZZ,314,0.95,0.05,-0.01725829457514888,0.25795015666063104,-0.1705868869936791
commons-digester,MASZZ,314,0.95,0.1,-0.025905015007951056,0.24143071516574668,-0.1705868869936791
commons-digester,MASZZ,314,0.95,0.25,-0.02017935102907555,0.24027791998681763,-0.1705868869936791
commons-digester,MASZZ,314,0.99,0.0,-0.03063851478812475,0.36893713747512996,-0.09418570563733165
commons-digester,MASZZ,314,0.99,0.05,-0.025088245190828688,0.3879952936994787,-0.09418570563733165
commons-digester,MASZZ,314,0.99,0.1,-0.02900074505999674,0.3827795612249102,-0.09418570563733165
commons-digester,MASZZ,314,0.99,0.25,-0.031330468604610896,0.36702682683047466,-0.09418570563733165
commons-digester,MASZZ,314,0.995,0.0,-0.03301429590772113,0.3905580412400627,-0.08052739155086984
commons-digester,MASZZ,314,0.995,0.05,-0.027425131912147255,0.4107330667622102,-0.08052739155086984
commons-digester,MASZZ,314,0.995,0.1,-0.03031465949782037,0.40792988398982977,-0.08052739155086984
commons-digester,MASZZ,314,0.995,0.25,-0.0333651760623184,0.3954464119919291,-0.08052739155086984
commons-digester,MASZZ,314,0.999,0.0,-0.030963661582861065,0.41199638393931476,-0.052480852528567545
commons-digester,MASZZ,314,0.999,0.05,-0.025144721026226304,0.4332788482168818,-0.052480852528567545
commons-digester,MASZZ,314,0.999,0.1,-0.02691182274982549,0.43278613457504406,-0.052480852528567545
commons-digester,MASZZ,314,0.999,0.25,-0.028971728615903018,0.42524897579405035,-0.052480852528567545
commons-digester,MASZZ,999,0.9,0.0,-0.0031496742082921104,0.35882754036103676,-0.22158023334968235
commons-digester,MASZZ,999,0.9,0.05,0.0006742860184061915,0.3773634659352424,-0.22158023334968235
commons-digester,MASZZ,999,0.9,0.1,-0.008736313089807858,0.3663145460284682,-0.22158023334968235
commons-digester,MASZZ,999,0.9,0.25,-0.023120867020478098,0.2803969589738691,-0.22158023334968235
commons-digester,MASZZ,999,0.95,0.0,-0.004824706502018371,0.4343413660196195,-0.18485639955212516
commons-digester,MASZZ,999,0.95,0.05,0.0006084788782469674,0.4567781032506524,-0.18485639955212516
commons-digester,MASZZ,999,0.95,0.1,-0.0072770847699212176,0.45085350909865435,-0.18485639955212516
commons-digester,MASZZ,999,0.95,0.25,-0.029030973161132075,0.382559444057945,-0.18485639955212516
commons-digester,MASZZ,999,0.99,0.0,0.005685448929786075,0.4946157846809978,-0.10522905798237994
commons-digester,MASZZ,999,0.99,0.05,0.01311210261777344,0.5201661127395679,-0.10522905798237994
commons-digester,MASZZ,999,0.99,0.1,0.011208534969338442,0.5220827709180875,-0.10522905798237994
commons-digester,MASZZ,999,0.99,0.25,-0.014344337305159964,0.4816697130158024,-0.10522905798237994
commons-digester,MASZZ,999,0.995,0.0,0.012299877294420794,0.5086509216495381,-0.09197171710524803
commons-digester,MASZZ,999,0.995,0.05,0.020229831913497132,0.5349262616567754,-0.09197171710524803
commons-digester,MASZZ,999,0.995,0.1,0.01988885726034382,0.538846457146819,-0.09197171710524803
commons-digester,MASZZ,999,0.995,0.25,-0.0017235004371921267,0.5080517151290672,-0.09197171710524803
commons-digester,MASZZ,999,0.999,0.0,0.031349426629421674,0.5410426932156123,-0.04861245404168722
commons-digester,MASZZ,999,0.999,0.05,0.04038726940364998,0.5689912923778222,-0.04861245404168722
commons-digester,MASZZ,999,0.999,0.1,0.0421727437338879,0.5758881255563295,-0.04861245404168722
commons-digester,MASZZ,999,0.999,0.25,0.02811862911249583,0.5586630286483667,-0.04861245404168722
commons-digester,LSZZ,7,0.9,0.0,-0.014888247606101072,0.1844465827679709,-0.23134064306865135
commons-digester,LSZZ,7,0.9,0.05,-0.012481143768634732,0.1939745251526712,-0.23134064306865135
commons-digester,LSZZ,7,0.9,0.1,-0.02749613075998112,0.1683676175893075,-0.23134064306865135
commons-digester,LSZZ,7,0.9,0.25,-0.035531388508915476,0.11026112346931911,-0.23134064306865135
commons-digester,LSZZ,7,0.95,0.0,-0.02269573748400849,0.2529619565636076,-0.16321312372392474
commons-digester,LSZZ,7,0.95,0.05,-0.019418791105733843,0.26602919213658144,-0.16321312372392474
commons-digester,LSZZ,7,0.95,0.1,-0.03395789171618028,0.243903651722882,-0.16321312372392474
commons-digester,LSZZ,7,0.95,0.25,-0.048356420298570964,0.1784754313461652,-0.16321312372392474
commons-digester,LSZZ,7,0.99,0.0,-0.03165047852685561,0.3497895277419088,-0.07611610716492359
commons-digester,LSZZ,7,0.99,0.05,-0.027488281978842025,0.3678585774205844,-0.07611610716492359
commons-digester,LSZZ,7,0.99,0.1,-0.03680520914660736,0.3554332707762853,-0.07611610716492359
commons-digester,LSZZ,7,0.99,0.25,-0.06549684375451824,0.29292169042362776,-0.07611610716492359
commons-digester,LSZZ,7,0.995,0.0,-0.024649749401606268,0.3922556177067388,-0.09021177869189693
commons-digester,LSZZ,7,0.995,0.05,-0.01994980957006735,0.4125183348007516,-0.09021177869189693
commons-digester,LSZZ,7,0.995,0.1,-0.02750831544592887,0.40402623674957705,-0.09021177869189693
commons-digester,LSZZ,7,0.995,0.25,-0.05505715619386957,0.35207828455451684,-0.09021177869189693
commons-digester,LSZZ,7,0.999,0.0,0.0027449155310248774,0.467001055123409,-0.07540699071879463
commons-digester,LSZZ,7,0.999,0.05,0.008999816222635923,0.49112489130424775,-0.07540699071879463
commons-digester,LSZZ,7,0.999,0.1,0.004210538425470356,0.4883659241036972,-0.07540699071879463
commons-digester,LSZZ,7,0.999,0.25,-0.01654926764459626,0.4552783425642674,-0.07540699071879463
commons-digester,LSZZ,13,0.9,0.0,0.00013494222992904066,0.21085470922668095,-0.23134661821567562
commons-digester,LSZZ,13,0.9,0.05,0.0034506317279988496,0.22174681408926777,-0.23134661821567562
commons-digester,LSZZ,13,0.9,0.1,-0.01067995157612059,0.19753886691642358,-0.23134661821567562
commons-digester,LSZZ,13,0.9,0.25,-0.015832057815035733,0.144658764571539,-0.23134661821567562
commons-digester,LSZZ,13,0.95,0.0,-0.005700932180567155,0.3208050636249698,-0.16383361116659748
commons-digester,LSZZ,13,0.95,0.05,-0.001355309410243702,0.3373768651572538,-0.16383361116659748
commons-digester,LSZZ,13,0.95,0.1,-0.014795063738172715,0.3192132367283573,-0.16383361116659748
commons-digester,LSZZ,13,0.95,0.25,-0.02586020557502349,0.26833645089544805,-0.16383361116659748
commons-digester,LSZZ,13,0.99,0.0,-0.005297056969804477,0.4249484182715588,-0.08462620482534565
commons-digester,LSZZ,13,0.99,0.05,0.0004566549706209501,0.44689994475147365,-0.08462620482534565
commons-digester,LSZZ,13,0.99,0.1,-0.007034549803996601,0.43907548969968524,-0.08462620482534565
commons-digester,LSZZ,13,0.99,0.25,-0.03005027975006715,0.3930091302358622,-0.08462620482534565
commons-digester,LSZZ,13,0.995,0.0,0.0036977897990890913,0.4648200640910686,-0.07599716661126847
commons-digester,LSZZ,13,0.995,0.05,0.010095376817328342,0.48883123699245906,-0.07599716661126847
commons-digester,LSZZ,13,0.995,0.1,0.0044970555456975226,0.4848103907747377,-0.07599716661126847
commons-digester,LSZZ,13,0.995,0.25,-0.016802514150207077,0.4488650525405469,-0.07599716661126847
commons-digester,LSZZ,13,0.999,0.0,0.024441720438640426,0.5200233075170104,-0.032871327622704595
commons-digester,LSZZ,13,0.999,0.05,0.03205276321885366,0.5468861099520996,-0.032871327622704595
commons-digester,LSZZ,13,0.999,0.1,0.028847005903595725,0.5474701899954025,-0.032871327622704595
commons-digester,LSZZ,13,0.999,0.25,0.013001179452317713,0.5261932192208817,-0.032871327622704595
commons-digester,LSZZ,21,0.9,0.0,0.0036496652015960713,0.24370318827486256,-0.2313395056534309
commons-digester,LSZZ,21,0.9,0.05,0.007055984347569166,0.2562921443943242,-0.2313395056534309
commons-digester,LSZZ,21,0.9,0.1,-0.006773677262216909,0.23418717982087933,-0.2313395056534309
commons-digester,LSZZ,21,0.9,0.25,-0.010661984086116216,0.1896958474837701,-0.2313395056534309
commons-digester,LSZZ,21,0.95,0.0,0.00035457302205755826,0.3153042749704385,-0.16326537741886735
commons-digester,LSZZ,21,0.95,0.05,0.004892370731845249,0.33159192270282956,-0.16326537741886735
commons-digester,LSZZ,21,0.95,0.1,-0.008037196766051953,0.31325665890359755,-0.16326537741886735
commons-digester,LSZZ,21,0.95,0.25,-0.017198365927977393,0.26223457702758035,-0.16326537741886735
commons-digester,LSZZ,21,0.99,0.0,-0.0051689344348268915,0.4111398154694294,-0.0676180642840395
commons-digester,LSZZ,21,0.99,0.05,0.00044006603811271424,0.4323780320580062,-0.0676180642840395
commons-digester,LSZZ,21,0.99,0.1,-0.006993467719153485,0.42380189042921174,-0.0676180642840395
commons-digester,LSZZ,21,0.99,0.25,-0.029275401644841114,0.3755381875677879,-0.0676180642840395
commons-digester,LSZZ,21,0.995,0.0,-0.000801400001522684,0.44909246565664485,-0.0625919045992197
commons-digester,LSZZ,21,0.995,0.05,0.005208479994533588,0.47229119926268986,-0.0625919045992197
commons-digester,LSZZ,21,0.995,0.1,-0.000627729926633466,0.4673843218588051,-0.0625919045992197
commons-digester,LSZZ,21,0.995,0.25,-0.022269994163006818,0.4287203770249107,-0.0625919045992197
commons-digester,LSZZ,21,0.999,0.0,0.017005552489360205,0.5020493925497884,-0.036523557653877554
commons-digester,LSZZ,21,0.999,0.05,0.024074108625621423,0.5279837178959275,-0.036523557653877554
commons-digester,LSZZ,21,0.999,0.1,0.020438358804592497,0.5275322599542457,-0.036523557653877554
commons-digester,LSZZ,21,0.999,0.25,0.0035221248056476616,0.5029342359900887,-0.036523557653877554
commons-digester,LSZZ,42,0.9,0.0,-0.009794207150332005,0.23400955865760392,-0.23153766550959856
commons-digester,LSZZ,42,0.9,0.05,-0.006991426928240589,0.24609777172666142,-0.23153766550959856
commons-digester,LSZZ,42,0.9,0.1,-0.021680681926799165,0.2233947980961993,-0.23153766550959856
commons-digester,LSZZ,42,0.9,0.25,-0.02888098961064573,0.17683257400061628,-0.23153766550959856
commons-digester,LSZZ,42,0.95,0.0,-0.01688435649080856,0.30153408747586985,-0.16494202789161094
commons-digester,LSZZ,42,0.95,0.05,-0.013116434976277302,0.3171104097333952,-0.16494202789161094
commons-digester,LSZZ,42,0.95,0.1,-0.027184135679434226,0.2978911412816156,-0.16494202789161094
commons-digester,LSZZ,42,0.95,0.25,-0.04062027930482391,0.24378957646550023,-0.16494202789161094
commons-digester,LSZZ,42,0.99,0.0,-0.025153591313394542,0.3821194302933948,-0.07837814052652935
commons-digester,LSZZ,42,0.99,0.05,-0.02042560678058148,0.4018585431643011,-0.07837814052652935
commons-digester,LSZZ,42,0.99,0.1,-0.02906401198331583,0.39154969074925267,-0.07837814052652935
commons-digester,LSZZ,42,0.99,0.25,-0.056116126311661796,0.3365250477784784,-0.07837814052652935
commons-digester,LSZZ,42,0.995,0.0,-0.019324180529532668,0.41692034474245565,-0.08439091859697544
commons-digester,LSZZ,42,0.995,0.05,-0.014115837592596488,0.43845716566969756,-0.08439091859697544
commons-digester,LSZZ,42,0.995,0.1,-0.021048744697536582,0.4316513839746505,-0.08439091859697544
commons-digester,LSZZ,42,0.995,0.25,-0.0471005942684804,0.38552282773486474,-0.08439091859697544
commons-digester,LSZZ,42,0.999,0.0,0.004891408102479941,0.4766778405626151,-0.0650530538022643
commons-digester,LSZZ,42,0.999,0.05,0.011492541960844732,0.5013015496754989,-0.0650530538022643
commons-digester,LSZZ,42,0.999,0.1,0.007153184299980155,0.4993638623333348,-0.0650530538022643
commons-digester,LSZZ,42,0.999,0.25,-0.012705563122392767,0.46884121283519803,-0.0650530538022643
commons-digester,LSZZ,77,0.9,0.0,-0.022511286996346233,0.17956238235492283,-0.23153631316462808
commons-digester,LSZZ,77,0.9,0.05,-0.02049796589541304,0.1888380219892415,-0.23153631316462808
commons-digester,LSZZ,77,0.9,0.1,-0.036015847672155155,0.1625951072300521,-0.23153631316462808
commons-digester,LSZZ,77,0.9,0.25,-0.04674028189439915,0.10252501897607894,-0.23153631316462808
commons-digester,LSZZ,77,0.95,0.0,-0.029565681420669964,0.2537316740879612,-0.16485452439643292
commons-digester,LSZZ,77,0.95,0.05,-0.02664361518727159,0.26683867089757324,-0.16485452439643292
commons-digester,LSZZ,77,0.95,0.1,-0.04165142936404672,0.24458933495675236,-0.16485452439643292
commons-digester,LSZZ,77,0.95,0.25,-0.05880855414504493,0.17844496623259443,-0.16485452439643292
commons-digester,LSZZ,77,0.99,0.0,-0.03645557277107324,0.34638344878358845,-0.0895720401840248
commons-digester,LSZZ,77,0.99,0.05,-0.032541592592400324,0.3642765509137348,-0.0895720401840248
commons-digester,LSZZ,77,0.99,0.1,-0.042173041846794185,0.35160809368684615,-0.0895720401840248
commons-digester,LSZZ,77,0.99,0.25,-0.07317933648749772,0.2870978026382315,-0.0895720401840248
commons-digester,LSZZ,77,0.995,0.0,-0.027626157521901704,0.38953039194751204,-0.10387540100512696
commons-digester,LSZZ,77,0.995,0.05,-0.023079969766752317,0.4096523322722859,-0.10387540100512696
commons-digester,LSZZ,77,0.995,0.1,-0.030839756176066803,0.40096732984229216,-0.10387540100512696
commons-digester,LSZZ,77,0.995,0.25,-0.060264237794375015,0.34717491100553716,-0.10387540100512696
commons-digester,LSZZ,77,0.999,0.0,0.0022192884626746796,0.4658968944750339,-0.0819925607188446
commons-digester,LSZZ,77,0.999,0.05,0.008447036878825148,0.4899636931175064,-0.0819925607188446
commons-digester,LSZZ,77,0.999,0.1,0.0036045004787632353,0.487113690871768,-0.0819925607188446
commons-digester,LSZZ,77,0.999,0.25,-0.018431903581670794,0.4525949269120532,-0.0819925607188446
commons-digester,LSZZ,101,0.9,0.0,0.0005142722560027431,0.24150096637896057,-0.2315341262424765
commons-digester,LSZZ,101,0.9,0.05,0.003758626659172285,0.2539761624979517,-0.2315341262424765
commons-digester,LSZZ,101,0.9,0.1,-0.01025422148885806,0.23174253226359723,-0.2315341262424765
commons-digester,LSZZ,101,0.9,0.25,-0.01483541645435562,0.18721572472442186,-0.2315341262424765
commons-digester,LSZZ,101,0.95,0.0,-0.004847121270891098,0.3416598769258144,-0.1646882838682637
commons-digester,LSZZ,101,0.95,0.05,-0.0005780270674643058,0.3593089738820212,-0.1646882838682637
commons-digester,LSZZ,101,0.95,0.1,-0.013811505554212037,0.34251354625941094,-0.1646882838682637
commons-digester,LSZZ,101,0.95,0.25,-0.024089550148970233,0.29782196525357385,-0.1646882838682637
commons-digester,LSZZ,101,0.99,0.0,-0.008941757249525976,0.4255851591455518,-0.07398470089437084
commons-digester,LSZZ,101,0.99,0.05,-0.003527649183193629,0.4475695776979049,-0.07398470089437084
commons-digester,LSZZ,101,0.99,0.1,-0.011181611563865754,0.4398374108268826,-0.07398470089437084
commons-digester,LSZZ,101,0.99,0.25,-0.0341458148162811,0.395030839195729,-0.07398470089437084
commons-digester,LSZZ,101,0.995,0.0,-0.0022207642179774803,0.4567854880599059,-0.06939170271335475
commons-digester,LSZZ,101,0.995,0.05,0.0037157957941878444,0.48038161950939423,-0.06939170271335475
commons-digester,LSZZ,101,0.995,0.1,-0.0022033410269984063,0.47592420989699297,-0.06939170271335475
commons-digester,LSZZ,101,0.995,0.25,-0.024026420958676506,0.43915018919403903,-0.06939170271335475
commons-digester,LSZZ,101,0.999,0.0,0.018116630878115745,0.5071678955209763,-0.03996908252991141
commons-digester,LSZZ,101,0.999,0.05,0.025242581901905273,0.533366626966017,-0.03996908252991141
commons-digester,LSZZ,101,0.999,0.1,0.021671747262892126,0.533214219528229,-0.03996908252991141
commons-digester,LSZZ,101,0.999,0.25,0.0051078657287280255,0.5098820664689221,-0.03996908252991141
commons-digester,LSZZ,123,0.9,0.0,1.077654859804075e-05,0.22432546858780902,-0.23113405364334996
commons-digester,LSZZ,123,0.9,0.05,0.003361505902104859,0.23591343139010326,-0.23113405364334996
commons-digester,LSZZ,123,0.9,0.1,-0.010653088252741454,0.21268453271177737,-0.23113405364334996
commons-digester,LSZZ,123,0.9,0.25,-0.015789845474161363,0.163148274542123,-0.23113405364334996
commons-digester,LSZZ,123,0.95,0.0,-0.007965432735394627,0.31154332419771374,-0.16308321901212952
commons-digester,LSZZ,123,0.95,0.05,-0.003666097433219447,0.32763669279662094,-0.16308321901212952
commons-digester,LSZZ,123,0.95,0.1,-0.016954652706319923,0.30915047799170225,-0.16308321901212952
commons-digester,LSZZ,123,0.95,0.25,-0.02843922684520433,0.2564526614289812,-0.16308321901212952
commons-digester,LSZZ,123,0.99,0.0,-0.009881941294205996,0.4171451768999837,-0.10178110187094089
commons-digester,LSZZ,123,0.99,0.05,-0.0042848441588527264,0.43869361196401796,-0.10178110187094089
commons-digester,LSZZ,123,0.99,0.1,-0.011705292050296828,0.4306978332746192,-0.10178110187094089
commons-digester,LSZZ,123,0.99,0.25,-0.035272794929537776,0.3834040864556483,-0.10178110187094089
commons-digester,LSZZ,123,0.995,0.0,-7.905252143106453e-05,0.4588823919921788,-0.09589456577115782
commons-digester,LSZZ,123,0.995,0.05,0.006202859664081144,0.4825868430405077,-0.09589456577115782
commons-digester,LSZZ,123,0.995,0.1,0.0007130811733150776,0.4784993696402154,-0.09589456577115782
commons-digester,LSZZ,123,0.995,0.25,-0.02083537299370947,0.44185863211218157,-0.09589456577115782
commons-digester,LSZZ,123,0.999,0.0,0.02236996438313393,0.5156491538985115,-0.04854251766718624
commons-digester,LSZZ,123,0.999,0.05,0.029952413603780266,0.5422860010297212,-0.04854251766718624
commons-digester,LSZZ,123,0.999,0.1,0.02694487539539294,0.5428873185281916,-0.04854251766718624
commons-digester,LSZZ,123,0.999,0.25,0.011334348850905536,0.5213642348866949,-0.04854251766718624
commons-digester,LSZZ,202,0.9,0.0,0.00024930918668267515,0.21412558658640923,-0.23134633734492113
commons-digester,LSZZ,202,0.9,0.05,0.0034799764137567342,0.2251866548993524,-0.23134633734492113
commons-digester,LSZZ,202,0.9,0.1,-0.010795294379420842,0.2004516480283711,-0.23134633734492113
commons-digester,LSZZ,202,0.9,0.25,-0.015980414402552552,0.14763018809151696,-0.23134633734492113
commons-digester,LSZZ,202,0.95,0.0,-0.005674541060415733,0.31141291391083686,-0.1637601897033399
commons-digester,LSZZ,202,0.95,0.05,-0.0014481888149273452,0.3274995459159776,-0.1637601897033399
commons-digester,LSZZ,202,0.95,0.1,-0.015019039551912763,0.3084115963576101,-0.1637601897033399
commons-digester,LSZZ,202,0.95,0.25,-0.026629602226632017,0.2545867653801304,-0.1637601897033399
commons-digester,LSZZ,202,0.99,0.0,-0.006688316774237953,0.41433928875818593,-0.08276153398306707
commons-digester,LSZZ,202,0.99,0.05,-0.0011578029133731734,0.4357427802827316,-0.08276153398306707
commons-digester,LSZZ,202,0.99,0.1,-0.008824914845863414,0.4271819648909002,-0.08276153398306707
commons-digester,LSZZ,202,0.99,0.25,-0.033098070855691095,0.37774793908955084,-0.08276153398306707
commons-digester,LSZZ,202,0.995,0.0,0.0010194431111505006,0.45500471449149554,-0.07655139585603478
commons-digester,LSZZ,202,0.995,0.05,0.007123382254352658,0.47850885666308357,-0.07655139585603478
commons-digester,LSZZ,202,0.995,0.1,0.0012753461491831642,0.47381179506848137,-0.07655139585603478
commons-digester,LSZZ,202,0.995,0.25,-0.021560068076661065,0.4347125356660702,-0.07655139585603478
commons-digester,LSZZ,202,0.999,0.0,0.02148526676262257,0.5114740993509805,-0.03767926623966431
commons-digester,LSZZ,202,0.999,0.05,0.02878523114106985,0.5378952760231072,-0.03767926623966431
commons-digester,LSZZ,202,0.999,0.1,0.025312937248471064,0.5378844680149597,-0.03767926623966431
commons-digester,LSZZ,202,0.999,0.25,0.007897366178942301,0.5137833316314048,-0.03767926623966431
commons-digester,LSZZ,314,0.9,0.0,-0.005950816669046075,0.2216980279188807,-0.2315351454577115
commons-digester,LSZZ,314,0.9,0.05,-0.0030820326759618865,0.23315026522853047,-0.2315351454577115
commons-digester,LSZZ,314,0.9,0.1,-0.017574846828826447,0.20971978766938118,-0.2315351454577115
commons-digester,LSZZ,314,0.9,0.25,-0.024094881901259035,0.15999106970988955,-0.2315351454577115
commons-digester,LSZZ,314,0.95,0.0,-0.014214934640211759,0.3219211798956796,-0.16486550961368435
commons-digester,LSZZ,314,0.95,0.05,-0.010499896107238059,0.3385506365569574,-0.16486550961368435
commons-digester,LSZZ,314,0.95,0.1,-0.024543502551101402,0.3204540652777233,-0.16486550961368435
commons-digester,LSZZ,314,0.95,0.25,-0.03753913043849983,0.2704047050917054,-0.16486550961368435
commons-digester,LSZZ,314,0.99,0.0,-0.022381613576819073,0.40027724312698226,-0.08837184201990225
commons-digester,LSZZ,314,0.99,0.05,-0.017740616012867933,0.420954332684224,-0.08837184201990225
commons-digester,LSZZ,314,0.99,0.1,-0.026516006182523578,0.4114787902212383,-0.08837184201990225
commons-digester,LSZZ,314,0.99,0.25,-0.053467063428191276,0.3599360996157311,-0.08837184201990225
commons-digester,LSZZ,314,0.995,0.0,-0.012626416378464416,0.4338062747962645,-0.09097873470123828
commons-digester,LSZZ,314,0.995,0.05,-0.007305388193878214,0.4562153708627382,-0.09097873470123828
commons-digester,LSZZ,314,0.995,0.1,-0.014161426215506992,0.45015088592611835,-0.09097873470123828
commons-digester,LSZZ,314,0.995,0.25,-0.03935339023831704,0.4071412268873133,-0.09097873470123828
commons-digester,LSZZ,314,0.999,0.0,0.013314239128850856,0.49386046014690477,-0.05791871564321811
commons-digester,LSZZ,314,0.999,0.05,0.020115118524833043,0.5193717704663843,-0.05791871564321811
commons-digester,LSZZ,314,0.999,0.1,0.015943357522233966,0.5181820743303966,-0.05791871564321811
commons-digester,LSZZ,314,0.999,0.25,-0.0027777600138188135,0.4907553275264662,-0.05791871564321811
commons-digester,LSZZ,999,0.9,0.0,-0.0024729987047537837,0.26079569016409726,-0.23112915037872364
commons-digester,LSZZ,999,0.9,0.05,0.000575438652957589,0.27426759228758385,-0.23112915037872364
commons-digester,LSZZ,999,0.9,0.1,-0.013900916944717883,0.2525609947642291,-0.23112915037872364
commons-digester,LSZZ,999,0.9,0.25,-0.019669128388138137,0.21085929468639952,-0.23112915037872364
commons-digester,LSZZ,999,0.95,0.0,-0.006400126618061777,0.3250086528174389,-0.16200780020321173
commons-digester,LSZZ,999,0.95,0.05,-0.0022813991716631723,0.341797598820679,-0.16200780020321173
commons-digester,LSZZ,999,0.95,0.1,-0.016087672021112914,0.32352192816860703,-0.16200780020321173
commons-digester,LSZZ,999,0.95,0.25,-0.027638090384542974,0.2733798616819597,-0.16200780020321173
commons-digester,LSZZ,999,0.99,0.0,-0.012501718942239422,0.4030481293144936,-0.057358916552355796
commons-digester,LSZZ,999,0.99,0.05,-0.007350356450771008,0.4238683543180688,-0.057358916552355796
commons-digester,LSZZ,999,0.99,0.1,-0.0156621180551541,0.4144278863000718,-0.057358916552355796
commons-digester,LSZZ,999,0.99,0.25,-0.04102961513201056,0.36278888288807265,-0.057358916552355796
commons-digester,LSZZ,999,0.995,0.0,-0.007891049171868513,0.43511199047224786,-0.061309346371758014
commons-digester,LSZZ,999,0.995,0.05,-0.002325406501951333,0.4575885357890404,-0.061309346371758014
commons-digester,LSZZ,999,0.995,0.1,-0.008998095027066812,0.4514990629013403,-0.061309346371758014
commons-digester,LSZZ,999,0.995,0.25,-0.033740061954643547,0.4081210009342217,-0.061309346371758014
commons-digester,LSZZ,999,0.999,0.0,0.013944035183980066,0.49209996799650196,-0.04946732266250286
commons-digester,LSZZ,999,0.999,0.05,0.020777447904447483,0.51752033671367,-0.04946732266250286
commons-digester,LSZZ,999,0.999,0.1,0.01656451699866855,0.5161449287439471,-0.04946732266250286
commons-digester,LSZZ,999,0.999,0.25,-0.0025880805424162855,0.48772433125296316,-0.04946732266250286
commons-digester,RSZZ,7,0.9,0.0,-0.009052958331496129,0.22543716520469637,-0.0917387350760453
commons-digester,RSZZ,7,0.9,0.05,-0.005557288181549387,0.2370825548302801,-0.0917387350760453
commons-digester,RSZZ,7,0.9,0.1,-0.013121360519849714,0.22164680458883076,-0.0917387350760453
commons-digester,RSZZ,7,0.9,0.25,-0.01434656739982743,0.18397717988096274,-0.0917387350760453
commons-digester,RSZZ,7,0.95,0.0,-0.013109653601141401,0.307422813472934,-0.11966700958086751
commons-digester,RSZZ,7,0.95,0.05,-0.008134118904744398,0.3233033291786508,-0.11966700958086751
commons-digester,RSZZ,7,0.95,0.1,-0.014945492192467113,0.31291713169129676,-0.11966700958086751
commons-digester,RSZZ,7,0.95,0.25,-0.019660896559507274,0.2737144833572745,-0.11966700958086751
commons-digester,RSZZ,7,0.99,0.0,-0.006599958751021987,0.4179977263773002,-0.0824747192543786
commons-digester,RSZZ,7,0.99,0.05,0.0001704457904967202,0.43959020152154676,-0.0824747192543786
commons-digester,RSZZ,7,0.99,0.1,-0.0016484534578158102,0.43857522267992577,-0.0824747192543786
commons-digester,RSZZ,7,0.99,0.25,-0.01107708587320175,0.4108338993992276,-0.0824747192543786
commons-digester,RSZZ,7,0.995,0.0,-0.004793149604318099,0.4487256937494658,-0.0559511873072436
commons-digester,RSZZ,7,0.995,0.05,0.0022338026195687223,0.47190548104841484,-0.0559511873072436
commons-digester,RSZZ,7,0.995,0.1,0.001603338722957845,0.4736333504935279,-0.0559511873072436
commons-digester,RSZZ,7,0.995,0.25,-0.006624319974624239,0.45495838897274754,-0.0559511873072436
commons-digester,RSZZ,7,0.999,0.0,0.0025891816126060417,0.4839939714289076,-0.022546779436673294
commons-digester,RSZZ,7,0.999,0.05,0.010122627026700904,0.5089956093292313,-0.022546779436673294
commons-digester,RSZZ,7,0.999,0.1,0.010864968915066331,0.513683198632971,-0.022546779436673294
commons-digester,RSZZ,7,0.999,0.25,0.005878291348480473,0.5058362830120139,-0.022546779436673294
commons-digester,RSZZ,13,0.9,0.0,-0.002412398933998832,0.24049285806234866,-0.10752666742921167
commons-digester,RSZZ,13,0.9,0.05,0.0013385555982663292,0.2529159784105986,-0.10752666742921167
commons-digester,RSZZ,13,0.9,0.1,-0.006300795663449005,0.23754675657241422,-0.10752666742921167
commons-digester,RSZZ,13,0.9,0.25,-0.00631577779077145,0.2022114534303175,-0.10752666742921167
commons-digester,RSZZ,13,0.95,0.0,-0.006267900892218011,0.3356285652780144,-0.13219188047318653
commons-digester,RSZZ,13,0.95,0.05,-0.0010848859537627997,0.35296610325046546,-0.13219188047318653
commons-digester,RSZZ,13,0.95,0.1,-0.007924334257937869,0.3434182135432611,-0.13219188047318653
commons-digester,RSZZ,13,0.95,0.25,-0.0112020746097577,0.30917090016697485,-0.13219188047318653
commons-digester,RSZZ,13,0.99,0.0,-0.0023121562616984287,0.4292076362286069,-0.08511116391087294
commons-digester,RSZZ,13,0.99,0.05,0.004519545635269017,0.45137918079012357,-0.08511116391087294
commons-digester,RSZZ,13,0.99,0.1,0.0025470237578186033,0.4503590792814258,-0.08511116391087294
commons-digester,RSZZ,13,0.99,0.25,-0.006442870046948031,0.424095298417042,-0.08511116391087294
commons-digester,RSZZ,13,0.995,0.0,-0.00046160797724987775,0.4584666685902818,-0.05392599993496209
commons-digester,RSZZ,13,0.995,0.05,0.006630997956747918,0.48214964464806437,-0.05392599993496209
commons-digester,RSZZ,13,0.995,0.1,0.005852998540313795,0.4838327410251045,-0.05392599993496209
commons-digester,RSZZ,13,0.995,0.25,-0.0020376505528293203,0.4662486272013387,-0.05392599993496209
commons-digester,RSZZ,13,0.999,0.0,0.005998280613897579,0.49170317815953973,-0.01734994773354068
commons-digester,RSZZ,13,0.999,0.05,0.013552020681173902,0.5171030499358122,-0.01734994773354068
commons-digester,RSZZ,13,0.999,0.1,0.014096398549563892,0.5216688968550935,-0.01734994773354068
commons-digester,RSZZ,13,0.999,0.25,0.009141280389100361,0.5143633294497646,-0.01734994773354068
commons-digester,RSZZ,21,0.9,0.0,-0.023683324783886107,0.22305232564700667,-0.1075271040563315
commons-digester,RSZZ,21,0.9,0.05,-0.02122435905591824,0.23457452180616,-0.1075271040563315
commons-digester,RSZZ,21,0.9,0.1,-0.02835684117401763,0.22198442446847344,-0.1075271040563315
commons-digester,RSZZ,21,0.9,0.25,-0.036234245533812014,0.17804659717045654,-0.1075271040563315
commons-digester,RSZZ,21,0.95,0.0,-0.030928728214496385,0.3034470328430012,-0.132292504454301
commons-digester,RSZZ,21,0.95,0.05,-0.027191047501771298,0.3191221719664701,-0.132292504454301
commons-digester,RSZZ,21,0.95,0.1,-0.034253575731000845,0.3106284511719554,-0.132292504454301
commons-digester,RSZZ,21,0.95,0.25,-0.046404991599461626,0.26425679512719097,-0.132292504454301
commons-digester,RSZZ,21,0.99,0.0,-0.025523247851398586,0.39746931420834597,-0.09404070274889707
commons-digester,RSZZ,21,0.99,0.05,-0.02010206146890293,0.4180013548058531,-0.09404070274889707
commons-digester,RSZZ,21,0.99,0.1,-0.022833958828818588,0.41644517928550295,-0.09404070274889707
commons-digester,RSZZ,21,0.99,0.25,-0.0395660787093839,0.3789296815027151,-0.09404070274889707
commons-digester,RSZZ,21,0.995,0.0,-0.021441213144575182,0.4256906915136722,-0.07975424105122068
commons-digester,RSZZ,21,0.995,0.05,-0.015652198214165365,0.4476805615431309,-0.07975424105122068
commons-digester,RSZZ,21,0.995,0.1,-0.01714617304177166,0.448525339545302,-0.07975424105122068
commons-digester,RSZZ,21,0.995,0.25,-0.03188553793546264,0.4201332885764742,-0.07975424105122068
commons-digester,RSZZ,21,0.999,0.0,-0.00618319760293176,0.46738702791122466,-0.05162927220453862
commons-digester,RSZZ,21,0.999,0.05,0.0005145268550993461,0.491530802257516,-0.05162927220453862
commons-digester,RSZZ,21,0.999,0.1,0.0007868669008123533,0.49556713143048925,-0.05162927220453862
commons-digester,RSZZ,21,0.999,0.25,-0.008672996234106872,0.48001843848798453,-0.05162927220453862
commons-digester,RSZZ,42,0.9,0.0,-0.003161982679080927,0.23938987324236027,-0.10752678364172039
commons-digester,RSZZ,42,0.9,0.05,0.0006379971293239085,0.2517560167919169,-0.10752678364172039
commons-digester,RSZZ,42,0.9,0.1,-0.007018540885430896,0.23635037220265473,-0.10752678364172039
commons-digester,RSZZ,42,0.9,0.25,-0.00790605226209948,0.19880834352555632,-0.10752678364172039
commons-digester,RSZZ,42,0.95,0.0,-0.007099078563871178,0.3151065792904687,-0.13224490456609353
commons-digester,RSZZ,42,0.95,0.05,-0.0018130560731512554,0.33138401467291984,-0.13224490456609353
commons-digester,RSZZ,42,0.95,0.1,-0.008597392580020586,0.32077862625435943,-0.13224490456609353
commons-digester,RSZZ,42,0.95,0.25,-0.01337061674315032,0.27956185510701614,-0.13224490456609353
commons-digester,RSZZ,42,0.99,0.0,-0.0037273626013104356,0.42161151343814657,-0.08749165201367498
commons-digester,RSZZ,42,0.99,0.05,0.0031914314099302163,0.443390665691774,-0.08749165201367498
commons-digester,RSZZ,42,0.99,0.1,0.001364512324209427,0.4422422529190263,-0.08749165201367498
commons-digester,RSZZ,42,0.99,0.25,-0.009282947087021869,0.4118758781962482,-0.08749165201367498
commons-digester,RSZZ,42,0.995,0.0,-0.0019917178107930053,0.4536149216182568,-0.05785424986615207
commons-digester,RSZZ,42,0.995,0.05,0.005179947751355838,0.477047271370467,-0.05785424986615207
commons-digester,RSZZ,42,0.995,0.1,0.0045563932562972575,0.47876940146504376,-0.05785424986615207
commons-digester,RSZZ,42,0.995,0.25,-0.004775587478157982,0.4581353401802027,-0.05785424986615207
commons-digester,RSZZ,42,0.999,0.0,0.005517747272015606,0.4899393768259303,-0.021264642872943367
commons-digester,RSZZ,42,0.999,0.05,0.013202473368321683,0.5152481360576792,-0.021264642872943367
commons-digester,RSZZ,42,0.999,0.1,0.013974066355749036,0.5200332066357738,-0.021264642872943367
commons-digester,RSZZ,42,0.999,0.25,0.008072443955021638,0.5108431417501895,-0.021264642872943367
commons-digester,RSZZ,77,0.9,0.0,-0.03127196698339116,0.14704330460757986,-0.10752694273489467
commons-digester,RSZZ,77,0.9,0.05,-0.029037133570803744,0.1546391088416946,-0.10752694273489467
commons-digester,RSZZ,77,0.9,0.1,-0.037584368375855444,0.1359268391346673,-0.10752694273489467
commons-digester,RSZZ,77,0.9,0.25,-0.03567150255262973,0.1474555251347547,-0.10752694273489467
commons-digester,RSZZ,77,0.95,0.0,-0.041938660316845636,0.2109821014001678,-0.13224969346928103
commons-digester,RSZZ,77,0.95,0.05,-0.03864308783409796,0.22188078695007898,-0.13224969346928103
commons-digester,RSZZ,77,0.95,0.1,-0.047302203709068256,0.20611376138785303,-0.13224969346928103
commons-digester,RSZZ,77,0.95,0.25,-0.04634870629415209,0.19858919590782428,-0.13224969346928103
commons-digester,RSZZ,77,0.99,0.0,-0.04561213339298837,0.33418585030477316,-0.09364049341399563
commons-digester,RSZZ,77,0.99,0.05,-0.04106654298408414,0.3514488620651562,-0.09364049341399563
commons-digester,RSZZ,77,0.99,0.1,-0.045744039694297425,0.34484089689021985,-0.09364049341399563
commons-digester,RSZZ,77,0.99,0.25,-0.050523118532318986,0.322948560318015,-0.09364049341399563
commons-digester,RSZZ,77,0.995,0.0,-0.04506954487823464,0.3632982640766023,-0.08010888353472748
commons-digester,RSZZ,77,0.995,0.05,-0.040329709342995027,0.3820651334684736,-0.08010888353472748
commons-digester,RSZZ,77,0.995,0.1,-0.043927980784694294,0.3780655463205953,-0.08010888353472748
commons-digester,RSZZ,77,0.995,0.25,-0.04890275075413193,0.3607999523133942,-0.08010888353472748
commons-digester,RSZZ,77,0.999,0.0,-0.03671168513994426,0.39852957465696376,-0.05994921227257864
commons-digester,RSZZ,77,0.999,0.05,-0.03141171288176162,0.419116385043727,-0.05994921227257864
commons-digester,RSZZ,77,0.999,0.1,-0.03360278892081033,0.41806423072584004,-0.05994921227257864
commons-digester,RSZZ,77,0.999,0.25,-0.03637986525284288,0.408472720125828,-0.05994921227257864
commons-digester,RSZZ,101,0.9,0.0,-0.022761180539373666,0.22265300411118802,-0.10752631705795737
commons-digester,RSZZ,101,0.9,0.05,-0.02012061471300082,0.23415457254968014,-0.10752631705795737
commons-digester,RSZZ,101,0.9,0.1,-0.027807135635551105,0.22003757846560892,-0.10752631705795737
commons-digester,RSZZ,101,0.9,0.25,-0.03254706890106533,0.18007632173313975,-0.10752631705795737
commons-digester,RSZZ,101,0.95,0.0,-0.026252395147957457,0.3001251073435159,-0.13220115456190445
commons-digester,RSZZ,101,0.95,0.05,-0.022189750257348543,0.31562864602695284,-0.13220115456190445
commons-digester,RSZZ,101,0.95,0.1,-0.029448911926898004,0.30571938903184126,-0.13220115456190445
commons-digester,RSZZ,101,0.95,0.25,-0.03712068531289785,0.2631964127280183,-0.13220115456190445
commons-digester,RSZZ,101,0.99,0.0,-0.017926697063476656,0.4054732795258099,-0.09010359093047644
commons-digester,RSZZ,101,0.99,0.05,-0.011983638485093899,0.4264187803200281,-0.09010359093047644
commons-digester,RSZZ,101,0.99,0.1,-0.014591826431142093,0.42466754481480057,-0.09010359093047644
commons-digester,RSZZ,101,0.99,0.25,-0.02673522579139523,0.3936691300309719,-0.09010359093047644
commons-digester,RSZZ,101,0.995,0.0,-0.015036118704536843,0.43473786450817475,-0.06983149965341418
commons-digester,RSZZ,101,0.995,0.05,-0.00877529374812058,0.45719508362994205,-0.06983149965341418
commons-digester,RSZZ,101,0.995,0.1,-0.010185979173616515,0.45800601577507494,-0.06983149965341418
commons-digester,RSZZ,101,0.995,0.25,-0.020923366345236994,0.4358491856220596,-0.06983149965341418
commons-digester,RSZZ,101,0.999,0.0,-0.0035964514785575335,0.472431696926827,-0.0394035783405533
commons-digester,RSZZ,101,0.999,0.05,0.00338554644868173,0.4968360633372772,-0.0394035783405533
commons-digester,RSZZ,101,0.999,0.1,0.003544068315303349,0.500685630829676,-0.0394035783405533
commons-digester,RSZZ,101,0.999,0.25,-0.003099758052865904,0.4898821125077049,-0.0394035783405533
commons-digester,RSZZ,123,0.9,0.0,-0.03148477499346243,0.21824229993049094,-0.10752716974341825
commons-digester,RSZZ,123,0.9,0.05,-0.029147863404026624,0.22951602497563325,-0.10752716974341825
commons-digester,RSZZ,123,0.9,0.1,-0.03826616460016327,0.21389114546967147,-0.10752716974341825
commons-digester,RSZZ,123,0.9,0.25,-0.046252352210536946,0.17082476866194096,-0.10752716974341825
commons-digester,RSZZ,123,0.95,0.0,-0.03738750634545522,0.29977843920872893,-0.13231307774168452
commons-digester,RSZZ,123,0.95,0.05,-0.033666090747936035,0.31526407008403373,-0.13231307774168452
commons-digester,RSZZ,123,0.95,0.1,-0.042101868134676035,0.304308169550263,-0.13231307774168452
commons-digester,RSZZ,123,0.95,0.25,-0.053517592330605795,0.25930507891694754,-0.13231307774168452
commons-digester,RSZZ,123,0.99,0.0,-0.028414555496879705,0.39408671940811735,-0.09645068340964294
commons-digester,RSZZ,123,0.99,0.05,-0.022771025835994982,0.4144440255763729,-0.09645068340964294
commons-digester,RSZZ,123,0.99,0.1,-0.026051594299306206,0.41175516303431114,-0.09645068340964294
commons-digester,RSZZ,123,0.99,0.25,-0.04171085890604756,0.37602855510154265,-0.09645068340964294
commons-digester,RSZZ,123,0.995,0.0,-0.024095316047979952,0.4221873631578483,-0.08305504570682538
commons-digester,RSZZ,123,0.995,0.05,-0.0180654542934051,0.44399626203442333,-0.08305504570682538
commons-digester,RSZZ,123,0.995,0.1,-0.0200057326942352,0.44390976339808846,-0.08305504570682538
commons-digester,RSZZ,123,0.995,0.25,-0.03381509686949964,0.41703364926744835,-0.08305504570682538
commons-digester,RSZZ,123,0.999,0.0,-0.008534395410007712,0.4637590201579176,-0.0542889445675821
commons-digester,RSZZ,123,0.999,0.05,-0.001575559725151185,0.48771538279765414,-0.0542889445675821
commons-digester,RSZZ,123,0.999,0.1,-0.0016600241252368217,0.4909728296530987,-0.0542889445675821
commons-digester,RSZZ,123,0.999,0.25,-0.010306133070459708,0.4766178097195152,-0.0542889445675821
commons-digester,RSZZ,202,0.9,0.0,-0.009253740668849021,0.2250895653691158,-0.10731653862965411
commons-digester,RSZZ,202,0.9,0.05,-0.005768442316055991,0.23671699905777382,-0.10731653862965411
commons-digester,RSZZ,202,0.9,0.1,-0.01371182751663314,0.2204879177054135,-0.10731653862965411
commons-digester,RSZZ,202,0.9,0.25,-0.016175982951056194,0.18012255196491436,-0.10731653862965411
commons-digester,RSZZ,202,0.95,0.0,-0.013894034663083563,0.3021375957097658,-0.13078304923390838
commons-digester,RSZZ,202,0.95,0.05,-0.00895901867651399,0.317745093343896,-0.13078304923390838
commons-digester,RSZZ,202,0.95,0.1,-0.016107960741558323,0.3064092202846823,-0.13078304923390838
commons-digester,RSZZ,202,0.95,0.25,-0.0216693623593822,0.2632785721285777,-0.13078304923390838
commons-digester,RSZZ,202,0.99,0.0,-0.006504034616294794,0.4146587366433359,-0.08511642571992382
commons-digester,RSZZ,202,0.99,0.05,0.0002713250705850653,0.43607872986175383,-0.08511642571992382
commons-digester,RSZZ,202,0.99,0.1,-0.0016993929074798693,0.4345549034661156,-0.08511642571992382
commons-digester,RSZZ,202,0.99,0.25,-0.011878130595638156,0.40449414118038435,-0.08511642571992382
commons-digester,RSZZ,202,0.995,0.0,-0.004740317837357977,0.4470162637160881,-0.05782660549425868
commons-digester,RSZZ,202,0.995,0.05,0.002289363512892283,0.470107747124424,-0.05782660549425868
commons-digester,RSZZ,202,0.995,0.1,0.001522520525742865,0.47147293218775616,-0.05782660549425868
commons-digester,RSZZ,202,0.995,0.25,-0.007449620103334901,0.45103786533095064,-0.05782660549425868
commons-digester,RSZZ,202,0.999,0.0,0.002820953343685976,0.4836441452928425,-0.023819854979944575
commons-digester,RSZZ,202,0.999,0.05,0.010366371371569566,0.5086277122524143,-0.023819854979944575
commons-digester,RSZZ,202,0.999,0.1,0.010996793673696794,0.5130713342789034,-0.023819854979944575
commons-digester,RSZZ,202,0.999,0.25,0.005332589722653425,0.5038988139262154,-0.023819854979944575
commons-digester,RSZZ,314,0.9,0.0,-0.0328134713641964,0.214727768426641,-0.10820101336777735
commons-digester,RSZZ,314,0.9,0.05,-0.030694770847973417,0.22581994359877744,-0.10820101336777735
commons-digester,RSZZ,314,0.9,0.1,-0.03955442452431141,0.2099669964942837,-0.10820101336777735
commons-digester,RSZZ,314,0.9,0.25,-0.046885929312252696,0.16977626350192632,-0.10820101336777735
commons-digester,RSZZ,314,0.95,0.0,-0.03826610068726328,0.2890811356585706,-0.13522825070088637
commons-digester,RSZZ,314,0.95,0.05,-0.034829566685934156,0.30401417677933495,-0.13522825070088637
commons-digester,RSZZ,314,0.95,0.1,-0.043254331399703305,0.29239978602200656,-0.13522825070088637
commons-digester,RSZZ,314,0.95,0.25,-0.05385667477324672,0.24856282903584825,-0.13522825070088637
commons-digester,RSZZ,314,0.99,0.0,-0.028493459530625907,0.39031917070022226,-0.09977642979561337
commons-digester,RSZZ,314,0.99,0.05,-0.023103427788687105,0.4104818569059842,-0.09977642979561337
commons-digester,RSZZ,314,0.99,0.1,-0.026596927694177656,0.40731815716299546,-0.09977642979561337
commons-digester,RSZZ,314,0.99,0.25,-0.041355014228926665,0.372681358342817,-0.09977642979561337
commons-digester,RSZZ,314,0.995,0.0,-0.02455070009639206,0.41909711962034507,-0.08413402314267229
commons-digester,RSZZ,314,0.995,0.05,-0.018788573704640446,0.4407463860334819,-0.08413402314267229
commons-digester,RSZZ,314,0.995,0.1,-0.020995738653793908,0.44019831801453,-0.08413402314267229
commons-digester,RSZZ,314,0.995,0.25,-0.03422631078499301,0.4140026265902922,-0.08413402314267229
commons-digester,RSZZ,314,0.999,0.0,-0.009892645730735507,0.45992678937362125,-0.05492105612741365
commons-digester,RSZZ,314,0.999,0.05,-0.003243077366286411,0.48368519077401295,-0.05492105612741365
commons-digester,RSZZ,314,0.999,0.1,-0.0036713831236672378,0.48642221424999676,-0.05492105612741365
commons-digester,RSZZ,314,0.999,0.25,-0.012195657438343745,0.4720748261382624,-0.05492105612741365
commons-digester,RSZZ,999,0.9,0.0,-0.031215407451799494,0.21989168505484255,-0.0760161856185707
commons-digester,RSZZ,999,0.9,0.05,-0.028952327628543537,0.23125061225553128,-0.0760161856185707
commons-digester,RSZZ,999,0.9,0.1,-0.03820521434004155,0.21468967332138164,-0.0760161856185707
commons-digester,RSZZ,999,0.9,0.25,-0.044815374847357925,0.17678782426010556,-0.0760161856185707
commons-digester,RSZZ,999,0.95,0.0,-0.03661885208526834,0.2940827183285073,-0.10547068368958493
commons-digester,RSZZ,999,0.95,0.05,-0.03300367380688297,0.30927412580551594,-0.10547068368958493
commons-digester,RSZZ,999,0.95,0.1,-0.041583598504298526,0.29732570237492506,-0.10547068368958493
commons-digester,RSZZ,999,0.95,0.25,-0.05135769471492101,0.2560821475007745,-0.10547068368958493
commons-digester,RSZZ,999,0.99,0.0,-0.02863287676996325,0.39151280747071987,-0.08352990552428796
commons-digester,RSZZ,999,0.99,0.05,-0.023160822228685894,0.41173715327573757,-0.08352990552428796
commons-digester,RSZZ,999,0.99,0.1,-0.026652580130151527,0.408545061966447,-0.08352990552428796
commons-digester,RSZZ,999,0.99,0.25,-0.04087700276062544,0.3752503859252379,-0.08352990552428796
commons-digester,RSZZ,999,0.995,0.0,-0.025145962328122284,0.4187168756835336,-0.07483004844638019
commons-digester,RSZZ,999,0.995,0.05,-0.019328474114003864,0.4403464998660163,-0.07483004844638019
commons-digester,RSZZ,999,0.995,0.1,-0.021531289940294834,0.43973535696125193,-0.07483004844638019
commons-digester,RSZZ,999,0.995,0.25,-0.034373390783930244,0.41436493237422234,-0.07483004844638019
commons-digester,RSZZ,999,0.999,0.0,-0.010852299626293669,0.45833614843377446,-0.052927291584038055
commons-digester,RSZZ,999,0.999,0.05,-0.004169008635752374,0.48201238222226384,-0.052927291584038055
commons-digester,RSZZ,999,0.999,0.1,-0.004592709038708174,0.48465470762803187,-0.052927291584038055
commons-digester,RSZZ,999,0.999,0.25,-0.012857306931876908,0.47072885632866707,-0.052927291584038055
commons-digester,RASZZ,7,0.9,0.0,-0.020159089072677532,0.1248569134154471,-0.20090250970632864
commons-digester,RASZZ,7,0.9,0.05,-0.01723712743080352,0.13130663701293122,-0.20090250970632864
commons-digester,RASZZ,7,0.9,0.1,-0.026889414440905243,0.10672948124070848,-0.20090250970632864
commons-digester,RASZZ,7,0.9,0.25,-0.020836012981480023,0.11311409187536275,-0.20090250970632864
commons-digester,RASZZ,7,0.95,0.0,-0.030176642634242943,0.18278581881980327,-0.16551333561260123
commons-digester,RASZZ,7,0.95,0.05,-0.026082736026300513,0.1922279712539646,-0.16551333561260123
commons-digester,RASZZ,7,0.95,0.1,-0.03507529021538189,0.1720109590875016,-0.16551333561260123
commons-digester,RASZZ,7,0.95,0.25,-0.030409065906426225,0.15872433093385027,-0.16551333561260123
commons-digester,RASZZ,7,0.99,0.0,-0.04623635151888161,0.3130693701259684,-0.10640523931696544
commons-digester,RASZZ,7,0.99,0.05,-0.041513440950751365,0.3292415695574268,-0.10640523931696544
commons-digester,RASZZ,7,0.99,0.1,-0.04630932870400135,0.3208448112497982,-0.10640523931696544
commons-digester,RASZZ,7,0.99,0.25,-0.05061818765001571,0.29497944068945403,-0.10640523931696544
commons-digester,RASZZ,7,0.995,0.0,-0.04680876734487319,0.35170977904812356,-0.09384659590264173
commons-digester,RASZZ,7,0.995,0.05,-0.041952212528636866,0.3698780229950539,-0.09384659590264173
commons-digester,RASZZ,7,0.995,0.1,-0.04562698018112946,0.3648816317592352,-0.09384659590264173
commons-digester,RASZZ,7,0.995,0.25,-0.050419423157618576,0.34571045926638044,-0.09384659590264173
commons-digester,RASZZ,7,0.999,0.0,-0.040444819159243486,0.3914506179215819,-0.0632996067555325
commons-digester,RASZZ,7,0.999,0.05,-0.035134377683655474,0.4116717512060301,-0.0632996067555325
commons-digester,RASZZ,7,0.999,0.1,-0.03744010261551207,0.4100472958574955,-0.0632996067555325
commons-digester,RASZZ,7,0.999,0.25,-0.04049690510154206,0.3995228910833032,-0.0632996067555325
commons-digester,RASZZ,13,0.9,0.0,-0.010862462465203369,0.19891459721842034,-0.20090250970632864
commons-digester,RASZZ,13,0.9,0.05,-0.007436921125070668,0.20918991266927445,-0.20090250970632864
commons-digester,RASZZ,13,0.9,0.1,-0.015949812643437804,0.1902395960297372,-0.20090250970632864
commons-digester,RASZZ,13,0.9,0.25,-0.020685121095650662,0.14091516368922963,-0.20090250970632864
commons-digester,RASZZ,13,0.95,0.0,-0.017608014536876725,0.27813159512298763,-0.16551333549687516
commons-digester,RASZZ,13,0.95,0.05,-0.012835175478100175,0.2924990167034149,-0.16551333549687516
commons-digester,RASZZ,13,0.95,0.1,-0.0204847805485028,0.2789977341223959,-0.16551333549687516
commons-digester,RASZZ,13,0.95,0.25,-0.029687603481113996,0.22620186472306547,-0.16551333549687516
commons-digester,RASZZ,13,0.99,0.0,-0.022616281230224116,0.3825104541953388,-0.10602251059436828
commons-digester,RASZZ,13,0.99,0.05,-0.016651607755180736,0.4022697661566964,-0.10602251059436828
commons-digester,RASZZ,13,0.99,0.1,-0.019621816091389632,0.39865114738198776,-0.10602251059436828
commons-digester,RASZZ,13,0.99,0.25,-0.03652259237480261,0.3562186880737415,-0.10602251059436828
commons-digester,RASZZ,13,0.995,0.0,-0.01889758569378286,0.420821822555118,-0.0911834032945379
commons-digester,RASZZ,13,0.995,0.05,-0.012579195926923678,0.44256018180991463,-0.0911834032945379
commons-digester,RASZZ,13,0.995,0.1,-0.01420737555616548,0.4422383271780028,-0.0911834032945379
commons-digester,RASZZ,13,0.995,0.25,-0.029235079384179546,0.41116125458561115,-0.0911834032945379
commons-digester,RASZZ,13,0.999,0.0,-0.005318944731006654,0.46694712604023353,-0.05002244837075565
commons-digester,RASZZ,13,0.999,0.05,0.0018247229144665875,0.4910681764107329,-0.05002244837075565
commons-digester,RASZZ,13,0.999,0.1,0.0019627390647919667,0.49442177920772384,-0.05002244837075565
commons-digester,RASZZ,13,0.999,0.25,-0.008138218796279541,0.4772420951943795,-0.05002244837075565
commons-digester,RASZZ,21,0.9,0.0,-0.01274036048338732,0.25217050414536674,-0.20090398885851685
commons-digester,RASZZ,21,0.9,0.05,-0.009411825571094531,0.26519685572402607,-0.20090398885851685
commons-digester,RASZZ,21,0.9,0.1,-0.019155046156156527,0.24862092087957563,-0.20090398885851685
commons-digester,RASZZ,21,0.9,0.25,-0.03146744026969946,0.15776946740657669,-0.20090398885851685
commons-digester,RASZZ,21,0.95,0.0,-0.022186669512977167,0.298403470095605,-0.16622485982074045
commons-digester,RASZZ,21,0.95,0.05,-0.017650349668365643,0.3138180743013233,-0.16622485982074045
commons-digester,RASZZ,21,0.95,0.1,-0.026307797352469575,0.3005250690491045,-0.16622485982074045
commons-digester,RASZZ,21,0.95,0.25,-0.04327566616837311,0.22651834944280105,-0.16622485982074045
commons-digester,RASZZ,21,0.99,0.0,-0.028565843358246235,0.3777813969743973,-0.13248096675268997
commons-digester,RASZZ,21,0.99,0.05,-0.022908505938549033,0.39729642040484864,-0.13248096675268997
commons-digester,RASZZ,21,0.99,0.1,-0.026690412459349118,0.39262827641923,-0.13248096675268997
commons-digester,RASZZ,21,0.99,0.25,-0.04848529207235399,0.34279383325688145,-0.13248096675268997
commons-digester,RASZZ,21,0.995,0.0,-0.022673381016865116,0.4171950266013263,-0.12098121849671191
commons-digester,RASZZ,21,0.995,0.05,-0.016550037207241186,0.43874603674739865,-0.12098121849671191
commons-digester,RASZZ,21,0.995,0.1,-0.0188292698030809,0.43751895684608116,-0.12098121849671191
commons-digester,RASZZ,21,0.995,0.25,-0.03750000624795101,0.40085062413505695,-0.12098121849671191
commons-digester,RASZZ,21,0.999,0.0,-0.005357411333672402,0.46695078613712127,-0.06962780735000028
commons-digester,RASZZ,21,0.999,0.05,0.001784269245581265,0.491072025576953,-0.06962780735000028
commons-digester,RASZZ,21,0.999,0.1,0.001516777595840109,0.49380240246170065,-0.06962780735000028
commons-digester,RASZZ,21,0.999,0.25,-0.010783773223293863,0.472945833291569,-0.06962780735000028
commons-digester,RASZZ,42,0.9,0.0,-0.018118935204066766,0.19515730283288507,-0.24177689326086776
commons-digester,RASZZ,42,0.9,0.05,-0.015142480135168843,0.2052385280279561,-0.24177689326086776
commons-digester,RASZZ,42,0.9,0.1,-0.025261012328444608,0.184699431982561,-0.24177689326086776
commons-digester,RASZZ,42,0.9,0.25,-0.03518751901179025,0.13008466530420734,-0.24177689326086776
commons-digester,RASZZ,42,0.95,0.0,-0.025752804460442372,0.2648313955644857,-0.2382252113053981
commons-digester,RASZZ,42,0.95,0.05,-0.021499861187648676,0.2785117697992983,-0.2382252113053981
commons-digester,RASZZ,42,0.95,0.1,-0.03065857607578656,0.2627014285553164,-0.2382252113053981
commons-digester,RASZZ,42,0.95,0.25,-0.04746026290380808,0.20143502689046983,-0.2382252113053981
commons-digester,RASZZ,42,0.99,0.0,-0.02935434822257674,0.3743709709237692,-0.17624704594977153
commons-digester,RASZZ,42,0.99,0.05,-0.023816365166158985,0.3937098222482913,-0.17624704594977153
commons-digester,RASZZ,42,0.99,0.1,-0.028021589126094364,0.3883446976476642,-0.17624704594977153
commons-digester,RASZZ,42,0.99,0.25,-0.0515962411648919,0.33700024743300133,-0.17624704594977153
commons-digester,RASZZ,42,0.995,0.0,-0.022239708909750296,0.4166754088637255,-0.14494205732164991
commons-digester,RASZZ,42,0.995,0.05,-0.016167743326381837,0.43819957715785557,-0.14494205732164991
commons-digester,RASZZ,42,0.995,0.1,-0.018794902188126444,0.43647300101304737,-0.14494205732164991
commons-digester,RASZZ,42,0.995,0.25,-0.03944955256037064,0.3975154762368296,-0.14494205732164991
commons-digester,RASZZ,42,0.999,0.0,-0.0032482263257111728,0.4696545847335613,-0.07523942493408081
commons-digester,RASZZ,42,0.999,0.05,0.0039326675205814164,0.4939154940813964,-0.07523942493408081
commons-digester,RASZZ,42,0.999,0.1,0.0034204474200554224,0.49636268977359216,-0.07523942493408081
commons-digester,RASZZ,42,0.999,0.25,-0.010816217065682246,0.4731329262822609,-0.07523942493408081
commons-digester,RASZZ,77,0.9,0.0,-0.02591784280649058,0.12178218260180239,-0.22560044612942823
commons-digester,RASZZ,77,0.9,0.05,-0.023293360645992873,0.12807307507538476,-0.22560044612942823
commons-digester,RASZZ,77,0.9,0.1,-0.03297800580935696,0.10354458245813851,-0.22560044612942823
commons-digester,RASZZ,77,0.9,0.25,-0.028955885637138294,0.10930121351469538,-0.22560044612942823
commons-digester,RASZZ,77,0.95,0.0,-0.03760499596963526,0.18095370643323316,-0.17539247942264494
commons-digester,RASZZ,77,0.95,0.05,-0.033894815216250124,0.19030121758426763,-0.17539247942264494
commons-digester,RASZZ,77,0.95,0.1,-0.043066318567580086,0.17034367030715195,-0.17539247942264494
commons-digester,RASZZ,77,0.95,0.25,-0.04060540664981046,0.15682885233288732,-0.17539247942264494
commons-digester,RASZZ,77,0.99,0.0,-0.05146746831590056,0.31191672045331664,-0.1298988165438382
commons-digester,RASZZ,77,0.99,0.05,-0.04701478113007246,0.32802937755275696,-0.1298988165438382
commons-digester,RASZZ,77,0.99,0.1,-0.05191748720184336,0.319889382378903,-0.1298988165438382
commons-digester,RASZZ,77,0.99,0.25,-0.05751172552959773,0.2937655830898557,-0.1298988165438382
commons-digester,RASZZ,77,0.995,0.0,-0.04939103902890051,0.3513463618577091,-0.11733219580302007
commons-digester,RASZZ,77,0.995,0.05,-0.04466787641466562,0.3694958327918793,-0.11733219580302007
commons-digester,RASZZ,77,0.995,0.1,-0.04830552673253347,0.3647731157904124,-0.11733219580302007
commons-digester,RASZZ,77,0.995,0.25,-0.053763683153378,0.3454803798008284,-0.11733219580302007
commons-digester,RASZZ,77,0.999,0.0,-0.040839550534273225,0.3916794823488199,-0.07671663649887656
commons-digester,RASZZ,77,0.999,0.05,-0.03554949966577738,0.41191243806469463,-0.07671663649887656
commons-digester,RASZZ,77,0.999,0.1,-0.03769969142525178,0.4105697028778953,-0.07671663649887656
commons-digester,RASZZ,77,0.999,0.25,-0.04091249910181894,0.40004773644201114,-0.07671663649887656
commons-digester,RASZZ,101,0.9,0.0,-0.026599746664118223,0.12114328044605745,-0.2009038043043114
commons-digester,RASZZ,101,0.9,0.05,-0.024058281323719264,0.12740116920204284,-0.2009038043043114
commons-digester,RASZZ,101,0.9,0.1,-0.034448998559435506,0.10261498595924981,-0.2009038043043114
commons-digester,RASZZ,101,0.9,0.25,-0.02984406243376799,0.10805670355933673,-0.2009038043043114
commons-digester,RASZZ,101,0.95,0.0,-0.03833514798380405,0.1818698099204645,-0.1661776021883399
commons-digester,RASZZ,101,0.95,0.05,-0.03473742651290189,0.19126464415612204,-0.1661776021883399
commons-digester,RASZZ,101,0.95,0.1,-0.044461650620583416,0.17072662739480296,-0.1661776021883399
commons-digester,RASZZ,101,0.95,0.25,-0.041898291028300665,0.15658159760830434,-0.1661776021883399
commons-digester,RASZZ,101,0.99,0.0,-0.05080556069010034,0.31439258924409097,-0.13076406246532293
commons-digester,RASZZ,101,0.99,0.05,-0.04639253584186388,0.3306331420997799,-0.13076406246532293
commons-digester,RASZZ,101,0.99,0.1,-0.05170259328340205,0.3219343626225535,-0.13076406246532293
commons-digester,RASZZ,101,0.99,0.25,-0.05783162003852334,0.29518156007484603,-0.13076406246532293
commons-digester,RASZZ,101,0.995,0.0,-0.047927453853386925,0.35444683041067826,-0.11865282267470947
commons-digester,RASZZ,101,0.995,0.05,-0.043200299831459676,0.3727564620010933,-0.11865282267470947
commons-digester,RASZZ,101,0.995,0.1,-0.0471862454631714,0.36755566516285304,-0.11865282267470947
commons-digester,RASZZ,101,0.995,0.25,-0.05304466115393516,0.34784331688684156,-0.11865282267470947
commons-digester,RASZZ,101,0.999,0.0,-0.03829151528156264,0.39624230498278235,-0.07603714368836956
commons-digester,RASZZ,101,0.999,0.05,-0.03293937429499831,0.4167109620627897,-0.07603714368836956
commons-digester,RASZZ,101,0.999,0.1,-0.035363006239646305,0.4150200908001555,-0.07603714368836956
commons-digester,RASZZ,101,0.999,0.25,-0.03874643063738268,0.4044625020879937,-0.07603714368836956
commons-digester,RASZZ,123,0.9,0.0,-0.027450088895201973,0.1173005450035822,-0.09447049614846266
commons-digester,RASZZ,123,0.9,0.05,-0.02492187461448611,0.12335992988193488,-0.09447049614846266
commons-digester,RASZZ,123,0.9,0.1,-0.036399697444276506,0.09637221780622462,-0.09447049614846266
commons-digester,RASZZ,123,0.9,0.25,-0.03490162699868243,0.09991198418744124,-0.09447049614846266
commons-digester,RASZZ,123,0.95,0.0,-0.04079551323683257,0.17607657662683665,-0.12636187329678897
commons-digester,RASZZ,123,0.95,0.05,-0.037271221831697704,0.1851721502732522,-0.12636187329678897
commons-digester,RASZZ,123,0.95,0.1,-0.048106119702088855,0.1626595724177817,-0.12636187329678897
commons-digester,RASZZ,123,0.95,0.25,-0.04877458775384106,0.14538633717065758,-0.12636187329678897
commons-digester,RASZZ,123,0.99,0.0,-0.05265714246574239,0.3104279999879372,-0.15080485384652217
commons-digester,RASZZ,123,0.99,0.05,-0.04827840263257231,0.32646375437327896,-0.15080485384652217
commons-digester,RASZZ,123,0.99,0.1,-0.05426550502485263,0.31663916536366793,-0.15080485384652217
commons-digester,RASZZ,123,0.99,0.25,-0.06361363838563103,0.2855141083799895,-0.15080485384652217
commons-digester,RASZZ,123,0.995,0.0,-0.048894330816115446,0.35193926885115834,-0.13458757425137094
commons-digester,RASZZ,123,0.995,0.05,-0.04415648324460864,0.37011936753450275,-0.13458757425137094
commons-digester,RASZZ,123,0.995,0.1,-0.048705963499990255,0.3640065276606956,-0.13458757425137094
commons-digester,RASZZ,123,0.995,0.25,-0.057662869379903954,0.3400441119212402,-0.13458757425137094
commons-digester,RASZZ,123,0.999,0.0,-0.03720653187569983,0.39675779055275884,-0.08292367222133167
commons-digester,RASZZ,123,0.999,0.05,-0.03173857584373358,0.4172530760296557,-0.08292367222133167
commons-digester,RASZZ,123,0.999,0.1,-0.03455740950626315,0.4149291826559123,-0.08292367222133167
commons-digester,RASZZ,123,0.999,0.25,-0.04060313366399406,0.40073481501863956,-0.08292367222133167
commons-digester,RASZZ,202,0.9,0.0,-0.010396167695789365,0.2007012899880561,-0.20090250970632864
commons-digester,RASZZ,202,0.9,0.05,-0.006946539004020265,0.2110689004845151,-0.20090250970632864
commons-digester,RASZZ,202,0.9,0.1,-0.016408268716274946,0.19104176345600166,-0.20090250970632864
commons-digester,RASZZ,202,0.9,0.25,-0.021164816169590858,0.14103361713380272,-0.20090250970632864
commons-digester,RASZZ,202,0.95,0.0,-0.017774152976531864,0.26519431351477407,-0.1655133358853475
commons-digester,RASZZ,202,0.95,0.05,-0.013009896117854448,0.2788934349731396,-0.1655133358853475
commons-digester,RASZZ,202,0.95,0.1,-0.02140790841813764,0.2634230407356563,-0.1655133358853475
commons-digester,RASZZ,202,0.95,0.25,-0.030847317372632785,0.20658012490355787,-0.1655133358853475
commons-digester,RASZZ,202,0.99,0.0,-0.024857514652131565,0.37415500938463353,-0.10669471024182124
commons-digester,RASZZ,202,0.99,0.05,-0.01900861639283975,0.3934827048011887,-0.10669471024182124
commons-digester,RASZZ,202,0.99,0.1,-0.02257424133898452,0.3885772587587559,-0.10669471024182124
commons-digester,RASZZ,202,0.99,0.25,-0.04072665992865835,0.3429948616331329,-0.10669471024182124
commons-digester,RASZZ,202,0.995,0.0,-0.02142170210759978,0.4140437688247861,-0.09445009801998194
commons-digester,RASZZ,202,0.995,0.05,-0.015233700420596623,0.4354319946997506,-0.09445009801998194
commons-digester,RASZZ,202,0.995,0.1,-0.017436270365605192,0.43401132220355976,-0.09445009801998194
commons-digester,RASZZ,202,0.995,0.25,-0.03385868831897295,0.4000751234806012,-0.09445009801998194
commons-digester,RASZZ,202,0.999,0.0,-0.006702275840909855,0.46260240065345587,-0.05501767859172663
commons-digester,RASZZ,202,0.999,0.05,0.0003699331799777388,0.4864990158918897,-0.05501767859172663
commons-digester,RASZZ,202,0.999,0.1,3.027438214260974e-05,0.4889756093501304,-0.05501767859172663
commons-digester,RASZZ,202,0.999,0.25,-0.011266612157830626,0.4694298619820132,-0.05501767859172663
commons-digester,RASZZ,314,0.9,0.0,-0.015080001311233058,0.24729440952604312,-0.20090398885851685
commons-digester,RASZZ,314,0.9,0.05,-0.011872325038195453,0.26006887707465937,-0.20090398885851685
commons-digester,RASZZ,314,0.9,0.1,-0.02153119212748234,0.244739298251284,-0.20090398885851685
commons-digester,RASZZ,314,0.9,0.25,-0.032005302455947446,0.15796918417510872,-0.20090398885851685
commons-digester,RASZZ,314,0.95,0.0,-0.025364882247740174,0.3065766707907641,-0.16622485963414346
commons-digester,RASZZ,314,0.95,0.05,-0.0209927390843591,0.32241347737157355,-0.16622485963414346
commons-digester,RASZZ,314,0.95,0.1,-0.029595480283361415,0.3104546866491028,-0.16622485963414346
commons-digester,RASZZ,314,0.95,0.25,-0.04374250009090412,0.24358442013836418,-0.16622485963414346
commons-digester,RASZZ,314,0.99,0.0,-0.031032617109360644,0.3793943676779335,-0.13249472095116432
commons-digester,RASZZ,314,0.99,0.05,-0.025502705624175212,0.3989927122071055,-0.13249472095116432
commons-digester,RASZZ,314,0.99,0.1,-0.029306208430627617,0.3946849733672984,-0.13249472095116432
commons-digester,RASZZ,314,0.99,0.25,-0.048288593120295084,0.35012032783746616,-0.13249472095116432
commons-digester,RASZZ,314,0.995,0.0,-0.024835260122902627,0.41614454862311756,-0.12081508394489407
commons-digester,RASZZ,314,0.995,0.05,-0.01882359232947751,0.437641294312226,-0.12081508394489407
commons-digester,RASZZ,314,0.995,0.1,-0.021125504369822433,0.4365609733028672,-0.12081508394489407
commons-digester,RASZZ,314,0.995,0.25,-0.037260899439418044,0.40409530134377725,-0.12081508394489407
commons-digester,RASZZ,314,0.999,0.0,-0.008004913914716192,0.4632153386974184,-0.06946690034953659
commons-digester,RASZZ,314,0.999,0.05,-0.0009999951646977342,0.4871436164274019,-0.06946690034953659
commons-digester,RASZZ,314,0.999,0.1,-0.0013329156846310219,0.48982292847557773,-0.06946690034953659
commons-digester,RASZZ,314,0.999,0.25,-0.01155632197603624,0.47206209678433386,-0.06946690034953659
commons-digester,RASZZ,999,0.9,0.0,-0.026267797232272194,0.1209467824063848,-0.19641158414188534
commons-digester,RASZZ,999,0.9,0.05,-0.023765271434704926,0.12719452067883938,-0.19641158414188534
commons-digester,RASZZ,999,0.9,0.1,-0.034325965623435914,0.10208961520892018,-0.19641158414188534
commons-digester,RASZZ,999,0.9,0.25,-0.030840800173701072,0.10719249172653614,-0.19641158414188534
commons-digester,RASZZ,999,0.95,0.0,-0.03834768508260778,0.17701536425370518,-0.15981272399699092
commons-digester,RASZZ,999,0.95,0.05,-0.03483801929630384,0.18615943277753205,-0.15981272399699092
commons-digester,RASZZ,999,0.95,0.1,-0.04481197578179185,0.1649826938816929,-0.15981272399699092
commons-digester,RASZZ,999,0.95,0.25,-0.043296471128094684,0.14919161456156135,-0.15981272399699092
commons-digester,RASZZ,999,0.99,0.0,-0.05281204329116533,0.30821552823259263,-0.1288397701355261
commons-digester,RASZZ,999,0.99,0.05,-0.048585457563069104,0.32413699314129385,-0.1288397701355261
commons-digester,RASZZ,999,0.99,0.1,-0.05429990771859425,0.31467930783074144,-0.1288397701355261
commons-digester,RASZZ,999,0.99,0.25,-0.06197012487277293,0.28521626930828503,-0.1288397701355261
commons-digester,RASZZ,999,0.995,0.0,-0.05019685064665012,0.3488454455757869,-0.11994915971831016
commons-digester,RASZZ,999,0.995,0.05,-0.04566660446720727,0.3668657268774601,-0.11994915971831016
commons-digester,RASZZ,999,0.995,0.1,-0.050071230124109314,0.36095640957961433,-0.11994915971831016
commons-digester,RASZZ,999,0.995,0.25,-0.05760216436162643,0.338517811142865,-0.11994915971831016
commons-digester,RASZZ,999,0.999,0.0,-0.03998676829435559,0.39184460512840213,-0.08010202408369095
commons-digester,RASZZ,999,0.999,0.05,-0.03479907810267727,0.4120860905785048,-0.08010202408369095
commons-digester,RASZZ,999,0.999,0.1,-0.0376056142838304,0.4097757496624166,-0.08010202408369095
commons-digester,RASZZ,999,0.999,0.25,-0.042590123106943815,0.3966707398642594,-0.08010202408369095
commons-io,oracle,7,0.9,0.0,0.03629061462487439,0.30796780410661495,-0.00075215329023072
commons-io,oracle,7,0.9,0.05,0.029277270690018696,0.29870612057875134,-0.00075215329023072
commons-io,oracle,7,0.9,0.1,0.02872805518401129,0.2945186211205622,-0.00075215329023072
commons-io,oracle,7,0.9,0.25,0.028259383943805765,0.27142105759037216,-0.00075215329023072
commons-io,oracle,7,0.95,0.0,0.03367043264710871,0.35647754724114294,-0.009787260278221079
commons-io,oracle,7,0.95,0.05,0.02626165433961257,0.34928605730594525,-0.009787260278221079
commons-io,oracle,7,0.95,0.1,0.024876827862367674,0.34186737967132497,-0.009787260278221079
commons-io,oracle,7,0.95,0.25,0.02922145222188998,0.32391957856182185,-0.009787260278221079
commons-io,oracle,7,0.99,0.0,0.04131494829623223,0.49485667880166373,-0.01639107153970617
commons-io,oracle,7,0.99,0.05,0.03401233707369205,0.49526482015389084,-0.01639107153970617
commons-io,oracle,7,0.99,0.1,0.03244171219275541,0.49316743729740603,-0.01639107153970617
commons-io,oracle,7,0.99,0.25,0.04311352613340094,0.5000062787007071,-0.01639107153970617
commons-io,oracle,7,0.995,0.0,0.04708548825816398,0.5189417844914821,0.024917483722910378
commons-io,oracle,7,0.995,0.05,0.040054486253741396,0.520711359446535,0.024917483722910378
commons-io,oracle,7,0.995,0.1,0.038583290027664426,0.5198433266802267,0.024917483722910378
commons-io,oracle,7,0.995,0.25,0.048877449743607165,0.5297624959887302,0.024917483722910378
commons-io,oracle,7,0.999,0.0,0.045626217533076184,0.5189165965952407,0.053498372928328805
commons-io,oracle,7,0.999,0.05,0.03849553517117659,0.5207702552632378,0.053498372928328805
commons-io,oracle,7,0.999,0.1,0.03670429573605193,0.519766226943819,0.053498372928328805
commons-io,oracle,7,0.999,0.25,0.04442154897253166,0.5273160616220376,0.053498372928328805
commons-io,oracle,13,0.9,0.0,0.045039661301732155,0.30643556078694556,-0.0007578368063511975
commons-io,oracle,13,0.9,0.05,0.041013412768249054,0.2975765119940329,-0.0007578368063511975
commons-io,oracle,13,0.9,0.1,0.03441676966093527,0.28379138476758664,-0.0007578368063511975
commons-io,oracle,13,0.9,0.25,0.01768289093116725,0.23963407413968957,-0.0007578368063511975
commons-io,oracle,13,0.95,0.0,0.042779653490631654,0.35869185682715093,-0.010205626566682233
commons-io,oracle,13,0.95,0.05,0.03873271766783745,0.3523684571575758,-0.010205626566682233
commons-io,oracle,13,0.95,0.1,0.03242603109905206,0.33812218963925394,-0.010205626566682233
commons-io,oracle,13,0.95,0.25,0.020608942614444358,0.30239568176010007,-0.010205626566682233
commons-io,oracle,13,0.99,0.0,0.053264799139789806,0.5083376526753572,-0.024316022642826625
commons-io,oracle,13,0.99,0.05,0.049945837657173364,0.5104211356422966,-0.024316022642826625
commons-io,oracle,13,0.99,0.1,0.046174909906714044,0.5055864196013935,-0.024316022642826625
commons-io,oracle,13,0.99,0.25,0.04637203885441128,0.5014384664306475,-0.024316022642826625
commons-io,oracle,13,0.995,0.0,0.06354414956960035,0.5392020395606818,0.013384462730503487
commons-io,oracle,13,0.995,0.05,0.0608019001549837,0.5430227756632071,0.013384462730503487
commons-io,oracle,13,0.995,0.1,0.0578743979672833,0.5402848396946979,0.013384462730503487
commons-io,oracle,13,0.995,0.25,0.06052940805968769,0.5422423358101669,0.013384462730503487
commons-io,oracle,13,0.999,0.0,0.07307806820340165,0.5517181689481419,0.05836384971708782
commons-io,oracle,13,0.999,0.05,0.07086889073508025,0.5562958417744694,0.05836384971708782
commons-io,oracle,13,0.999,0.1,0.0686679822411922,0.5545297705438851,0.05836384971708782
commons-io,oracle,13,0.999,0.25,0.07285410856207274,0.5583466284137282,0.05836384971708782
commons-io,oracle,21,0.9,0.0,0.022248955574071763,0.31639328609093215,-0.00115699250001941
commons-io,oracle,21,0.9,0.05,0.017459857020993917,0.30849966029208536,-0.00115699250001941
commons-io,oracle,21,0.9,0.1,0.031273930931281495,0.316900973258497,-0.00115699250001941
commons-io,oracle,21,0.9,0.25,0.03893746870980526,0.3038315588272867,-0.00115699250001941
commons-io,oracle,21,0.95,0.0,0.023054615605660276,0.37647701586481025,-0.011714564961493198
commons-io,oracle,21,0.95,0.05,0.01830813202064056,0.3713613070163356,-0.011714564961493198
commons-io,oracle,21,0.95,0.1,0.029100105202060477,0.3765193365762508,-0.011714564961493198
commons-io,oracle,21,0.95,0.25,0.04166547131818444,0.3739263618166433,-0.011714564961493198
commons-io,oracle,21,0.99,0.0,0.0266303725107804,0.4870959775626418,-0.013315666421133854
commons-io,oracle,21,0.99,0.05,0.0221429756814088,0.4882030294879679,-0.013315666421133854
commons-io,oracle,21,0.99,0.1,0.027139102395527425,0.4916428810624733,-0.013315666421133854
commons-io,oracle,21,0.99,0.25,0.05019641483466868,0.5110285849472905,-0.013315666421133854
commons-io,oracle,21,0.995,0.0,0.02776827381431702,0.5066195072797934,0.02690116704587861
commons-io,oracle,21,0.995,0.05,0.02336329457085668,0.5088541474148827,0.02690116704587861
commons-io,oracle,21,0.995,0.1,0.027482470483792206,0.5124708106737138,0.02690116704587861
commons-io,oracle,21,0.995,0.25,0.05157778266119837,0.5356799713028648,0.02690116704587861
commons-io,oracle,21,0.999,0.0,0.016953701598755127,0.4995320614980037,0.05148924040595128
commons-io,oracle,21,0.999,0.05,0.012001560879394557,0.5014832888147395,0.05148924040595128
commons-io,oracle,21,0.999,0.1,0.014736414466523634,0.5039701482124823,0.05148924040595128
commons-io,oracle,21,0.999,0.25,0.0361253653667348,0.5246322781974154,0.05148924040595128
commons-io,oracle,42,0.9,0.0,0.0286813114508253,0.3105719336613586,-0.000932401890019675
commons-io,oracle,42,0.9,0.05,0.02249193564108881,0.30143755479143913,-0.000932401890019675
commons-io,oracle,42,0.9,0.1,0.032014002231482784,0.30439745683283925,-0.000932401890019675
commons-io,oracle,42,0.9,0.25,0.037032168973730274,0.27923190698132816,-0.000932401890019675
commons-io,oracle,42,0.95,0.0,0.030488866831125297,0.35965599106120144,-0.011284184619739422
commons-io,oracle,42,0.95,0.05,0.02449724158127134,0.3528792657129517,-0.011284184619739422
commons-io,oracle,42,0.95,0.1,0.03172081764368267,0.35248473484643833,-0.011284184619739422
commons-io,oracle,42,0.95,0.25,0.04103078367904797,0.33490804067971325,-0.011284184619739422
commons-io,oracle,42,0.99,0.0,0.04018677040994706,0.49821147385044445,-0.02407981389625928
commons-io,oracle,42,0.99,0.05,0.03485238557499902,0.49926808210796936,-0.02407981389625928
commons-io,oracle,42,0.99,0.1,0.03805948751640786,0.5010458302564591,-0.02407981389625928
commons-io,oracle,42,0.99,0.25,0.05718041261776871,0.5142701439066949,-0.02407981389625928
commons-io,oracle,42,0.995,0.0,0.04383110595383361,0.5219511571321874,0.018842546663621822
commons-io,oracle,42,0.995,0.05,0.03872209350169836,0.5243752423977053,0.018842546663621822
commons-io,oracle,42,0.995,0.1,0.04137745128062182,0.5268541071172593,0.018842546663621822
commons-io,oracle,42,0.995,0.25,0.061529860763643536,0.5449256105277188,0.018842546663621822
commons-io,oracle,42,0.999,0.0,0.03605544184089951,0.5173469766027692,0.05784899772179922
commons-io,oracle,42,0.999,0.05,0.03056855148923494,0.5196328818397602,0.05784899772179922
commons-io,oracle,42,0.999,0.1,0.03214385245568078,0.5213258051942221,0.05784899772179922
commons-io,oracle,42,0.999,0.25,0.04987385911309832,0.5374823223696928,0.05784899772179922
commons-io,oracle,77,0.9,0.0,0.03834129137221392,0.35340902191259116,-0.0009165872839423154
commons-io,oracle,77,0.9,0.05,0.0339576056726273,0.3470461331161629,-0.0009165872839423154
commons-io,oracle,77,0.9,0.1,0.047921404263687704,0.3574324890441722,-0.0009165872839423154
commons-io,oracle,77,0.9,0.25,0.04297287631975016,0.343470801507122,-0.0009165872839423154
commons-io,oracle,77,0.95,0.0,0.03738464836554278,0.40603394359689704,-0.010495516143867753
commons-io,oracle,77,0.95,0.05,0.033016893234258354,0.40218549599398423,-0.010495516143867753
commons-io,oracle,77,0.95,0.1,0.0440330544630047,0.40877069749205014,-0.010495516143867753
commons-io,oracle,77,0.95,0.25,0.04690450813810088,0.40617726389705283,-0.010495516143867753
commons-io,oracle,77,0.99,0.0,0.04288207816583893,0.5105299714366631,-0.00495362694823523
commons-io,oracle,77,0.99,0.05,0.038975604997798174,0.512710142200983,-0.00495362694823523
commons-io,oracle,77,0.99,0.1,0.044385749806418864,0.5171461863151589,-0.00495362694823523
commons-io,oracle,77,0.99,0.25,0.06570999093197952,0.5384172005344927,-0.00495362694823523
commons-io,oracle,77,0.995,0.0,0.044640093639794036,0.5256357790803133,0.03923542272595963
commons-io,oracle,77,0.995,0.05,0.040863402545978034,0.5287257651002041,0.03923542272595963
commons-io,oracle,77,0.995,0.1,0.04543693585921399,0.5330864739456161,0.03923542272595963
commons-io,oracle,77,0.995,0.25,0.06898871192546788,0.5577666005695219,0.03923542272595963
commons-io,oracle,77,0.999,0.0,0.03454202192754658,0.515926839808888,0.06580089020124795
commons-io,oracle,77,0.999,0.05,0.030267803285947012,0.5186066484920935,0.06580089020124795
commons-io,oracle,77,0.999,0.1,0.03350234234391219,0.5216922794727776,0.06580089020124795
commons-io,oracle,77,0.999,0.25,0.05520248500363711,0.5436556863883318,0.06580089020124795
commons-io,oracle,101,0.9,0.0,0.048715956348046166,0.29842390653803674,-0.0007563574889782346
commons-io,oracle,101,0.9,0.05,0.04488284036538325,0.2891439689965639,-0.0007563574889782346
commons-io,oracle,101,0.9,0.1,0.0378047347074222,0.27426425404014537,-0.0007563574889782346
commons-io,oracle,101,0.9,0.25,0.03473261593343053,0.24267101500425717,-0.0007563574889782346
commons-io,oracle,101,0.95,0.0,0.044399013841615764,0.36063893942262754,-0.01004138264596778
commons-io,oracle,101,0.95,0.05,0.04043715040592395,0.3544178288847963,-0.01004138264596778
commons-io,oracle,101,0.95,0.1,0.033586667436651695,0.3397589693933099,-0.01004138264596778
commons-io,oracle,101,0.95,0.25,0.03357093858742122,0.31493401962319356,-0.01004138264596778
commons-io,oracle,101,0.99,0.0,0.05303792982513453,0.5110111026609506,-0.016913146258308122
commons-io,oracle,101,0.99,0.05,0.049707049862393354,0.5132350341524788,-0.016913146258308122
commons-io,oracle,101,0.99,0.1,0.04543279428586292,0.5082004605264887,-0.016913146258308122
commons-io,oracle,101,0.99,0.25,0.050350598786615824,0.5088884174235967,-0.016913146258308122
commons-io,oracle,101,0.995,0.0,0.059941971720713506,0.5357411533049343,0.026637414372775326
commons-io,oracle,101,0.995,0.05,0.05701048346979588,0.5393800732631485,0.026637414372775326
commons-io,oracle,101,0.995,0.1,0.053412478251814534,0.5361165286182877,0.026637414372775326
commons-io,oracle,101,0.995,0.25,0.05845128856163209,0.5402364303567514,0.026637414372775326
commons-io,oracle,101,0.999,0.0,0.062299377290363084,0.539524615873453,0.062468787367846286
commons-io,oracle,101,0.999,0.05,0.05952394601370695,0.5434617057271932,0.062468787367846286
commons-io,oracle,101,0.999,0.1,0.05625924062087968,0.540687216221819,0.062468787367846286
commons-io,oracle,101,0.999,0.25,0.060005289645628755,0.5436782346224508,0.062468787367846286
commons-io,oracle,123,0.9,0.0,0.04668980360977616,0.34486561581924086,-0.0011569928644350738
commons-io,oracle,123,0.9,0.05,0.04297588433049294,0.33853981321281024,-0.0011569928644350738
commons-io,oracle,123,0.9,0.1,0.04157362205462836,0.3310828683694154,-0.0011569928644350738
commons-io,oracle,123,0.9,0.25,0.03116090103002318,0.3039090238499156,-0.0011569928644350738
commons-io,oracle,123,0.95,0.0,0.04377640810401944,0.40290089580572747,-0.0117175467962253
commons-io,oracle,123,0.95,0.05,0.039800860105705375,0.3991840717922763,-0.0117175467962253
commons-io,oracle,123,0.95,0.1,0.03788697682026345,0.3914698413599863,-0.0117175467962253
commons-io,oracle,123,0.95,0.25,0.03398334629391214,0.3742855267480029,-0.0117175467962253
commons-io,oracle,123,0.99,0.0,0.04656448860785582,0.508045531598196,-0.01584167625583673
commons-io,oracle,123,0.99,0.05,0.04264842345832506,0.5101886219976962,-0.01584167625583673
commons-io,oracle,123,0.99,0.1,0.0407691607666225,0.5072192177450909,-0.01584167625583673
commons-io,oracle,123,0.99,0.25,0.0499432920301631,0.5118770391895072,-0.01584167625583673
commons-io,oracle,123,0.995,0.0,0.05325862101736829,0.5320060029122644,0.021326900949866848
commons-io,oracle,123,0.995,0.05,0.04969045075723981,0.5354985299323543,0.021326900949866848
commons-io,oracle,123,0.995,0.1,0.048148291915958756,0.5339111928155761,0.021326900949866848
commons-io,oracle,123,0.995,0.25,0.0588439992529797,0.5428617710023134,0.021326900949866848
commons-io,oracle,123,0.999,0.0,0.056638503498091734,0.5390533094136075,0.05929724136597293
commons-io,oracle,123,0.999,0.05,0.053246549384089355,0.5429957846204874,0.05929724136597293
commons-io,oracle,123,0.999,0.1,0.05183872322218399,0.541825746094576,0.05929724136597293
commons-io,oracle,123,0.999,0.25,0.062344302356550786,0.5509993001172528,0.05929724136597293
commons-io,oracle,202,0.9,0.0,0.026154482215122822,0.3729133309545867,0.0004254023115396212
commons-io,oracle,202,0.9,0.05,0.0196574351976121,0.367107018880712,0.0004254023115396212
commons-io,oracle,202,0.9,0.1,0.02268289039018643,0.3687165294415528,0.0004254023115396212
commons-io,oracle,202,0.9,0.25,0.013375888475433223,0.3543555606934971,0.0004254023115396212
commons-io,oracle,202,0.95,0.0,0.03267313329141386,0.4476833440323338,0.011110040039970504
commons-io,oracle,202,0.95,0.05,0.026374849087520056,0.4455080095238373,0.011110040039970504
commons-io,oracle,202,0.95,0.1,0.028811730890006135,0.44585557609631604,0.011110040039970504
commons-io,oracle,202,0.95,0.25,0.02575294744788151,0.4421114233137848,0.011110040039970504
commons-io,oracle,202,0.99,0.0,0.033210407373366876,0.5123499148561464,0.06793580452075731
commons-io,oracle,202,0.99,0.05,0.026797571129384155,0.5140250866294264,0.06793580452075731
commons-io,oracle,202,0.99,0.1,0.027598822265559562,0.5147677148023693,0.06793580452075731
commons-io,oracle,202,0.99,0.25,0.03469038522398484,0.5225803789170261,0.06793580452075731
commons-io,oracle,202,0.995,0.0,0.03152951565983924,0.5108897628399225,0.05908998247103966
commons-io,oracle,202,0.995,0.05,0.025016861710213917,0.5125934211689327,0.05908998247103966
commons-io,oracle,202,0.995,0.1,0.025319221100256688,0.512922306505917,0.05908998247103966
commons-io,oracle,202,0.995,0.25,0.03233787081706083,0.519695617586641,0.05908998247103966
commons-io,oracle,202,0.999,0.0,0.02894437720241706,0.507480140433228,0.04523670170716533
commons-io,oracle,202,0.999,0.05,0.02228856062833501,0.5090960358385306,0.04523670170716533
commons-io,oracle,202,0.999,0.1,0.02207641701495963,0.5089677342594982,0.04523670170716533
commons-io,oracle,202,0.999,0.25,0.02795624703337675,0.5140146245522541,0.04523670170716533
commons-io,oracle,314,0.9,0.0,0.046588780392212044,0.311964005981851,-0.0007578368063511484
commons-io,oracle,314,0.9,0.05,0.040590575379796656,0.3026145417913001,-0.0007578368063511484
commons-io,oracle,314,0.9,0.1,0.03790731657498371,0.291663926234241,-0.0007578368063511484
commons-io,oracle,314,0.9,0.25,0.021778201522357318,0.2492270056188924,-0.0007578368063511484
commons-io,oracle,314,0.95,0.0,0.045018318490751275,0.3628076200074635,-0.010205625709902051
commons-io,oracle,314,0.95,0.05,0.03879470894562756,0.3558577139563682,-0.010205625709902051
commons-io,oracle,314,0.95,0.1,0.035482488192711444,0.34409538416295976,-0.010205625709902051
commons-io,oracle,314,0.95,0.25,0.024841756640910217,0.3105404703416795,-0.010205625709902051
commons-io,oracle,314,0.99,0.0,0.05610973345159681,0.5104187851163768,-0.024179264577910243
commons-io,oracle,314,0.99,0.05,0.05040277079037178,0.5117712076105134,-0.024179264577910243
commons-io,oracle,314,0.99,0.1,0.04752029465138604,0.5076462756984048,-0.024179264577910243
commons-io,oracle,314,0.99,0.25,0.05073455778141794,0.5061552485447512,-0.024179264577910243
commons-io,oracle,314,0.995,0.0,0.06587777718963161,0.540419258384855,0.014364544114515796
commons-io,oracle,314,0.995,0.05,0.06068775112392116,0.5434668371235187,0.014364544114515796
commons-io,oracle,314,0.995,0.1,0.058289528292068446,0.5411323534572389,0.014364544114515796
commons-io,oracle,314,0.995,0.25,0.06395214283609105,0.5455745581037571,0.014364544114515796
commons-io,oracle,314,0.999,0.0,0.07366007591590219,0.551274314854293,0.06091814447081778
commons-io,oracle,314,0.999,0.05,0.06888457081080178,0.5549946461786173,0.06091814447081778
commons-io,oracle,314,0.999,0.1,0.06684520803085284,0.5533405688636075,0.06091814447081778
commons-io,oracle,314,0.999,0.25,0.07354817878841678,0.5591542700286829,0.06091814447081778
commons-io,oracle,999,0.9,0.0,0.04064224344481223,0.3108778800276945,-0.0009272695095391354
commons-io,oracle,999,0.9,0.05,0.03681942821766268,0.30269450478589427,-0.0009272695095391354
commons-io,oracle,999,0.9,0.1,0.0396374763798651,0.3004743348750153,-0.0009272695095391354
commons-io,oracle,999,0.9,0.25,0.033397700544732394,0.27317064945690145,-0.0009272695095391354
commons-io,oracle,999,0.95,0.0,0.03938784879109936,0.36769525566638395,-0.010967259987475785
commons-io,oracle,999,0.95,0.05,0.03549942446098289,0.36211820089043445,-0.010967259987475785
commons-io,oracle,999,0.95,0.1,0.03753881002296387,0.3573197245141069,-0.010967259987475785
commons-io,oracle,999,0.95,0.25,0.03613936056774828,0.3362351586026068,-0.010967259987475785
commons-io,oracle,999,0.99,0.0,0.046745826636509724,0.5058165610475898,-0.021342031000728276
commons-io,oracle,999,0.99,0.05,0.04331518638332851,0.5079070906306502,-0.021342031000728276
commons-io,oracle,999,0.99,0.1,0.044600631431044827,0.5080260829595828,-0.021342031000728276
commons-io,oracle,999,0.99,0.25,0.05505406284363267,0.5145145203422045,-0.021342031000728276
commons-io,oracle,999,0.995,0.0,0.05285071133716182,0.5310153308498007,0.02025954389196489
commons-io,oracle,999,0.995,0.05,0.049763426968173506,0.5345315948959408,0.02025954389196489
commons-io,oracle,999,0.995,0.1,0.05113067932489179,0.5358809526289552,0.02025954389196489
commons-io,oracle,999,0.995,0.25,0.06332980313078997,0.547280876795436,0.02025954389196489
commons-io,oracle,999,0.999,0.0,0.05186014442367883,0.5323119851818865,0.06055180826025947
commons-io,oracle,999,0.999,0.05,0.0487417983965032,0.5359852914386971,0.06055180826025947
commons-io,oracle,999,0.999,0.1,0.049802219549506414,0.5372294471189888,0.06055180826025947
commons-io,oracle,999,0.999,0.25,0.06133844901143711,0.5480181923723971,0.06055180826025947
commons-io,BSZZ,7,0.9,0.0,0.07009968870369858,0.5292766689379248,0.0007943610292669541
commons-io,BSZZ,7,0.9,0.05,0.06802375383330662,0.5328150587363149,0.0007943610292669541
commons-io,BSZZ,7,0.9,0.1,0.07390858949506592,0.5450154286464449,0.0007943610292669541
commons-io,BSZZ,7,0.9,0.25,0.08572525069127773,0.5643200830527422,0.0007943610292669541
commons-io,BSZZ,7,0.95,0.0,0.08360075770525732,0.5681904942061425,0.015272625392787535
commons-io,BSZZ,7,0.95,0.05,0.08336117025133835,0.5745351612030036,0.015272625392787535
commons-io,BSZZ,7,0.95,0.1,0.08827994222460152,0.5829987398050432,0.015272625392787535
commons-io,BSZZ,7,0.95,0.25,0.10416581506863609,0.6061065185956761,0.015272625392787535
commons-io,BSZZ,7,0.99,0.0,0.08809703017387333,0.588353078720438,0.11081040375638421
commons-io,BSZZ,7,0.99,0.05,0.089153004905239,0.5971050014685462,0.11081040375638421
commons-io,BSZZ,7,0.99,0.1,0.09311163853368166,0.6022350372005926,0.11081040375638421
commons-io,BSZZ,7,0.99,0.25,0.11104527351995094,0.6264936336773351,0.11081040375638421
commons-io,BSZZ,7,0.995,0.0,0.07922239621504404,0.570666694451041,0.1252446118674584
commons-io,BSZZ,7,0.995,0.05,0.07991398093211419,0.5786773413225266,0.1252446118674584
commons-io,BSZZ,7,0.995,0.1,0.08327495905029694,0.5824756523009317,0.1252446118674584
commons-io,BSZZ,7,0.995,0.25,0.09891933137710457,0.6017581296926919,0.1252446118674584
commons-io,BSZZ,7,0.999,0.0,0.06226985395252333,0.5455189604461124,0.1094207678100893
commons-io,BSZZ,7,0.999,0.05,0.06214405940190623,0.552358500660762,0.1094207678100893
commons-io,BSZZ,7,0.999,0.1,0.0644546847793079,0.5545151587699901,0.1094207678100893
commons-io,BSZZ,7,0.999,0.25,0.07608481946075633,0.5671905705936192,0.1094207678100893
commons-io,BSZZ,13,0.9,0.0,0.05422577235450205,0.45344997923680974,-0.0006305864153466166
commons-io,BSZZ,13,0.9,0.05,0.05461541631871536,0.4556215174011433,-0.0006305864153466166
commons-io,BSZZ,13,0.9,0.1,0.05368700127402771,0.45459078725320284,-0.0006305864153466166
commons-io,BSZZ,13,0.9,0.25,0.07956571244527055,0.4678773701627466,-0.0006305864153466166
commons-io,BSZZ,13,0.95,0.0,0.06204811863789773,0.49049299790823087,-0.009497948468360133
commons-io,BSZZ,13,0.95,0.05,0.06390815631607302,0.4947852737285432,-0.009497948468360133
commons-io,BSZZ,13,0.95,0.1,0.06333637798997947,0.4925681149272776,-0.009497948468360133
commons-io,BSZZ,13,0.95,0.25,0.09219857791378099,0.5085718185982486,-0.009497948468360133
commons-io,BSZZ,13,0.99,0.0,0.06673201399828795,0.5613277505157692,0.013722956530554577
commons-io,BSZZ,13,0.99,0.05,0.06974985022469128,0.5701122909802379,0.013722956530554577
commons-io,BSZZ,13,0.99,0.1,0.07168814605293006,0.5725576939051455,0.013722956530554577
commons-io,BSZZ,13,0.99,0.25,0.09486364779652197,0.5950573300216438,0.013722956530554577
commons-io,BSZZ,13,0.995,0.0,0.06006898448909629,0.5560807296395396,0.0655244806494048
commons-io,BSZZ,13,0.995,0.05,0.06281500412065184,0.5647114229781518,0.0655244806494048
commons-io,BSZZ,13,0.995,0.1,0.06479884735823166,0.5671404888660333,0.0655244806494048
commons-io,BSZZ,13,0.995,0.25,0.08368511875550426,0.5860957840943154,0.0655244806494048
commons-io,BSZZ,13,0.999,0.0,0.0392080517980451,0.5305439308055915,0.07901595966690073
commons-io,BSZZ,13,0.999,0.05,0.04091218204976387,0.5379322006833656,0.07901595966690073
commons-io,BSZZ,13,0.999,0.1,0.042021035729187875,0.5391156981674061,0.07901595966690073
commons-io,BSZZ,13,0.999,0.25,0.05402004370809218,0.5504654847304228,0.07901595966690073
commons-io,BSZZ,21,0.9,0.0,0.0603219088315365,0.45508126957599393,-0.0007274325669288598
commons-io,BSZZ,21,0.9,0.05,0.06008769998658134,0.4561596488404242,-0.0007274325669288598
commons-io,BSZZ,21,0.9,0.1,0.07290190879307526,0.4705710340720871,-0.0007274325669288598
commons-io,BSZZ,21,0.9,0.25,0.07946020603787879,0.4701326213197637,-0.0007274325669288598
commons-io,BSZZ,21,0.95,0.0,0.06998664217643272,0.493599331393563,-0.009331827305245047
commons-io,BSZZ,21,0.95,0.05,0.07142044723825258,0.4972408701398658,-0.009331827305245047
commons-io,BSZZ,21,0.95,0.1,0.08280451012218937,0.5069824457360155,-0.009331827305245047
commons-io,BSZZ,21,0.95,0.25,0.09383866944142931,0.5116660570465498,-0.009331827305245047
commons-io,BSZZ,21,0.99,0.0,0.07624364725843519,0.5682295081171784,0.029852946426089145
commons-io,BSZZ,21,0.99,0.05,0.07912082084093056,0.5769244249009599,0.029852946426089145
commons-io,BSZZ,21,0.99,0.1,0.08810013292881326,0.5855205463619167,0.029852946426089145
commons-io,BSZZ,21,0.99,0.25,0.10810657658045145,0.6083785840870299,0.029852946426089145
commons-io,BSZZ,21,0.995,0.0,0.07056897176720682,0.5635054472163669,0.08615928425024287
commons-io,BSZZ,21,0.995,0.05,0.07325834001990232,0.5721146545476226,0.08615928425024287
commons-io,BSZZ,21,0.995,0.1,0.08152529377904864,0.579940882789643,0.08615928425024287
commons-io,BSZZ,21,0.995,0.25,0.10197911189038973,0.6023360423049392,0.08615928425024287
commons-io,BSZZ,21,0.999,0.0,0.05058618818661136,0.5378789075152813,0.10277157285527064
commons-io,BSZZ,21,0.999,0.05,0.052306019553970115,0.5452720577453183,0.10277157285527064
commons-io,BSZZ,21,0.999,0.1,0.059101001937993065,0.5512530350753386,0.10277157285527064
commons-io,BSZZ,21,0.999,0.25,0.07657635821142009,0.5684035845437583,0.10277157285527064
commons-io,BSZZ,42,0.9,0.0,0.02257371265747552,0.40462095589572566,-0.0005350029634347685
commons-io,BSZZ,42,0.9,0.05,0.020375519085750735,0.4030530942790149,-0.0005350029634347685
commons-io,BSZZ,42,0.9,0.1,0.024663105602276348,0.40922911980879917,-0.0005350029634347685
commons-io,BSZZ,42,0.9,0.25,0.03828973199241895,0.4095434230119692,-0.0005350029634347685
commons-io,BSZZ,42,0.95,0.0,0.026429335951810556,0.43564971535243024,-0.008625990245583633
commons-io,BSZZ,42,0.95,0.05,0.02560896750325714,0.4362690732025307,-0.008625990245583633
commons-io,BSZZ,42,0.95,0.1,0.028367110697942465,0.4384347533498954,-0.008625990245583633
commons-io,BSZZ,42,0.95,0.25,0.044865883570096715,0.44178752283174777,-0.008625990245583633
commons-io,BSZZ,42,0.99,0.0,0.02988490501586241,0.5166916188534677,0.0006144178663768506
commons-io,BSZZ,42,0.99,0.05,0.03036112476508683,0.5226998453883431,0.0006144178663768506
commons-io,BSZZ,42,0.99,0.1,0.03244817942843029,0.5251171938972642,0.0006144178663768506
commons-io,BSZZ,42,0.99,0.25,0.05080810442796903,0.5433489149806402,0.0006144178663768506
commons-io,BSZZ,42,0.995,0.0,0.02628436575648578,0.5192726915954224,0.03578178452389185
commons-io,BSZZ,42,0.995,0.05,0.02668097379909213,0.5255780129604646,0.03578178452389185
commons-io,BSZZ,42,0.995,0.1,0.02855310660901292,0.5278333609374525,0.03578178452389185
commons-io,BSZZ,42,0.995,0.25,0.04506748591904073,0.5453294549184678,0.03578178452389185
commons-io,BSZZ,42,0.999,0.0,0.013243962289117258,0.5051596791664252,0.045655705391767415
commons-io,BSZZ,42,0.999,0.05,0.01303501461733636,0.5108529542163699,0.045655705391767415
commons-io,BSZZ,42,0.999,0.1,0.014149136149535658,0.5120966341967232,0.045655705391767415
commons-io,BSZZ,42,0.999,0.25,0.02665660499755188,0.5250692891481812,0.045655705391767415
commons-io,BSZZ,77,0.9,0.0,0.06096599469640738,0.5269329750978511,0.0007845295490287452
commons-io,BSZZ,77,0.9,0.05,0.06129027250794377,0.5323617244684865,0.0007845295490287452
commons-io,BSZZ,77,0.9,0.1,0.06113789608977909,0.5358018310099958,0.0007845295490287452
commons-io,BSZZ,77,0.9,0.25,0.07415916170946288,0.5561440852971321,0.0007845295490287452
commons-io,BSZZ,77,0.95,0.0,0.06841810098581032,0.5529569964631353,0.013972466705055694
commons-io,BSZZ,77,0.95,0.05,0.07024321171612341,0.5601418611883852,0.013972466705055694
commons-io,BSZZ,77,0.95,0.1,0.07026255730564152,0.5617194193192732,0.013972466705055694
commons-io,BSZZ,77,0.95,0.25,0.0870224938623608,0.5823693810507856,0.013972466705055694
commons-io,BSZZ,77,0.99,0.0,0.06933196444086791,0.5722256726134731,0.08204401900937554
commons-io,BSZZ,77,0.99,0.05,0.07221586652036871,0.5813811859843412,0.08204401900937554
commons-io,BSZZ,77,0.99,0.1,0.07419928418622943,0.5843577403108743,0.08204401900937554
commons-io,BSZZ,77,0.99,0.25,0.09077447025834078,0.6045242148686851,0.08204401900937554
commons-io,BSZZ,77,0.995,0.0,0.06216050122269527,0.5583336263532284,0.09472959356293044
commons-io,BSZZ,77,0.995,0.05,0.06476097254991917,0.5669009604509291,0.09472959356293044
commons-io,BSZZ,77,0.995,0.1,0.06671473728490548,0.5693220398418615,0.09472959356293044
commons-io,BSZZ,77,0.995,0.25,0.08072342621839791,0.5852170481601864,0.09472959356293044
commons-io,BSZZ,77,0.999,0.0,0.0472817088515277,0.5366749952817137,0.08641351640948466
commons-io,BSZZ,77,0.999,0.05,0.049166781208450756,0.5442186263293036,0.08641351640948466
commons-io,BSZZ,77,0.999,0.1,0.050560049367229826,0.5455965567265141,0.08641351640948466
commons-io,BSZZ,77,0.999,0.25,0.06050329988648727,0.5556943393370108,0.08641351640948466
commons-io,BSZZ,101,0.9,0.0,0.05765092856608417,0.4401633140967713,-0.0006481924612149334
commons-io,BSZZ,101,0.9,0.05,0.05729550117573329,0.44046265470813384,-0.0006481924612149334
commons-io,BSZZ,101,0.9,0.1,0.06273101696300871,0.4478282701471962,-0.0006481924612149334
commons-io,BSZZ,101,0.9,0.25,0.06855115988131842,0.4435010476908867,-0.0006481924612149334
commons-io,BSZZ,101,0.95,0.0,0.06721049214052349,0.4843461107172417,-0.009595499402425123
commons-io,BSZZ,101,0.95,0.05,0.06853254387884256,0.4875237123791342,-0.009595499402425123
commons-io,BSZZ,101,0.95,0.1,0.07309346638290759,0.49180042714472627,-0.009595499402425123
commons-io,BSZZ,101,0.95,0.25,0.0825212913960009,0.4940807039882884,-0.009595499402425123
commons-io,BSZZ,101,0.99,0.0,0.07566118714148272,0.566042391009166,0.01991689385536398
commons-io,BSZZ,101,0.99,0.05,0.07854224383186877,0.5746432387540642,0.01991689385536398
commons-io,BSZZ,101,0.99,0.1,0.08302521681757681,0.5796389774982953,0.01991689385536398
commons-io,BSZZ,101,0.99,0.25,0.09823429254994792,0.5994632320768616,0.01991689385536398
commons-io,BSZZ,101,0.995,0.0,0.07121954850619891,0.5620873189976044,0.074631026667098
commons-io,BSZZ,101,0.995,0.05,0.07397680670247682,0.5706418880694895,0.074631026667098
commons-io,BSZZ,101,0.995,0.1,0.07823090787745393,0.5751470777460873,0.074631026667098
commons-io,BSZZ,101,0.995,0.25,0.09311188734065995,0.5938466198035198,0.074631026667098
commons-io,BSZZ,101,0.999,0.0,0.05508196783476724,0.539964138462796,0.09242381221198277
commons-io,BSZZ,101,0.999,0.05,0.057070961468149516,0.5474858505449002,0.09242381221198277
commons-io,BSZZ,101,0.999,0.1,0.06041314040889674,0.5505504667539616,0.09242381221198277
commons-io,BSZZ,101,0.999,0.25,0.0723263510739607,0.5640226979323539,0.09242381221198277
commons-io,BSZZ,123,0.9,0.0,0.049638356986829446,0.44216113935458384,-0.0006001217826302766
commons-io,BSZZ,123,0.9,0.05,0.04845362855977254,0.44243500376037803,-0.0006001217826302766
commons-io,BSZZ,123,0.9,0.1,0.056063315123754925,0.44742899305625433,-0.0006001217826302766
commons-io,BSZZ,123,0.9,0.25,0.07190775044726835,0.45073197163167805,-0.0006001217826302766
commons-io,BSZZ,123,0.95,0.0,0.0596373707200219,0.482854245635208,-0.008127045914538483
commons-io,BSZZ,123,0.95,0.05,0.05890716833132373,0.48473718838713653,-0.008127045914538483
commons-io,BSZZ,123,0.95,0.1,0.06517684896611319,0.48799728174326346,-0.008127045914538483
commons-io,BSZZ,123,0.95,0.25,0.08492300842616053,0.49578554661090146,-0.008127045914538483
commons-io,BSZZ,123,0.99,0.0,0.06868011986903139,0.5629523391342633,0.031025221034383287
commons-io,BSZZ,123,0.99,0.05,0.06829596551621257,0.569174841464992,0.031025221034383287
commons-io,BSZZ,123,0.99,0.1,0.07277815614045827,0.5738342217043202,0.031025221034383287
commons-io,BSZZ,123,0.99,0.25,0.09448510834640073,0.5958450811865361,0.031025221034383287
commons-io,BSZZ,123,0.995,0.0,0.06305893744448358,0.5581142040070854,0.08170959739780521
commons-io,BSZZ,123,0.995,0.05,0.0623588287659525,0.5641372570955602,0.08170959739780521
commons-io,BSZZ,123,0.995,0.1,0.06619271922105961,0.568149175121156,0.08170959739780521
commons-io,BSZZ,123,0.995,0.25,0.0856153386949791,0.5879979456880943,0.08170959739780521
commons-io,BSZZ,123,0.999,0.0,0.0445097458782864,0.5344762150129954,0.0878407796722017
commons-io,BSZZ,123,0.999,0.05,0.04281787702770697,0.5393069919671861,0.0878407796722017
commons-io,BSZZ,123,0.999,0.1,0.045309388477493426,0.5416666358555176,0.0878407796722017
commons-io,BSZZ,123,0.999,0.25,0.059549792024836366,0.5551801516137161,0.0878407796722017
commons-io,BSZZ,202,0.9,0.0,0.06561972582097436,0.5281999422265795,0.000805761228246548
commons-io,BSZZ,202,0.9,0.05,0.06436722307517229,0.5327225736184644,0.000805761228246548
commons-io,BSZZ,202,0.9,0.1,0.0771341136483865,0.545203224073343,0.000805761228246548
commons-io,BSZZ,202,0.9,0.25,0.07925621393198316,0.5555969154779535,0.000805761228246548
commons-io,BSZZ,202,0.95,0.0,0.07972208026544596,0.561903454306374,0.014612638108206063
commons-io,BSZZ,202,0.95,0.05,0.08020442588254874,0.5686610250958339,0.014612638108206063
commons-io,BSZZ,202,0.95,0.1,0.08898829959182745,0.5778187715730634,0.014612638108206063
commons-io,BSZZ,202,0.95,0.25,0.09522580143145835,0.5922422630058608,0.014612638108206063
commons-io,BSZZ,202,0.99,0.0,0.08243906945023767,0.5809276203960184,0.09467099159010897
commons-io,BSZZ,202,0.99,0.05,0.08392736857133483,0.5897282221421417,0.09467099159010897
commons-io,BSZZ,202,0.99,0.1,0.08920382734036274,0.595579163773111,0.09467099159010897
commons-io,BSZZ,202,0.99,0.25,0.10588178728555481,0.6174659356408044,0.09467099159010897
commons-io,BSZZ,202,0.995,0.0,0.07321953961595273,0.5651311234447167,0.10648161232064612
commons-io,BSZZ,202,0.995,0.05,0.07429531769214107,0.5732544055873392,0.10648161232064612
commons-io,BSZZ,202,0.995,0.1,0.07875954286222994,0.5778130146129353,0.10648161232064612
commons-io,BSZZ,202,0.995,0.25,0.09540647915496742,0.5970065813793151,0.10648161232064612
commons-io,BSZZ,202,0.999,0.0,0.057107222338376944,0.5429464384349905,0.09346707094501201
commons-io,BSZZ,202,0.999,0.05,0.057385194713020025,0.550027057779589,0.09346707094501201
commons-io,BSZZ,202,0.999,0.1,0.06071937335476596,0.5530525407615082,0.09346707094501201
commons-io,BSZZ,202,0.999,0.25,0.07519810920432722,0.5677531478638908,0.09346707094501201
commons-io,BSZZ,314,0.9,0.0,0.0688908651509428,0.4577681855420423,-0.000598782794286736
commons-io,BSZZ,314,0.9,0.05,0.06873857813645584,0.45976152414129334,-0.000598782794286736
commons-io,BSZZ,314,0.9,0.1,0.07437287155223993,0.46817193758195474,-0.000598782794286736
commons-io,BSZZ,314,0.9,0.25,0.08113072549228942,0.46611251599077647,-0.000598782794286736
commons-io,BSZZ,314,0.95,0.0,0.07801146838263866,0.4959903659937076,-0.008210795638506081
commons-io,BSZZ,314,0.95,0.05,0.07921979912054093,0.500069839398151,-0.008210795638506081
commons-io,BSZZ,314,0.95,0.1,0.0842225920187534,0.5050084645158197,-0.008210795638506081
commons-io,BSZZ,314,0.95,0.25,0.09424907138129178,0.5077876469961993,-0.008210795638506081
commons-io,BSZZ,314,0.99,0.0,0.0852640961387632,0.5734222724965388,0.03185634496371848
commons-io,BSZZ,314,0.99,0.05,0.0875187184902171,0.5822524995902548,0.03185634496371848
commons-io,BSZZ,314,0.99,0.1,0.09268989804614373,0.587858746526608,0.03185634496371848
commons-io,BSZZ,314,0.99,0.25,0.10808872668516026,0.6074874662750288,0.03185634496371848
commons-io,BSZZ,314,0.995,0.0,0.08149349902719724,0.5705016189923336,0.08814119841923607
commons-io,BSZZ,314,0.995,0.05,0.08359148695282165,0.5792915164973831,0.08814119841923607
commons-io,BSZZ,314,0.995,0.1,0.088577081045895,0.58446060503369,0.08814119841923607
commons-io,BSZZ,314,0.995,0.25,0.1040186181677801,0.6034675308741838,0.08814119841923607
commons-io,BSZZ,314,0.999,0.0,0.06618777701872593,0.5488584226939826,0.10721757634015484
commons-io,BSZZ,314,0.999,0.05,0.06750563128357497,0.5566041169345131,0.10721757634015484
commons-io,BSZZ,314,0.999,0.1,0.07161948116947524,0.5603448793735778,0.10721757634015484
commons-io,BSZZ,314,0.999,0.25,0.08451575523009992,0.5745027196503244,0.10721757634015484
commons-io,BSZZ,999,0.9,0.0,0.06545124552896267,0.4571950190956035,-0.0007386545284484608
commons-io,BSZZ,999,0.9,0.05,0.0659703322650671,0.4589591871357683,-0.0007386545284484608
commons-io,BSZZ,999,0.9,0.1,0.07137386302327751,0.46688574685420364,-0.0007386545284484608
commons-io,BSZZ,999,0.9,0.25,0.07817525201379025,0.46411134417479827,-0.0007386545284484608
commons-io,BSZZ,999,0.95,0.0,0.07191542050577633,0.490453800371235,-0.009966925413072291
commons-io,BSZZ,999,0.95,0.05,0.07388479197719038,0.4943357517279174,-0.009966925413072291
commons-io,BSZZ,999,0.95,0.1,0.07840764779934047,0.4986350728765306,-0.009966925413072291
commons-io,BSZZ,999,0.95,0.25,0.0880092004126133,0.5003778794563996,-0.009966925413072291
commons-io,BSZZ,999,0.99,0.0,0.0767433183062603,0.5645006964316083,0.02057198286208318
commons-io,BSZZ,999,0.99,0.05,0.07997722343776743,0.5732282165581406,0.02057198286208318
commons-io,BSZZ,999,0.99,0.1,0.08456938207836819,0.5781705432058074,0.02057198286208318
commons-io,BSZZ,999,0.99,0.25,0.09862500239843652,0.5959020223027132,0.02057198286208318
commons-io,BSZZ,999,0.995,0.0,0.07337893316195204,0.5628135782986547,0.07099736129471056
commons-io,BSZZ,999,0.995,0.05,0.07652987244528071,0.571594643928879,0.07099736129471056
commons-io,BSZZ,999,0.995,0.1,0.08100516796125584,0.5762235371442138,0.07099736129471056
commons-io,BSZZ,999,0.995,0.25,0.09503586602156396,0.5935151041699995,0.07099736129471056
commons-io,BSZZ,999,0.999,0.0,0.06077254902789697,0.5449296560112631,0.09168152737462242
commons-io,BSZZ,999,0.999,0.05,0.06332793984511476,0.5528858670445442,0.09168152737462242
commons-io,BSZZ,999,0.999,0.1,0.06713480846595388,0.5563524491608587,0.09168152737462242
commons-io,BSZZ,999,0.999,0.25,0.07912795904904754,0.5695886475426231,0.09168152737462242
commons-io,AGSZZ,7,0.9,0.0,0.0713472959198681,0.45809035994656305,-0.0004736555845371857
commons-io,AGSZZ,7,0.9,0.05,0.06933690354839012,0.45788900816660527,-0.0004736555845371857
commons-io,AGSZZ,7,0.9,0.1,0.08279079914217814,0.4667327060721287,-0.0004736555845371857
commons-io,AGSZZ,7,0.9,0.25,0.0675698339894617,0.44160987021763337,-0.0004736555845371857
commons-io,AGSZZ,7,0.95,0.0,0.08022479331691046,0.4927561568857723,-0.007190913570376774
commons-io,AGSZZ,7,0.95,0.05,0.07980785105180643,0.49513791399575663,-0.007190913570376774
commons-io,AGSZZ,7,0.95,0.1,0.08873176470587339,0.5003617365295866,-0.007190913570376774
commons-io,AGSZZ,7,0.95,0.25,0.07687095708360546,0.4830897105846177,-0.007190913570376774
commons-io,AGSZZ,7,0.99,0.0,0.08290215730158969,0.5655477376788095,0.01970128249753514
commons-io,AGSZZ,7,0.99,0.05,0.08368522166086306,0.5731015918192007,0.01970128249753514
commons-io,AGSZZ,7,0.99,0.1,0.0885726106339807,0.5776770027393775,0.01970128249753514
commons-io,AGSZZ,7,0.99,0.25,0.09354051493790144,0.5853089072943515,0.01970128249753514
commons-io,AGSZZ,7,0.995,0.0,0.08321644594545369,0.5701145915236807,0.06227976435683135
commons-io,AGSZZ,7,0.995,0.05,0.0841178563165638,0.5780962339095814,0.06227976435683135
commons-io,AGSZZ,7,0.995,0.1,0.08867956226994546,0.5825231800066453,0.06227976435683135
commons-io,AGSZZ,7,0.995,0.25,0.09773386533073335,0.5936436839124801,0.06227976435683135
commons-io,AGSZZ,7,0.999,0.0,0.07938512872371928,0.5628936719303933,0.09137893306762887
commons-io,AGSZZ,7,0.999,0.05,0.08015847764034471,0.570645985006429,0.09137893306762887
commons-io,AGSZZ,7,0.999,0.1,0.08425348858002202,0.5743849058239882,0.09137893306762887
commons-io,AGSZZ,7,0.999,0.25,0.09548320008824604,0.5858380604002884,0.09137893306762887
commons-io,AGSZZ,13,0.9,0.0,0.053130464028487936,0.4358947303883622,-0.00042686942184207843
commons-io,AGSZZ,13,0.9,0.05,0.053462566449306956,0.4371440112399203,-0.00042686942184207843
commons-io,AGSZZ,13,0.9,0.1,0.057590895293738155,0.4458568326391698,-0.00042686942184207843
commons-io,AGSZZ,13,0.9,0.25,0.07044554165911972,0.44844780192332473,-0.00042686942184207843
commons-io,AGSZZ,13,0.95,0.0,0.05882876911015701,0.4697033157841569,-0.007019761870144701
commons-io,AGSZZ,13,0.95,0.05,0.06051967967028508,0.47290341475555475,-0.007019761870144701
commons-io,AGSZZ,13,0.95,0.1,0.06457008459747939,0.47934253029154844,-0.007019761870144701
commons-io,AGSZZ,13,0.95,0.25,0.08207142223052721,0.4861815715802901,-0.007019761870144701
commons-io,AGSZZ,13,0.99,0.0,0.06149210067854859,0.5423334468466994,9.840037893595281e-05
commons-io,AGSZZ,13,0.99,0.05,0.06423466035267068,0.5501201298833921,9.840037893595281e-05
commons-io,AGSZZ,13,0.99,0.1,0.06840429780253185,0.555442393132973,9.840037893595281e-05
commons-io,AGSZZ,13,0.99,0.25,0.09543422220627747,0.5802855769971172,9.840037893595281e-05
commons-io,AGSZZ,13,0.995,0.0,0.060377339975467285,0.549772380819663,0.04446334650962103
commons-io,AGSZZ,13,0.995,0.05,0.06313955892750502,0.5580716678147426,0.04446334650962103
commons-io,AGSZZ,13,0.995,0.1,0.06734498765080335,0.5632984141784332,0.04446334650962103
commons-io,AGSZZ,13,0.995,0.25,0.09503643929962599,0.5901729722179094,0.04446334650962103
commons-io,AGSZZ,13,0.999,0.0,0.04793840409605845,0.5357838710855299,0.08472079169599728
commons-io,AGSZZ,13,0.999,0.05,0.05010117958370972,0.5434474189319276,0.08472079169599728
commons-io,AGSZZ,13,0.999,0.1,0.05366753657414994,0.5475052754672434,0.08472079169599728
commons-io,AGSZZ,13,0.999,0.25,0.07877929923468203,0.5711364141331046,0.08472079169599728
commons-io,AGSZZ,21,0.9,0.0,0.06639121707853668,0.4393063728209857,-0.0003450813164641517
commons-io,AGSZZ,21,0.9,0.05,0.06647585668526723,0.4395560247904522,-0.0003450813164641517
commons-io,AGSZZ,21,0.9,0.1,0.08145546200698489,0.45427569145788754,-0.0003450813164641517
commons-io,AGSZZ,21,0.9,0.25,0.05578970113813113,0.42083708819362486,-0.0003450813164641517
commons-io,AGSZZ,21,0.95,0.0,0.07174991496301275,0.47798097098446357,-0.005883323483538227
commons-io,AGSZZ,21,0.95,0.05,0.07327635278873591,0.4808020060042054,-0.005883323483538227
commons-io,AGSZZ,21,0.95,0.1,0.08602089033964018,0.49079095421533037,-0.005883323483538227
commons-io,AGSZZ,21,0.95,0.25,0.06606264723469958,0.46679384668206303,-0.005883323483538227
commons-io,AGSZZ,21,0.99,0.0,0.07502058865566916,0.5577013344483758,0.022715180896390266
commons-io,AGSZZ,21,0.99,0.05,0.07783350938990859,0.5658431582375749,0.022715180896390266
commons-io,AGSZZ,21,0.99,0.1,0.08730815960745358,0.5743394467592211,0.022715180896390266
commons-io,AGSZZ,21,0.99,0.25,0.08992976908018707,0.5805672854516826,0.022715180896390266
commons-io,AGSZZ,21,0.995,0.0,0.07590777893755608,0.5631170211184579,0.0636900807933008
commons-io,AGSZZ,21,0.995,0.05,0.0788776190876801,0.5717058226547082,0.0636900807933008
commons-io,AGSZZ,21,0.995,0.1,0.0879435541697788,0.5799374215321509,0.0636900807933008
commons-io,AGSZZ,21,0.995,0.25,0.09660960160296954,0.5912377689114269,0.0636900807933008
commons-io,AGSZZ,21,0.999,0.0,0.07308018844181677,0.5571844615620284,0.09219187922679128
commons-io,AGSZZ,21,0.999,0.05,0.07598173226497894,0.5655918206221711,0.09219187922679128
commons-io,AGSZZ,21,0.999,0.1,0.0845177909704612,0.5730637684929983,0.09219187922679128
commons-io,AGSZZ,21,0.999,0.25,0.09737735056934674,0.5862963793766363,0.09219187922679128
commons-io,AGSZZ,42,0.9,0.0,0.07167793875537908,0.4516172839005217,-0.000386813917024135
commons-io,AGSZZ,42,0.9,0.05,0.0720594142044658,0.45251835380111344,-0.000386813917024135
commons-io,AGSZZ,42,0.9,0.1,0.07831355162854838,0.46055242726381385,-0.000386813917024135
commons-io,AGSZZ,42,0.9,0.25,0.06396116405282128,0.4358372914708827,-0.000386813917024135
commons-io,AGSZZ,42,0.95,0.0,0.07603905396131892,0.48323066308608575,-0.0065676500856507595
commons-io,AGSZZ,42,0.95,0.05,0.07782491032985486,0.486349665195005,-0.0065676500856507595
commons-io,AGSZZ,42,0.95,0.1,0.0829010710515344,0.4905612820136173,-0.0065676500856507595
commons-io,AGSZZ,42,0.95,0.25,0.07115191491291316,0.4727698471951643,-0.0065676500856507595
commons-io,AGSZZ,42,0.99,0.0,0.08016256025888117,0.5582068761802127,0.006000240822812082
commons-io,AGSZZ,42,0.99,0.05,0.08328009461534255,0.5663960885838664,0.006000240822812082
commons-io,AGSZZ,42,0.99,0.1,0.08802576944410312,0.5709345437097111,0.006000240822812082
commons-io,AGSZZ,42,0.99,0.25,0.0902010220000196,0.5765866467275278,0.006000240822812082
commons-io,AGSZZ,42,0.995,0.0,0.08424381899191409,0.5692430111210061,0.051495149247586094
commons-io,AGSZZ,42,0.995,0.05,0.08768530153628949,0.5781735013459177,0.051495149247586094
commons-io,AGSZZ,42,0.995,0.1,0.09269950407851107,0.5830962999298663,0.051495149247586094
commons-io,AGSZZ,42,0.995,0.25,0.09948450982414132,0.5934269424215578,0.051495149247586094
commons-io,AGSZZ,42,0.999,0.0,0.0847305643495863,0.5667962839151933,0.09779324803591294
commons-io,AGSZZ,42,0.999,0.05,0.08827713402107429,0.5757276110118476,0.09779324803591294
commons-io,AGSZZ,42,0.999,0.1,0.09334961630376383,0.580358161410224,0.09779324803591294
commons-io,AGSZZ,42,0.999,0.25,0.10337029512111953,0.5920353986635988,0.09779324803591294
commons-io,AGSZZ,77,0.9,0.0,0.05141191899069735,0.43015170899840327,-0.00039316845089812797
commons-io,AGSZZ,77,0.9,0.05,0.05123427761769414,0.430496096924183,-0.00039316845089812797
commons-io,AGSZZ,77,0.9,0.1,0.05456300481785669,0.43655088926099367,-0.00039316845089812797
commons-io,AGSZZ,77,0.9,0.25,0.06889719574076239,0.4396707023345498,-0.00039316845089812797
commons-io,AGSZZ,77,0.95,0.0,0.05537786815237043,0.46605800009182724,-0.006263809623469371
commons-io,AGSZZ,77,0.95,0.05,0.05651791595963645,0.46867766408605,-0.006263809623469371
commons-io,AGSZZ,77,0.95,0.1,0.059450795514117596,0.4732996471028719,-0.006263809623469371
commons-io,AGSZZ,77,0.95,0.25,0.07846349251480414,0.4809580211016765,-0.006263809623469371
commons-io,AGSZZ,77,0.99,0.0,0.05431712203873391,0.5406989961119968,0.02000206440476858
commons-io,AGSZZ,77,0.99,0.05,0.05641222594595671,0.548198269334861,0.02000206440476858
commons-io,AGSZZ,77,0.99,0.1,0.05941238298329884,0.5525459605505433,0.02000206440476858
commons-io,AGSZZ,77,0.99,0.25,0.08546866226368564,0.5770989444866337,0.02000206440476858
commons-io,AGSZZ,77,0.995,0.0,0.050830180483287704,0.5421153646790852,0.059353500373471
commons-io,AGSZZ,77,0.995,0.05,0.05283541837074551,0.5498306794998955,0.059353500373471
commons-io,AGSZZ,77,0.995,0.1,0.05576603766255421,0.5538223115737173,0.059353500373471
commons-io,AGSZZ,77,0.995,0.25,0.08131459800055972,0.5785677220931342,0.059353500373471
commons-io,AGSZZ,77,0.999,0.0,0.038299099186470044,0.5272303890350815,0.07699925122338258
commons-io,AGSZZ,77,0.999,0.05,0.039712274077118165,0.5342778518282402,0.07699925122338258
commons-io,AGSZZ,77,0.999,0.1,0.042025058190676444,0.5371181343185774,0.07699925122338258
commons-io,AGSZZ,77,0.999,0.25,0.06442737672009638,0.5580061012054364,0.07699925122338258
commons-io,AGSZZ,101,0.9,0.0,0.06676697065359097,0.45236572434264766,-0.0003927602675463053
commons-io,AGSZZ,101,0.9,0.05,0.06689045054341325,0.45330611323420833,-0.0003927602675463053
commons-io,AGSZZ,101,0.9,0.1,0.07830205750409595,0.46118359998591146,-0.0003927602675463053
commons-io,AGSZZ,101,0.9,0.25,0.06353293970300872,0.43413557688191085,-0.0003927602675463053
commons-io,AGSZZ,101,0.95,0.0,0.07532805220948016,0.48776960774951356,-0.006201100585362524
commons-io,AGSZZ,101,0.95,0.05,0.07707655641225132,0.4911270613292306,-0.006201100585362524
commons-io,AGSZZ,101,0.95,0.1,0.08566280671213085,0.4962974378446461,-0.006201100585362524
commons-io,AGSZZ,101,0.95,0.25,0.07539579870885295,0.4782902580938537,-0.006201100585362524
commons-io,AGSZZ,101,0.99,0.0,0.0795630284437414,0.5620095297359509,0.02192165670159995
commons-io,AGSZZ,101,0.99,0.05,0.08264906665876225,0.5703985128793991,0.02192165670159995
commons-io,AGSZZ,101,0.99,0.1,0.0884863218446237,0.5757915202418631,0.02192165670159995
commons-io,AGSZZ,101,0.99,0.25,0.09468855911013283,0.5844017976553951,0.02192165670159995
commons-io,AGSZZ,101,0.995,0.0,0.07973472188087165,0.5670664775803775,0.06245933701377274
commons-io,AGSZZ,101,0.995,0.05,0.08293932098254712,0.5758826245685926,0.06245933701377274
commons-io,AGSZZ,101,0.995,0.1,0.0885745601274953,0.5812249094818472,0.06245933701377274
commons-io,AGSZZ,101,0.995,0.25,0.09899030831308608,0.5937368601435107,0.06245933701377274
commons-io,AGSZZ,101,0.999,0.0,0.07590883855183836,0.5603855502962739,0.09139456016474944
commons-io,AGSZZ,101,0.999,0.05,0.0789919627205875,0.5689800923088005,0.09139456016474944
commons-io,AGSZZ,101,0.999,0.1,0.08426561383586817,0.5737111894653271,0.09139456016474944
commons-io,AGSZZ,101,0.999,0.25,0.0971931616537445,0.5869698981783947,0.09139456016474944
commons-io,AGSZZ,123,0.9,0.0,0.07142210893420657,0.4572634251039171,-0.000403300788227963
commons-io,AGSZZ,123,0.9,0.05,0.07138178037903953,0.4583306814799527,-0.000403300788227963
commons-io,AGSZZ,123,0.9,0.1,0.07247730057825065,0.45866176748925797,-0.000403300788227963
commons-io,AGSZZ,123,0.9,0.25,0.0740569410592364,0.4501394286497374,-0.000403300788227963
commons-io,AGSZZ,123,0.95,0.0,0.08031007646678148,0.4963500813623896,-0.006602447648119287
commons-io,AGSZZ,123,0.95,0.05,0.08066590562422646,0.49894202193593046,-0.006602447648119287
commons-io,AGSZZ,123,0.95,0.1,0.08237399800131225,0.4980787280712133,-0.006602447648119287
commons-io,AGSZZ,123,0.95,0.25,0.08736991905521022,0.49425238552411954,-0.006602447648119287
commons-io,AGSZZ,123,0.99,0.0,0.08722613363472549,0.5710838768269858,0.017513727562781245
commons-io,AGSZZ,123,0.99,0.05,0.08781628599586479,0.5777335659305116,0.017513727562781245
commons-io,AGSZZ,123,0.99,0.1,0.0909516834825364,0.5807063444395928,0.017513727562781245
commons-io,AGSZZ,123,0.99,0.25,0.10335265129612639,0.5935982892411882,0.017513727562781245
commons-io,AGSZZ,123,0.995,0.0,0.08871553553693846,0.576686944111913,0.062045200541246674
commons-io,AGSZZ,123,0.995,0.05,0.08936328500704324,0.5836857079708718,0.062045200541246674
commons-io,AGSZZ,123,0.995,0.1,0.09268725847629763,0.587016640605267,0.062045200541246674
commons-io,AGSZZ,123,0.995,0.25,0.1060839644417728,0.6012152367555093,0.062045200541246674
commons-io,AGSZZ,123,0.999,0.0,0.08456427794057916,0.5685044628796199,0.09706128394966967
commons-io,AGSZZ,123,0.999,0.05,0.08497665639649807,0.5751228989383247,0.09706128394966967
commons-io,AGSZZ,123,0.999,0.1,0.0881102457700129,0.5779968999641126,0.09706128394966967
commons-io,AGSZZ,123,0.999,0.25,0.10090763159983258,0.590291301859197,0.09706128394966967
commons-io,AGSZZ,202,0.9,0.0,0.03937218147801448,0.4078670761483191,-0.0004740667583440727
commons-io,AGSZZ,202,0.9,0.05,0.03674077548101543,0.40606807310106957,-0.0004740667583440727
commons-io,AGSZZ,202,0.9,0.1,0.04050607313337198,0.41071701933362786,-0.0004740667583440727
commons-io,AGSZZ,202,0.9,0.25,0.03654464954621294,0.39047656943228604,-0.0004740667583440727
commons-io,AGSZZ,202,0.95,0.0,0.04523738391801386,0.44848160977294826,-0.007245983509505349
commons-io,AGSZZ,202,0.95,0.05,0.04390809110949118,0.44928061361456934,-0.007245983509505349
commons-io,AGSZZ,202,0.95,0.1,0.046500293882190576,0.4506437953034382,-0.007245983509505349
commons-io,AGSZZ,202,0.95,0.25,0.044618009836227324,0.43735707759235387,-0.007245983509505349
commons-io,AGSZZ,202,0.99,0.0,0.04771317565321488,0.5319081441099159,0.01701686687672347
commons-io,AGSZZ,202,0.99,0.05,0.047377165146265665,0.5381335291294883,0.01701686687672347
commons-io,AGSZZ,202,0.99,0.1,0.049390952679322454,0.5403541738888137,0.01701686687672347
commons-io,AGSZZ,202,0.99,0.25,0.053877930263969843,0.546998550086731,0.01701686687672347
commons-io,AGSZZ,202,0.995,0.0,0.04674316528354225,0.5356588690466602,0.05050091933259162
commons-io,AGSZZ,202,0.995,0.05,0.04642801862521687,0.5422338392070802,0.05050091933259162
commons-io,AGSZZ,202,0.995,0.1,0.048376110388030906,0.5444187619279709,0.05050091933259162
commons-io,AGSZZ,202,0.995,0.25,0.05376918808767546,0.5522205166247663,0.05050091933259162
commons-io,AGSZZ,202,0.999,0.0,0.042311732994224985,0.5293316937296567,0.060003202989378515
commons-io,AGSZZ,202,0.999,0.05,0.04181243081346101,0.5356970684215328,0.060003202989378515
commons-io,AGSZZ,202,0.999,0.1,0.04349515320090649,0.537366694696451,0.060003202989378515
commons-io,AGSZZ,202,0.999,0.25,0.04875163844256352,0.5439419458787546,0.060003202989378515
commons-io,AGSZZ,314,0.9,0.0,0.06824484009791708,0.46367589264036424,-0.00026571674144645305
commons-io,AGSZZ,314,0.9,0.05,0.06805861444009144,0.46597959004570233,-0.00026571674144645305
commons-io,AGSZZ,314,0.9,0.1,0.06813414383129855,0.46606571525547325,-0.00026571674144645305
commons-io,AGSZZ,314,0.9,0.25,0.07036880802745228,0.4602853456983014,-0.00026571674144645305
commons-io,AGSZZ,314,0.95,0.0,0.07555117491659946,0.495058050104946,-0.0048226477510075845
commons-io,AGSZZ,314,0.95,0.05,0.07663025521435038,0.49908854470233005,-0.0048226477510075845
commons-io,AGSZZ,314,0.95,0.1,0.07691508156114514,0.49737264769540535,-0.0048226477510075845
commons-io,AGSZZ,314,0.95,0.25,0.07953699449383418,0.49205234276392235,-0.0048226477510075845
commons-io,AGSZZ,314,0.99,0.0,0.08379908448483529,0.5637522238780053,0.006794545436672704
commons-io,AGSZZ,314,0.99,0.05,0.08597674309041466,0.5720744392009782,0.006794545436672704
commons-io,AGSZZ,314,0.99,0.1,0.08851622999363808,0.5743586308519469,0.006794545436672704
commons-io,AGSZZ,314,0.99,0.25,0.09507565695711283,0.5819464725176288,0.006794545436672704
commons-io,AGSZZ,314,0.995,0.0,0.08788908792825353,0.5745732782140682,0.0532021566787084
commons-io,AGSZZ,314,0.995,0.05,0.09032306531688272,0.5835770785538079,0.0532021566787084
commons-io,AGSZZ,314,0.995,0.1,0.09344679891406339,0.5867102536649433,0.0532021566787084
commons-io,AGSZZ,314,0.995,0.25,0.10170919414832548,0.5968491681696629,0.0532021566787084
commons-io,AGSZZ,314,0.999,0.0,0.08618057940713365,0.5693951782487391,0.09925081632631083
commons-io,AGSZZ,314,0.999,0.05,0.08854874679284834,0.5782197619515933,0.09925081632631083
commons-io,AGSZZ,314,0.999,0.1,0.0918395635678506,0.5812408285834081,0.09925081632631083
commons-io,AGSZZ,314,0.999,0.25,0.10057786672673276,0.5905081511725712,0.09925081632631083
commons-io,AGSZZ,999,0.9,0.0,0.07013941693728316,0.4570275663792236,-0.00047422364705637285
commons-io,AGSZZ,999,0.9,0.05,0.07090479470589844,0.4587829373642421,-0.00047422364705637285
commons-io,AGSZZ,999,0.9,0.1,0.08026430007008652,0.4650391956923416,-0.00047422364705637285
commons-io,AGSZZ,999,0.9,0.25,0.07194079550989413,0.4447658175161635,-0.00047422364705637285
commons-io,AGSZZ,999,0.95,0.0,0.07914346535884788,0.49435441170333966,-0.0072632110768397675
commons-io,AGSZZ,999,0.95,0.05,0.08149255900226661,0.4984412799687134,-0.0072632110768397675
commons-io,AGSZZ,999,0.95,0.1,0.08883133940024125,0.502609105049337,-0.0072632110768397675
commons-io,AGSZZ,999,0.95,0.25,0.08490145275667006,0.49028872440745824,-0.0072632110768397675
commons-io,AGSZZ,999,0.99,0.0,0.08435753691191115,0.5681133857207696,0.016979169451226506
commons-io,AGSZZ,999,0.99,0.05,0.08799145168445249,0.5770306968975161,0.016979169451226506
commons-io,AGSZZ,999,0.99,0.1,0.09360546749218455,0.5822871115235758,0.016979169451226506
commons-io,AGSZZ,999,0.99,0.25,0.10359734314714439,0.5933338527172913,0.016979169451226506
commons-io,AGSZZ,999,0.995,0.0,0.08402264199907421,0.5725461255414254,0.06134521558273672
commons-io,AGSZZ,999,0.995,0.05,0.08773274386647291,0.581838486280256,0.06134521558273672
commons-io,AGSZZ,999,0.995,0.1,0.09322578030728863,0.5871257984590513,0.06134521558273672
commons-io,AGSZZ,999,0.995,0.25,0.10637483186413209,0.601286600470367,0.06134521558273672
commons-io,AGSZZ,999,0.999,0.0,0.07726561072661947,0.562647279443555,0.09455667670700717
commons-io,AGSZZ,999,0.999,0.05,0.08068745731971486,0.5715342780672883,0.09455667670700717
commons-io,AGSZZ,999,0.999,0.1,0.08573154149139846,0.5761097994993227,0.09455667670700717
commons-io,AGSZZ,999,0.999,0.25,0.0999299595504902,0.5898274792728682,0.09455667670700717
commons-io,MASZZ,7,0.9,0.0,0.0609078545539787,0.4363367314373134,-0.00025610137336138153
commons-io,MASZZ,7,0.9,0.05,0.058349030700606055,0.4349925623070999,-0.00025610137336138153
commons-io,MASZZ,7,0.9,0.1,0.06369742743380119,0.44176892220121317,-0.00025610137336138153
commons-io,MASZZ,7,0.9,0.25,0.07055797615119734,0.4366295284475129,-0.00025610137336138153
commons-io,MASZZ,7,0.95,0.0,0.06262968340976545,0.4685563197514067,-0.0040969643915665455
commons-io,MASZZ,7,0.95,0.05,0.061288389748617875,0.46966674901193595,-0.0040969643915665455
commons-io,MASZZ,7,0.95,0.1,0.06498328186910374,0.47231563938937365,-0.0040969643915665455
commons-io,MASZZ,7,0.95,0.25,0.07486468319132904,0.47152984486063715,-0.0040969643915665455
commons-io,MASZZ,7,0.99,0.0,0.05918593915906003,0.5435283873866203,0.02006358029724168
commons-io,MASZZ,7,0.99,0.05,0.058723082380891765,0.5499254645992192,0.02006358029724168
commons-io,MASZZ,7,0.99,0.1,0.060994453768198446,0.5524395143375382,0.02006358029724168
commons-io,MASZZ,7,0.99,0.25,0.07555080887222854,0.5672702948891218,0.02006358029724168
commons-io,MASZZ,7,0.995,0.0,0.05733437189505102,0.5479193738747876,0.06711505029893874
commons-io,MASZZ,7,0.995,0.05,0.05687607883678512,0.5547350002183041,0.06711505029893874
commons-io,MASZZ,7,0.995,0.1,0.05895966355084944,0.5572057689370392,0.06711505029893874
commons-io,MASZZ,7,0.995,0.25,0.07336401233974428,0.5725856401927976,0.06711505029893874
commons-io,MASZZ,7,0.999,0.0,0.045471547569737834,0.533547395964698,0.08606407158889043
commons-io,MASZZ,7,0.999,0.05,0.04446326134739835,0.539758015280324,0.08606407158889043
commons-io,MASZZ,7,0.999,0.1,0.04579353119064928,0.5412160083441387,0.08606407158889043
commons-io,MASZZ,7,0.999,0.25,0.05741692275718655,0.5528251616702664,0.08606407158889043
commons-io,MASZZ,13,0.9,0.0,0.05410231376793943,0.42645911623784505,-0.0003116841969112227
commons-io,MASZZ,13,0.9,0.05,0.05448547188935637,0.4272127012308045,-0.0003116841969112227
commons-io,MASZZ,13,0.9,0.1,0.05867051825332339,0.43537485660814784,-0.0003116841969112227
commons-io,MASZZ,13,0.9,0.25,0.06666498706739925,0.42844073800134036,-0.0003116841969112227
commons-io,MASZZ,13,0.95,0.0,0.057712337240181745,0.46036179082326895,-0.004986993120121856
commons-io,MASZZ,13,0.95,0.05,0.05934459654078116,0.46307113687045415,-0.004986993120121856
commons-io,MASZZ,13,0.95,0.1,0.06332984608044459,0.46896507746534805,-0.004986993120121856
commons-io,MASZZ,13,0.95,0.25,0.07724019182923511,0.4694047730155782,-0.004986993120121856
commons-io,MASZZ,13,0.99,0.0,0.05494892588686319,0.533604979134073,0.008344970420557995
commons-io,MASZZ,13,0.99,0.05,0.0573477427378276,0.5409331159407015,0.008344970420557995
commons-io,MASZZ,13,0.99,0.1,0.061135518024219834,0.5457459825027984,0.008344970420557995
commons-io,MASZZ,13,0.99,0.25,0.08513340745734063,0.5668126011649,0.008344970420557995
commons-io,MASZZ,13,0.995,0.0,0.05364195438778858,0.5425974054858845,0.051935605227544625
commons-io,MASZZ,13,0.995,0.05,0.05605033280664872,0.5505197582929223,0.051935605227544625
commons-io,MASZZ,13,0.995,0.1,0.05986268187149491,0.5553277703737881,0.051935605227544625
commons-io,MASZZ,13,0.995,0.25,0.08470341526586954,0.5789671767091493,0.051935605227544625
commons-io,MASZZ,13,0.999,0.0,0.04136113796104491,0.5302646461989942,0.08459909557711313
commons-io,MASZZ,13,0.999,0.05,0.04317837965174154,0.5376382439822283,0.08459909557711313
commons-io,MASZZ,13,0.999,0.1,0.046360884894981184,0.5413739964590492,0.08459909557711313
commons-io,MASZZ,13,0.999,0.25,0.06881487250098484,0.5623294375535169,0.08459909557711313
commons-io,MASZZ,21,0.9,0.0,0.059857615746209694,0.4492188577398707,-0.0003622884887872791
commons-io,MASZZ,21,0.9,0.05,0.05959901546727885,0.44998925776498366,-0.0003622884887872791
commons-io,MASZZ,21,0.9,0.1,0.07318604628809977,0.4646549644242205,-0.0003622884887872791
commons-io,MASZZ,21,0.9,0.25,0.07010007854036435,0.45498624714228975,-0.0003622884887872791
commons-io,MASZZ,21,0.95,0.0,0.0656730605899165,0.4844258220818726,-0.005340481937137051
commons-io,MASZZ,21,0.95,0.05,0.06688025353152308,0.4875854345325382,-0.005340481937137051
commons-io,MASZZ,21,0.95,0.1,0.07860431917831688,0.4973569076425942,-0.005340481937137051
commons-io,MASZZ,21,0.95,0.25,0.08165055629998327,0.4941494581807422,-0.005340481937137051
commons-io,MASZZ,21,0.99,0.0,0.06744127400184365,0.553889512061808,0.015712567265343338
commons-io,MASZZ,21,0.99,0.05,0.06985601875887751,0.561831083430699,0.015712567265343338
commons-io,MASZZ,21,0.99,0.1,0.0785975131955685,0.5698420155094365,0.015712567265343338
commons-io,MASZZ,21,0.99,0.25,0.09849003832705276,0.5893747540002692,0.015712567265343338
commons-io,MASZZ,21,0.995,0.0,0.06532680279897089,0.5578078718764181,0.0664396940007086
commons-io,MASZZ,21,0.995,0.05,0.06774077599987889,0.5661177595815198,0.0664396940007086
commons-io,MASZZ,21,0.995,0.1,0.07593944115797752,0.5738207389908737,0.0664396940007086
commons-io,MASZZ,21,0.995,0.25,0.09880940375454796,0.5964336564969047,0.0664396940007086
commons-io,MASZZ,21,0.999,0.0,0.05007172206882909,0.5397699904136537,0.10027419229971594
commons-io,MASZZ,21,0.999,0.05,0.051764526183917255,0.5472624878558633,0.10027419229971594
commons-io,MASZZ,21,0.999,0.1,0.0587384645926234,0.5535318255072428,0.10027419229971594
commons-io,MASZZ,21,0.999,0.25,0.08068961511644879,0.573756256701511,0.10027419229971594
commons-io,MASZZ,42,0.9,0.0,0.05940985685378893,0.45275990228939944,-0.0002534848031917209
commons-io,MASZZ,42,0.9,0.05,0.05914683399099488,0.4537209991468263,-0.0002534848031917209
commons-io,MASZZ,42,0.9,0.1,0.07218595643126617,0.46261753645733444,-0.0002534848031917209
commons-io,MASZZ,42,0.9,0.25,0.0874101632634447,0.46252988431881603,-0.0002534848031917209
commons-io,MASZZ,42,0.95,0.0,0.06748871890873642,0.48355814813721126,-0.003868396444233519
commons-io,MASZZ,42,0.95,0.05,0.0688253871685192,0.4866943545299223,-0.003868396444233519
commons-io,MASZZ,42,0.95,0.1,0.07763620478153914,0.4920706917356142,-0.003868396444233519
commons-io,MASZZ,42,0.95,0.25,0.0963298918330706,0.49748407424178825,-0.003868396444233519
commons-io,MASZZ,42,0.99,0.0,0.06656801702544839,0.5528204531043202,0.024992137837463683
commons-io,MASZZ,42,0.99,0.05,0.06897136800466949,0.5607266921297932,0.024992137837463683
commons-io,MASZZ,42,0.99,0.1,0.07417271350597374,0.5657001005773672,0.024992137837463683
commons-io,MASZZ,42,0.99,0.25,0.10026706460924112,0.5897633962334353,0.024992137837463683
commons-io,MASZZ,42,0.995,0.0,0.06346880800885275,0.5564555722444713,0.07761651936396467
commons-io,MASZZ,42,0.995,0.05,0.0658188844462839,0.5647142799661916,0.07761651936396467
commons-io,MASZZ,42,0.995,0.1,0.07060020517357672,0.5695274158618886,0.07761651936396467
commons-io,MASZZ,42,0.995,0.25,0.09673545433814512,0.5946602786606113,0.07761651936396467
commons-io,MASZZ,42,0.999,0.0,0.04642424593859256,0.5366785503030642,0.1016912684043844
commons-io,MASZZ,42,0.999,0.05,0.04795840994240622,0.5440276554495882,0.1016912684043844
commons-io,MASZZ,42,0.999,0.1,0.05158907492546592,0.5474472260943511,0.1016912684043844
commons-io,MASZZ,42,0.999,0.25,0.07404466644467575,0.5680249748757513,0.1016912684043844
commons-io,MASZZ,77,0.9,0.0,0.07802569308580794,0.46967787519047416,-0.00025605876221866024
commons-io,MASZZ,77,0.9,0.05,0.07924619468369994,0.4720987529530723,-0.00025605876221866024
commons-io,MASZZ,77,0.9,0.1,0.08412811183791144,0.4804603073459594,-0.00025605876221866024
commons-io,MASZZ,77,0.9,0.25,0.1029823888675482,0.48931256090143693,-0.00025605876221866024
commons-io,MASZZ,77,0.95,0.0,0.07833063561954202,0.490909240095765,-0.00410671736775751
commons-io,MASZZ,77,0.95,0.05,0.08067649701724933,0.4948344531040193,-0.00410671736775751
commons-io,MASZZ,77,0.95,0.1,0.08494890878990552,0.5009067639165847,-0.00410671736775751
commons-io,MASZZ,77,0.95,0.25,0.10948621384253757,0.5139416620141986,-0.00410671736775751
commons-io,MASZZ,77,0.99,0.0,0.07022415826776338,0.5551413024963571,0.021382960662269728
commons-io,MASZZ,77,0.99,0.05,0.07315493135936837,0.563399295962455,0.021382960662269728
commons-io,MASZZ,77,0.99,0.1,0.0770834290665203,0.5685898456584608,0.021382960662269728
commons-io,MASZZ,77,0.99,0.25,0.10783330766277874,0.5970108131657831,0.021382960662269728
commons-io,MASZZ,77,0.995,0.0,0.06570187629468077,0.5582387042553337,0.0774943122324335
commons-io,MASZZ,77,0.995,0.05,0.06848839221093986,0.5668010516621773,0.0774943122324335
commons-io,MASZZ,77,0.995,0.1,0.0722869293129539,0.5717336479512228,0.0774943122324335
commons-io,MASZZ,77,0.995,0.25,0.10198769969963828,0.6003440355290742,0.0774943122324335
commons-io,MASZZ,77,0.999,0.0,0.04533224862375444,0.5352357301132254,0.10466658925396681
commons-io,MASZZ,77,0.999,0.05,0.047114906941061754,0.542703749995282,0.10466658925396681
commons-io,MASZZ,77,0.999,0.1,0.04983814832431339,0.5460112272283444,0.10466658925396681
commons-io,MASZZ,77,0.999,0.25,0.07431248518516706,0.5686726354429877,0.10466658925396681
commons-io,MASZZ,101,0.9,0.0,0.07431062019532556,0.4531244118979078,-0.0003119568787344974
commons-io,MASZZ,101,0.9,0.05,0.07483040241130347,0.4541046581080397,-0.0003119568787344974
commons-io,MASZZ,101,0.9,0.1,0.08051931288922046,0.46140699205579744,-0.0003119568787344974
commons-io,MASZZ,101,0.9,0.25,0.08571749281692412,0.4580173591099924,-0.0003119568787344974
commons-io,MASZZ,101,0.95,0.0,0.07647957051885201,0.48573160229141676,-0.005055400428638766
commons-io,MASZZ,101,0.95,0.05,0.07828856923188511,0.4889819901466069,-0.005055400428638766
commons-io,MASZZ,101,0.95,0.1,0.0828710240828505,0.4926485607681294,-0.005055400428638766
commons-io,MASZZ,101,0.95,0.25,0.09138973959648804,0.49300394406686743,-0.005055400428638766
commons-io,MASZZ,101,0.99,0.0,0.07209531008108802,0.5556486307481338,0.014552869320156921
commons-io,MASZZ,101,0.99,0.05,0.07478903498120447,0.5637034468479825,0.014552869320156921
commons-io,MASZZ,101,0.99,0.1,0.07880131453455001,0.5678041678164586,0.014552869320156921
commons-io,MASZZ,101,0.99,0.25,0.0938308541416011,0.5838834270020107,0.014552869320156921
commons-io,MASZZ,101,0.995,0.0,0.07075423909234278,0.5611469710192661,0.06490500907717145
commons-io,MASZZ,101,0.995,0.05,0.07348705246227064,0.5696521393217823,0.06490500907717145
commons-io,MASZZ,101,0.995,0.1,0.07748443585013659,0.5738647073727839,0.06490500907717145
commons-io,MASZZ,101,0.995,0.25,0.09349547950479288,0.5915385488789064,0.06490500907717145
commons-io,MASZZ,101,0.999,0.0,0.058814786655550316,0.5461205564059189,0.09780261375526116
commons-io,MASZZ,101,0.999,0.05,0.060999882291499066,0.5539656932094591,0.09780261375526116
commons-io,MASZZ,101,0.999,0.1,0.06435583999344799,0.5571888799577932,0.09780261375526116
commons-io,MASZZ,101,0.999,0.25,0.07860544422942764,0.5717354913167143,0.09780261375526116
commons-io,MASZZ,123,0.9,0.0,0.05343946614306219,0.4275365578452996,-0.0003118140197342885
commons-io,MASZZ,123,0.9,0.05,0.052454427321447936,0.4270421262639701,-0.0003118140197342885
commons-io,MASZZ,123,0.9,0.1,0.05107575074496688,0.4240642834823113,-0.0003118140197342885
commons-io,MASZZ,123,0.9,0.25,0.05589865679127135,0.41516434573251765,-0.0003118140197342885
commons-io,MASZZ,123,0.95,0.0,0.05616841052753355,0.4636194440779768,-0.004968438752896508
commons-io,MASZZ,123,0.95,0.05,0.05525596783379221,0.4644918949508618,-0.004968438752896508
commons-io,MASZZ,123,0.95,0.1,0.05416986646219256,0.4602446870563713,-0.004968438752896508
commons-io,MASZZ,123,0.95,0.25,0.06385157797348402,0.45770949470181926,-0.004968438752896508
commons-io,MASZZ,123,0.99,0.0,0.05793544181109701,0.5431102697767435,0.015459125616176619
commons-io,MASZZ,123,0.99,0.05,0.056986820500395934,0.5482903776803949,0.015459125616176619
commons-io,MASZZ,123,0.99,0.1,0.057452367869938306,0.5487332210033503,0.015459125616176619
commons-io,MASZZ,123,0.99,0.25,0.07206953814717464,0.5619680303650201,0.015459125616176619
commons-io,MASZZ,123,0.995,0.0,0.057223022164432764,0.5483073239940722,0.05800400398516081
commons-io,MASZZ,123,0.995,0.05,0.056216326231557964,0.5538151769343979,0.05800400398516081
commons-io,MASZZ,123,0.995,0.1,0.05682148006104367,0.5546985571196331,0.05800400398516081
commons-io,MASZZ,123,0.995,0.25,0.07040783701472347,0.5679062676862523,0.05800400398516081
commons-io,MASZZ,123,0.999,0.0,0.04807540541023953,0.5363819629059862,0.07500324233539668
commons-io,MASZZ,123,0.999,0.05,0.046570856922168245,0.5413128574914217,0.07500324233539668
commons-io,MASZZ,123,0.999,0.1,0.046760221562859985,0.5416057420608782,0.07500324233539668
commons-io,MASZZ,123,0.999,0.25,0.0570638824074447,0.550895034319736,0.07500324233539668
commons-io,MASZZ,202,0.9,0.0,0.0663225786475548,0.45540381483748277,-0.0002626311159882794
commons-io,MASZZ,202,0.9,0.05,0.06510699996729656,0.4561021335462538,-0.0002626311159882794
commons-io,MASZZ,202,0.9,0.1,0.07588252748715305,0.46334777367739727,-0.0002626311159882794
commons-io,MASZZ,202,0.9,0.25,0.07985584666509812,0.45269173538131213,-0.0002626311159882794
commons-io,MASZZ,202,0.95,0.0,0.07129211807623873,0.4834083902221443,-0.00421533268144133
commons-io,MASZZ,202,0.95,0.05,0.07133159932026796,0.48604225718413785,-0.00421533268144133
commons-io,MASZZ,202,0.95,0.1,0.07896738668888906,0.49017705520753724,-0.00421533268144133
commons-io,MASZZ,202,0.95,0.25,0.08635461680052,0.48596805140020977,-0.00421533268144133
commons-io,MASZZ,202,0.99,0.0,0.06840660012063925,0.5471401006466993,0.013728468669223053
commons-io,MASZZ,202,0.99,0.05,0.06915770960875288,0.5541656898345637,0.013728468669223053
commons-io,MASZZ,202,0.99,0.1,0.07349668353693625,0.557931089456218,0.013728468669223053
commons-io,MASZZ,202,0.99,0.25,0.08923334658582782,0.5723159394861863,0.013728468669223053
commons-io,MASZZ,202,0.995,0.0,0.06899767331644721,0.5565375002703545,0.060647805727060716
commons-io,MASZZ,202,0.995,0.05,0.06985165749487351,0.5642093201816969,0.060647805727060716
commons-io,MASZZ,202,0.995,0.1,0.07397675651706011,0.5681786047446619,0.060647805727060716
commons-io,MASZZ,202,0.995,0.25,0.09123476180831908,0.5852997469166288,0.060647805727060716
commons-io,MASZZ,202,0.999,0.0,0.06034913591935669,0.5468347220211464,0.095467522593596
commons-io,MASZZ,202,0.999,0.05,0.060797420804705626,0.5541196106416997,0.095467522593596
commons-io,MASZZ,202,0.999,0.1,0.06424487585726656,0.5573018393007821,0.095467522593596
commons-io,MASZZ,202,0.999,0.25,0.08037967435122355,0.5725624298366442,0.095467522593596
commons-io,MASZZ,314,0.9,0.0,0.08476976914731901,0.47730756610101127,-0.00025351364537812905
commons-io,MASZZ,314,0.9,0.05,0.08545167340268776,0.48032739750382114,-0.00025351364537812905
commons-io,MASZZ,314,0.9,0.1,0.09505464783066253,0.487222956095426,-0.00025351364537812905
commons-io,MASZZ,314,0.9,0.25,0.09337150456580541,0.4757536129372773,-0.00025351364537812905
commons-io,MASZZ,314,0.95,0.0,0.08760108080925294,0.5012818824732552,-0.003882463854252087
commons-io,MASZZ,314,0.95,0.05,0.08931319763776999,0.5056393433793891,-0.003882463854252087
commons-io,MASZZ,314,0.95,0.1,0.09623589218047714,0.5093012414966986,-0.003882463854252087
commons-io,MASZZ,314,0.95,0.25,0.09985428932670964,0.5028989765954833,-0.003882463854252087
commons-io,MASZZ,314,0.99,0.0,0.08719573103320964,0.5695973346822217,0.025644553637443706
commons-io,MASZZ,314,0.99,0.05,0.08955183097819668,0.5782266203423746,0.025644553637443706
commons-io,MASZZ,314,0.99,0.1,0.09474417617267879,0.583038482870953,0.025644553637443706
commons-io,MASZZ,314,0.99,0.25,0.10895732134856449,0.5970616904429445,0.025644553637443706
commons-io,MASZZ,314,0.995,0.0,0.08802898386948511,0.5765306387978915,0.08061907358153692
commons-io,MASZZ,314,0.995,0.05,0.09047031063014216,0.5856372682189932,0.08061907358153692
commons-io,MASZZ,314,0.995,0.1,0.09563847196336693,0.5906761658431331,0.08061907358153692
commons-io,MASZZ,314,0.995,0.25,0.11193724294576556,0.6074135962923383,0.08061907358153692
commons-io,MASZZ,314,0.999,0.0,0.07948422642540463,0.5642372280189529,0.11620550381965251
commons-io,MASZZ,314,0.999,0.05,0.0815006038388073,0.5727908410645741,0.11620550381965251
commons-io,MASZZ,314,0.999,0.1,0.0861286831958407,0.577010237565396,0.11620550381965251
commons-io,MASZZ,314,0.999,0.25,0.10193079621985834,0.5918992683493366,0.11620550381965251
commons-io,MASZZ,999,0.9,0.0,0.06888400288822984,0.4605126091631066,-0.0002644099813154637
commons-io,MASZZ,999,0.9,0.05,0.0695834280293833,0.4624510653450665,-0.0002644099813154637
commons-io,MASZZ,999,0.9,0.1,0.08061915543375557,0.47041137551617784,-0.0002644099813154637
commons-io,MASZZ,999,0.9,0.25,0.08270316124987996,0.4601864684071669,-0.0002644099813154637
commons-io,MASZZ,999,0.95,0.0,0.0749065285891869,0.48873174647405027,-0.0047479336449462095
commons-io,MASZZ,999,0.95,0.05,0.07703303661429164,0.4925232304831386,-0.0047479336449462095
commons-io,MASZZ,999,0.95,0.1,0.08525332335620882,0.49745553622437017,-0.0047479336449462095
commons-io,MASZZ,999,0.95,0.25,0.09161251889729485,0.4932947217699582,-0.0047479336449462095
commons-io,MASZZ,999,0.99,0.0,0.07557518398077369,0.5585017228107095,0.01096550609705166
commons-io,MASZZ,999,0.99,0.05,0.07874772168688661,0.5669140894843469,0.01096550609705166
commons-io,MASZZ,999,0.99,0.1,0.08439662973670094,0.5721430517312497,0.01096550609705166
commons-io,MASZZ,999,0.99,0.25,0.1019451512384908,0.5894117987074068,0.01096550609705166
commons-io,MASZZ,999,0.995,0.0,0.0754173244513153,0.565328001292874,0.061504512940629696
commons-io,MASZZ,999,0.995,0.05,0.0786753497286474,0.5742411610343154,0.061504512940629696
commons-io,MASZZ,999,0.995,0.1,0.08415328191592958,0.579564911236604,0.061504512940629696
commons-io,MASZZ,999,0.995,0.25,0.1036351070246009,0.5994946648616003,0.061504512940629696
commons-io,MASZZ,999,0.999,0.0,0.06514252231122086,0.5519117720418328,0.10070611495981807
commons-io,MASZZ,999,0.999,0.05,0.06792748776175614,0.5602347854840932,0.10070611495981807
commons-io,MASZZ,999,0.999,0.1,0.07270533291638766,0.5645837812952004,0.10070611495981807
commons-io,MASZZ,999,0.999,0.25,0.09126074039230539,0.582267192822966,0.10070611495981807
commons-io,LSZZ,7,0.9,0.0,0.0714358067776497,0.3671243333518601,-0.0011012324013351658
commons-io,LSZZ,7,0.9,0.05,0.07692408102913056,0.37275274119819224,-0.0011012324013351658
commons-io,LSZZ,7,0.9,0.1,0.07334048979948468,0.3639544318694716,-0.0011012324013351658
commons-io,LSZZ,7,0.9,0.25,0.04978924846921571,0.3213142003018147,-0.0011012324013351658
commons-io,LSZZ,7,0.95,0.0,0.07039419404083905,0.41107671474651536,-0.012841455062597195
commons-io,LSZZ,7,0.95,0.05,0.07477534961077803,0.41649165683482736,-0.012841455062597195
commons-io,LSZZ,7,0.95,0.1,0.07220479906161213,0.4088616579322742,-0.012841455062597195
commons-io,LSZZ,7,0.95,0.25,0.05222910948727917,0.3719608631583506,-0.012841455062597195
commons-io,LSZZ,7,0.99,0.0,0.07387281420941437,0.5293639795822658,-0.03823159416071873
commons-io,LSZZ,7,0.99,0.05,0.07720573957988537,0.539339705915616,-0.03823159416071873
commons-io,LSZZ,7,0.99,0.1,0.07859362120032742,0.5420837368163649,-0.03823159416071873
commons-io,LSZZ,7,0.99,0.25,0.07352793176222018,0.5344769629640577,-0.03823159416071873
commons-io,LSZZ,7,0.995,0.0,0.08325115176514936,0.5567490719129987,-0.0003610086677207295
commons-io,LSZZ,7,0.995,0.05,0.08691363136225769,0.5680141746703375,-0.0003610086677207295
commons-io,LSZZ,7,0.995,0.1,0.08935243013332553,0.5729891348821384,-0.0003610086677207295
commons-io,LSZZ,7,0.995,0.25,0.08963516279328348,0.5739125486757723,-0.0003610086677207295
commons-io,LSZZ,7,0.999,0.0,0.09010684708893141,0.5635935461780157,0.06565605955639388
commons-io,LSZZ,7,0.999,0.05,0.09399906385528013,0.575109267806026,0.06565605955639388
commons-io,LSZZ,7,0.999,0.1,0.09720088636120236,0.5809667002212136,0.06565605955639388
commons-io,LSZZ,7,0.999,0.25,0.10181482206883226,0.5860757042919197,0.06565605955639388
commons-io,LSZZ,13,0.9,0.0,0.04970048342425519,0.33789272379178625,-0.0009772028388073744
commons-io,LSZZ,13,0.9,0.05,0.0532536143906641,0.33756678892004494,-0.0009772028388073744
commons-io,LSZZ,13,0.9,0.1,0.05775297929597533,0.33705993634668263,-0.0009772028388073744
commons-io,LSZZ,13,0.9,0.25,0.04679229751573713,0.3024941665672134,-0.0009772028388073744
commons-io,LSZZ,13,0.95,0.0,0.050248357594043946,0.3899819313200022,-0.012095160556945221
commons-io,LSZZ,13,0.95,0.05,0.05406475570904953,0.3918664902408617,-0.012095160556945221
commons-io,LSZZ,13,0.95,0.1,0.058636298962150744,0.3901686115463576,-0.012095160556945221
commons-io,LSZZ,13,0.95,0.25,0.05100044524498689,0.3619101107715565,-0.012095160556945221
commons-io,LSZZ,13,0.99,0.0,0.04754904853338075,0.5110406384371381,-0.030644912745173745
commons-io,LSZZ,13,0.99,0.05,0.05118403334224989,0.5193398001238962,-0.030644912745173745
commons-io,LSZZ,13,0.99,0.1,0.05727543806791056,0.5245206094966419,-0.030644912745173745
commons-io,LSZZ,13,0.99,0.25,0.06176479291002647,0.5250606273352202,-0.030644912745173745
commons-io,LSZZ,13,0.995,0.0,0.051606708793539346,0.5348386464976546,0.01092096971518361
commons-io,LSZZ,13,0.995,0.05,0.05541705358488991,0.5444082433590316,0.01092096971518361
commons-io,LSZZ,13,0.995,0.1,0.0619347865344538,0.5511407367696322,0.01092096971518361
commons-io,LSZZ,13,0.995,0.25,0.07050568846517709,0.5590381532957525,0.01092096971518361
commons-io,LSZZ,13,0.999,0.0,0.047733426231216305,0.5331688690236327,0.060772425547535626
commons-io,LSZZ,13,0.999,0.05,0.05130396760088556,0.542667326902153,0.060772425547535626
commons-io,LSZZ,13,0.999,0.1,0.05771025481094819,0.5494263190712406,0.060772425547535626
commons-io,LSZZ,13,0.999,0.25,0.06814336756636917,0.5591316760573013,0.060772425547535626
commons-io,LSZZ,21,0.9,0.0,0.04582750575079139,0.34707975332554936,-0.0009721715230603517
commons-io,LSZZ,21,0.9,0.05,0.04915751541179783,0.34772741718151806,-0.0009721715230603517
commons-io,LSZZ,21,0.9,0.1,0.0477915892946007,0.33949592473238716,-0.0009721715230603517
commons-io,LSZZ,21,0.9,0.25,0.040537324942717376,0.309719408738316,-0.0009721715230603517
commons-io,LSZZ,21,0.95,0.0,0.045029274893752406,0.3926592152835395,-0.012051230646595275
commons-io,LSZZ,21,0.95,0.05,0.04828190483302635,0.3947119455865498,-0.012051230646595275
commons-io,LSZZ,21,0.95,0.1,0.0472386694071142,0.3866064535517203,-0.012051230646595275
commons-io,LSZZ,21,0.95,0.25,0.04355891794100265,0.3627261527611752,-0.012051230646595275
commons-io,LSZZ,21,0.99,0.0,0.0471239491955699,0.508718556504085,-0.030949966793949173
commons-io,LSZZ,21,0.99,0.05,0.05029550012924302,0.5167373964553384,-0.030949966793949173
commons-io,LSZZ,21,0.99,0.1,0.05216000702239821,0.5171261627550244,-0.030949966793949173
commons-io,LSZZ,21,0.99,0.25,0.058743729700278365,0.5189217900749008,-0.030949966793949173
commons-io,LSZZ,21,0.995,0.0,0.05114051174811668,0.5307455708885571,0.006057755176554008
commons-io,LSZZ,21,0.995,0.05,0.05447660067092786,0.5399334052684068,0.006057755176554008
commons-io,LSZZ,21,0.995,0.1,0.057018265172947134,0.5420777605853021,0.006057755176554008
commons-io,LSZZ,21,0.995,0.25,0.06628549518665126,0.5495546843956842,0.006057755176554008
commons-io,LSZZ,21,0.999,0.0,0.04716368591358545,0.5292597989842617,0.05273307202525396
commons-io,LSZZ,21,0.999,0.05,0.05024954337720984,0.5383814693994509,0.05273307202525396
commons-io,LSZZ,21,0.999,0.1,0.05289048332446971,0.5408249465862395,0.05273307202525396
commons-io,LSZZ,21,0.999,0.25,0.06261840090424108,0.5488279016069546,0.05273307202525396
commons-io,LSZZ,42,0.9,0.0,0.08257911024792304,0.3946156588711542,-0.0011005862974142685
commons-io,LSZZ,42,0.9,0.05,0.08633689146703832,0.39626577455793366,-0.0011005862974142685
commons-io,LSZZ,42,0.9,0.1,0.08215971729591649,0.38576457511632734,-0.0011005862974142685
commons-io,LSZZ,42,0.9,0.25,0.06523049732109783,0.34825320658726705,-0.0011005862974142685
commons-io,LSZZ,42,0.95,0.0,0.0800847383575527,0.4304217534026356,-0.01274280774526395
commons-io,LSZZ,42,0.95,0.05,0.0841127648173692,0.4336651961743631,-0.01274280774526395
commons-io,LSZZ,42,0.95,0.1,0.0798539736665205,0.4230711302620758,-0.01274280774526395
commons-io,LSZZ,42,0.95,0.25,0.06768615503550253,0.39286761990360486,-0.01274280774526395
commons-io,LSZZ,42,0.99,0.0,0.08211881780079523,0.543162337928853,-0.03400393875385132
commons-io,LSZZ,42,0.99,0.05,0.08648829900951509,0.5526407300848075,-0.03400393875385132
commons-io,LSZZ,42,0.99,0.1,0.08590050845733267,0.5519022034833773,-0.03400393875385132
commons-io,LSZZ,42,0.99,0.25,0.08764562011182174,0.5504589568774106,-0.03400393875385132
commons-io,LSZZ,42,0.995,0.0,0.09136316141717193,0.5708371275786321,0.010738323110992312
commons-io,LSZZ,42,0.995,0.05,0.09622239088230958,0.5818213327419731,0.010738323110992312
commons-io,LSZZ,42,0.995,0.1,0.09682412922996685,0.5834555454227917,0.010738323110992312
commons-io,LSZZ,42,0.995,0.25,0.10285410249703629,0.5895352122459708,0.010738323110992312
commons-io,LSZZ,42,0.999,0.0,0.0967019070825568,0.5758341227438385,0.07919766023093536
commons-io,LSZZ,42,0.999,0.05,0.10183959018855655,0.5871222745629701,0.07919766023093536
commons-io,LSZZ,42,0.999,0.1,0.1032688159802402,0.5896671916394584,0.07919766023093536
commons-io,LSZZ,42,0.999,0.25,0.11216273762931665,0.5982347560424403,0.07919766023093536
commons-io,LSZZ,77,0.9,0.0,0.08511014241875636,0.41650366176117226,-0.0011281542061331484
commons-io,LSZZ,77,0.9,0.05,0.088105864505832,0.41867531210956915,-0.0011281542061331484
commons-io,LSZZ,77,0.9,0.1,0.0813713989559551,0.4081918647947405,-0.0011281542061331484
commons-io,LSZZ,77,0.9,0.25,0.08262627608408196,0.39795085772226585,-0.0011281542061331484
commons-io,LSZZ,77,0.95,0.0,0.08854356499830324,0.4689164582030837,-0.013772770467910296
commons-io,LSZZ,77,0.95,0.05,0.09268665139908767,0.4739479473441247,-0.013772770467910296
commons-io,LSZZ,77,0.95,0.1,0.08587986883097748,0.4639280465465604,-0.013772770467910296
commons-io,LSZZ,77,0.95,0.25,0.08891190745995758,0.4568237520664724,-0.013772770467910296
commons-io,LSZZ,77,0.99,0.0,0.09096439479634527,0.5601746007770173,-0.024895867913885653
commons-io,LSZZ,77,0.99,0.05,0.09575341970459061,0.570506402432568,-0.024895867913885653
commons-io,LSZZ,77,0.99,0.1,0.09306440877689347,0.5693804865045435,-0.024895867913885653
commons-io,LSZZ,77,0.99,0.25,0.09845486861340602,0.5737009416994684,-0.024895867913885653
commons-io,LSZZ,77,0.995,0.0,0.09613296763079712,0.5774370131982103,0.02462605323222985
commons-io,LSZZ,77,0.995,0.05,0.10121992024833311,0.5887413278392912,0.02462605323222985
commons-io,LSZZ,77,0.995,0.1,0.09962843337320891,0.5894879554099951,0.02462605323222985
commons-io,LSZZ,77,0.995,0.25,0.10602181283597124,0.596883701939549,0.02462605323222985
commons-io,LSZZ,77,0.999,0.0,0.09496518967491624,0.5732988606948443,0.08472811108208267
commons-io,LSZZ,77,0.999,0.05,0.1000045909480515,0.5844366535936437,0.08472811108208267
commons-io,LSZZ,77,0.999,0.1,0.09899216631110169,0.5856545426663055,0.08472811108208267
commons-io,LSZZ,77,0.999,0.25,0.10500701970067738,0.5919757093649297,0.08472811108208267
commons-io,LSZZ,101,0.9,0.0,0.04005690011741056,0.3363403027749616,-0.0010910805093963776
commons-io,LSZZ,101,0.9,0.05,0.04251848763754441,0.33542657938843623,-0.0010910805093963776
commons-io,LSZZ,101,0.9,0.1,0.049088741548672404,0.33303735501989784,-0.0010910805093963776
commons-io,LSZZ,101,0.9,0.25,0.05043134631667378,0.32183768139397645,-0.0010910805093963776
commons-io,LSZZ,101,0.95,0.0,0.037488621217277675,0.377869223300304,-0.013050068726197166
commons-io,LSZZ,101,0.95,0.05,0.04008631534845571,0.37878670846535484,-0.013050068726197166
commons-io,LSZZ,101,0.95,0.1,0.044369826838310984,0.3752273974184073,-0.013050068726197166
commons-io,LSZZ,101,0.95,0.25,0.05382007361430108,0.3708253504545955,-0.013050068726197166
commons-io,LSZZ,101,0.99,0.0,0.034939227250759076,0.4937837147405251,-0.032579078174548595
commons-io,LSZZ,101,0.99,0.05,0.03743090386348391,0.5009489430055936,-0.032579078174548595
commons-io,LSZZ,101,0.99,0.1,0.03950972438678527,0.5020084042241527,-0.032579078174548595
commons-io,LSZZ,101,0.99,0.25,0.06303917094433138,0.5225820715309833,-0.032579078174548595
commons-io,LSZZ,101,0.995,0.0,0.0352938319942991,0.5128847638234506,0.0057541457646068115
commons-io,LSZZ,101,0.995,0.05,0.037777671064323434,0.5210849091065202,0.0057541457646068115
commons-io,LSZZ,101,0.995,0.1,0.03976374923537448,0.5232438893826409,0.0057541457646068115
commons-io,LSZZ,101,0.995,0.25,0.06456908758115598,0.5479667368304227,0.0057541457646068115
commons-io,LSZZ,101,0.999,0.0,0.022820895484588936,0.5018180361417814,0.04389895045528118
commons-io,LSZZ,101,0.999,0.05,0.02462266412568351,0.5094621538321455,0.04389895045528118
commons-io,LSZZ,101,0.999,0.1,0.025824029162767586,0.511019485974435,0.04389895045528118
commons-io,LSZZ,101,0.999,0.25,0.04799740347469679,0.5328635183773335,0.04389895045528118
commons-io,LSZZ,123,0.9,0.0,0.06686149846194904,0.34875239575254624,-0.0008495687592194544
commons-io,LSZZ,123,0.9,0.05,0.07344645162312764,0.3538681589569164,-0.0008495687592194544
commons-io,LSZZ,123,0.9,0.1,0.06799859753825417,0.34345286104666184,-0.0008495687592194544
commons-io,LSZZ,123,0.9,0.25,0.03658230482948454,0.2891816029493858,-0.0008495687592194544
commons-io,LSZZ,123,0.95,0.0,0.06502253013432585,0.3955747718969421,-0.011267601484483534
commons-io,LSZZ,123,0.95,0.05,0.07054774846246127,0.4006706136349355,-0.011267601484483534
commons-io,LSZZ,123,0.95,0.1,0.0663258399260078,0.3915896589129803,-0.011267601484483534
commons-io,LSZZ,123,0.95,0.25,0.039619553030446036,0.3464537046321631,-0.011267601484483534
commons-io,LSZZ,123,0.99,0.0,0.06847281598419265,0.5212176020864518,-0.037737440894493754
commons-io,LSZZ,123,0.99,0.05,0.07302268041657783,0.5312635066795138,-0.037737440894493754
commons-io,LSZZ,123,0.99,0.1,0.07353069502309996,0.533285911689081,-0.037737440894493754
commons-io,LSZZ,123,0.99,0.25,0.06536300287696023,0.5223067007725809,-0.037737440894493754
commons-io,LSZZ,123,0.995,0.0,0.07825548918423696,0.5486221103463136,-0.0036873972207529227
commons-io,LSZZ,123,0.995,0.05,0.08316287233838587,0.5599553101806531,-0.0036873972207529227
commons-io,LSZZ,123,0.995,0.1,0.08490676517787209,0.5642804404471262,-0.0036873972207529227
commons-io,LSZZ,123,0.995,0.25,0.0829437561228461,0.5623585209031954,-0.0036873972207529227
commons-io,LSZZ,123,0.999,0.0,0.08833179882152419,0.559839647267509,0.05989484043573664
commons-io,LSZZ,123,0.999,0.05,0.09364286937682567,0.5716501280724238,0.05989484043573664
commons-io,LSZZ,123,0.999,0.1,0.09647584805853923,0.577172090028067,0.05989484043573664
commons-io,LSZZ,123,0.999,0.25,0.10015283521912702,0.5808177497359901,0.05989484043573664
commons-io,LSZZ,202,0.9,0.0,0.07325574102987789,0.36872201292291734,-0.0010892378792099402
commons-io,LSZZ,202,0.9,0.05,0.07980503610268924,0.3746195302447863,-0.0010892378792099402
commons-io,LSZZ,202,0.9,0.1,0.07815862853689647,0.36683957886585,-0.0010892378792099402
commons-io,LSZZ,202,0.9,0.25,0.06915652871032675,0.3356077405744096,-0.0010892378792099402
commons-io,LSZZ,202,0.95,0.0,0.07281816421721644,0.4071733401548346,-0.013260424436442975
commons-io,LSZZ,202,0.95,0.05,0.0780580282610821,0.4126203382841273,-0.013260424436442975
commons-io,LSZZ,202,0.95,0.1,0.07794661840701297,0.40605791856147644,-0.013260424436442975
commons-io,LSZZ,202,0.95,0.25,0.0715707866513225,0.37807006565101303,-0.013260424436442975
commons-io,LSZZ,202,0.99,0.0,0.07016990234428103,0.5211228832038428,-0.047785933133145476
commons-io,LSZZ,202,0.99,0.05,0.07381322853977419,0.5308474503064741,-0.047785933133145476
commons-io,LSZZ,202,0.99,0.1,0.07738727202940811,0.5342903924974166,-0.047785933133145476
commons-io,LSZZ,202,0.99,0.25,0.08008923146766177,0.5318806079597804,-0.047785933133145476
commons-io,LSZZ,202,0.995,0.0,0.07816724065192801,0.5530785560250467,-0.010379035726320854
commons-io,LSZZ,202,0.995,0.05,0.08203635683994442,0.5643204816678535,-0.010379035726320854
commons-io,LSZZ,202,0.995,0.1,0.08653116707277822,0.5701967492148862,-0.010379035726320854
commons-io,LSZZ,202,0.995,0.25,0.09341524438332967,0.5766098486977482,-0.010379035726320854
commons-io,LSZZ,202,0.999,0.0,0.08064955251501554,0.5581577071811985,0.06310114620035848
commons-io,LSZZ,202,0.999,0.05,0.0844935434563672,0.5695474706145365,0.06310114620035848
commons-io,LSZZ,202,0.999,0.1,0.08944374221828101,0.5761454933832089,0.06310114620035848
commons-io,LSZZ,202,0.999,0.25,0.09903056592362065,0.5857157915997382,0.06310114620035848
commons-io,LSZZ,314,0.9,0.0,0.06725950048226098,0.38033033949762146,-0.0008251722948637569
commons-io,LSZZ,314,0.9,0.05,0.06829784467373136,0.38042734352834423,-0.0008251722948637569
commons-io,LSZZ,314,0.9,0.1,0.058023718596874836,0.3659459301306287,-0.0008251722948637569
commons-io,LSZZ,314,0.9,0.25,0.05382725055317696,0.33923786611453355,-0.0008251722948637569
commons-io,LSZZ,314,0.95,0.0,0.06856428436873649,0.4365180592862475,-0.011464105537627722
commons-io,LSZZ,314,0.95,0.05,0.07013074691343488,0.4394350160526512,-0.011464105537627722
commons-io,LSZZ,314,0.95,0.1,0.06023711218587908,0.4263661599011319,-0.011464105537627722
commons-io,LSZZ,314,0.95,0.25,0.05795694387329387,0.4076096590404348,-0.011464105537627722
commons-io,LSZZ,314,0.99,0.0,0.07190558158370422,0.5275506441307184,-0.027747739952197602
commons-io,LSZZ,314,0.99,0.05,0.07378471228467039,0.5356137319386294,-0.027747739952197602
commons-io,LSZZ,314,0.99,0.1,0.06871884840875357,0.5319881684459467,-0.027747739952197602
commons-io,LSZZ,314,0.99,0.25,0.06930678155788318,0.5290187749761098,-0.027747739952197602
commons-io,LSZZ,314,0.995,0.0,0.08122561442225308,0.5526091379469078,0.006847938830490073
commons-io,LSZZ,314,0.995,0.05,0.08357548952332468,0.5620421445938196,0.006847938830490073
commons-io,LSZZ,314,0.995,0.1,0.07988178519566083,0.5607806793519747,0.006847938830490073
commons-io,LSZZ,314,0.995,0.25,0.08203747400773288,0.5628496918037338,0.006847938830490073
commons-io,LSZZ,314,0.999,0.0,0.09034725604861223,0.5624456297459058,0.06682761879635604
commons-io,LSZZ,314,0.999,0.05,0.09315440014401719,0.5724375174954147,0.06682761879635604
commons-io,LSZZ,314,0.999,0.1,0.0906500761339656,0.5724831804675419,0.06682761879635604
commons-io,LSZZ,314,0.999,0.25,0.09427616326741099,0.5765895169129164,0.06682761879635604
commons-io,LSZZ,999,0.9,0.0,0.07381944513035418,0.3696072397057326,-0.001099133525927089
commons-io,LSZZ,999,0.9,0.05,0.08112034372339831,0.37584316855588346,-0.001099133525927089
commons-io,LSZZ,999,0.9,0.1,0.07712568516917792,0.3670984580459737,-0.001099133525927089
commons-io,LSZZ,999,0.9,0.25,0.052193774702395404,0.3208204311816671,-0.001099133525927089
commons-io,LSZZ,999,0.95,0.0,0.07249489366125976,0.41095103793183496,-0.012723568671834589
commons-io,LSZZ,999,0.95,0.05,0.07886698364045792,0.41691370457575977,-0.012723568671834589
commons-io,LSZZ,999,0.95,0.1,0.07587485211514351,0.40908265343841316,-0.012723568671834589
commons-io,LSZZ,999,0.95,0.25,0.05398812988634108,0.36916988507398873,-0.012723568671834589
commons-io,LSZZ,999,0.99,0.0,0.07404897123680641,0.5297625152526038,-0.03684079343329372
commons-io,LSZZ,999,0.99,0.05,0.07949206029529246,0.5403718536449652,-0.03684079343329372
commons-io,LSZZ,999,0.99,0.1,0.08089440136232766,0.5431336567141181,-0.03684079343329372
commons-io,LSZZ,999,0.99,0.25,0.07490803857056264,0.5345063661132903,-0.03684079343329372
commons-io,LSZZ,999,0.995,0.0,0.08434779929234285,0.5594312930063815,0.002023762313175305
commons-io,LSZZ,999,0.995,0.05,0.09019899816858312,0.5714554681553664,0.002023762313175305
commons-io,LSZZ,999,0.995,0.1,0.09284537280493098,0.5766381527465749,0.002023762313175305
commons-io,LSZZ,999,0.995,0.25,0.09307200246124171,0.5775217529499919,0.002023762313175305
commons-io,LSZZ,999,0.999,0.0,0.09400739382781971,0.5699252368203236,0.0699719120695265
commons-io,LSZZ,999,0.999,0.05,0.10025993440139,0.5823956880106478,0.0699719120695265
commons-io,LSZZ,999,0.999,0.1,0.10395615051954514,0.5887228171181537,0.0699719120695265
commons-io,LSZZ,999,0.999,0.25,0.10974878227724527,0.5950172168913354,0.0699719120695265
commons-io,RSZZ,7,0.9,0.0,0.052447219349241285,0.42434823241988556,-0.00045101631985014896
commons-io,RSZZ,7,0.9,0.05,0.04829739931817074,0.42105316612580024,-0.00045101631985014896
commons-io,RSZZ,7,0.9,0.1,0.04350769141499775,0.4218725125553165,-0.00045101631985014896
commons-io,RSZZ,7,0.9,0.25,0.05516658542561861,0.4304683042698349,-0.00045101631985014896
commons-io,RSZZ,7,0.95,0.0,0.05238419804647081,0.4525628697662183,-0.007039254542560782
commons-io,RSZZ,7,0.95,0.05,0.049720917921630005,0.452229564180935,-0.007039254542560782
commons-io,RSZZ,7,0.95,0.1,0.04417510876511668,0.44902182577081956,-0.007039254542560782
commons-io,RSZZ,7,0.95,0.25,0.057346948829135956,0.4557772171843691,-0.007039254542560782
commons-io,RSZZ,7,0.99,0.0,0.045562310005050934,0.521972560713198,-0.0030964982425551848
commons-io,RSZZ,7,0.99,0.05,0.04384073089023764,0.526996550126285,-0.0030964982425551848
commons-io,RSZZ,7,0.99,0.1,0.039589013611838204,0.5239233184623111,-0.0030964982425551848
commons-io,RSZZ,7,0.99,0.25,0.05375704651399037,0.536109244619956,-0.0030964982425551848
commons-io,RSZZ,7,0.995,0.0,0.04770192393676791,0.5355101129864652,0.03877701577068843
commons-io,RSZZ,7,0.995,0.05,0.046215106980744686,0.5414586783310906,0.03877701577068843
commons-io,RSZZ,7,0.995,0.1,0.04245040196166319,0.5391392384282188,0.03877701577068843
commons-io,RSZZ,7,0.995,0.25,0.055805955188472284,0.552393165611575,0.03877701577068843
commons-io,RSZZ,7,0.999,0.0,0.04215540982297033,0.5299824167428587,0.0669189038172286
commons-io,RSZZ,7,0.999,0.05,0.04046481899156613,0.5358080826173183,0.0669189038172286
commons-io,RSZZ,7,0.999,0.1,0.03666472684203036,0.5332354242681377,0.0669189038172286
commons-io,RSZZ,7,0.999,0.25,0.047008651039126784,0.5432808251968086,0.0669189038172286
commons-io,RSZZ,13,0.9,0.0,0.05377162392175466,0.3650706159743612,-0.0006411342615250811
commons-io,RSZZ,13,0.9,0.05,0.051565508143506335,0.35959258534464483,-0.0006411342615250811
commons-io,RSZZ,13,0.9,0.1,0.053626528300921836,0.35797341831944623,-0.0006411342615250811
commons-io,RSZZ,13,0.9,0.25,0.0623950996146063,0.3515618449099729,-0.0006411342615250811
commons-io,RSZZ,13,0.95,0.0,0.052751080658746174,0.403791723768255,-0.008994523972615392
commons-io,RSZZ,13,0.95,0.05,0.05189929757487725,0.4016203158354387,-0.008994523972615392
commons-io,RSZZ,13,0.95,0.1,0.05141970400674674,0.3962648977852063,-0.008994523972615392
commons-io,RSZZ,13,0.95,0.25,0.06221733926772777,0.38980380386961616,-0.008994523972615392
commons-io,RSZZ,13,0.99,0.0,0.052011800699796606,0.5202217505749015,-0.021828812746133446
commons-io,RSZZ,13,0.99,0.05,0.05245878897268052,0.5257547410848503,-0.021828812746133446
commons-io,RSZZ,13,0.99,0.1,0.051126674437250996,0.5239808295413617,-0.021828812746133446
commons-io,RSZZ,13,0.99,0.25,0.06820081773753808,0.5364202729926965,-0.021828812746133446
commons-io,RSZZ,13,0.995,0.0,0.05704172634731125,0.5443560271210786,0.027213839944669548
commons-io,RSZZ,13,0.995,0.05,0.0578909772572374,0.5513614135740874,0.027213839944669548
commons-io,RSZZ,13,0.995,0.1,0.05695052918872916,0.5510038042822091,0.027213839944669548
commons-io,RSZZ,13,0.995,0.25,0.07503495175210681,0.5678559606628004,0.027213839944669548
commons-io,RSZZ,13,0.999,0.0,0.05124243825916629,0.5397601960553754,0.07544285892889227
commons-io,RSZZ,13,0.999,0.05,0.05188910649760319,0.5466856107486272,0.07544285892889227
commons-io,RSZZ,13,0.999,0.1,0.05071526584840082,0.5461429899726951,0.07544285892889227
commons-io,RSZZ,13,0.999,0.25,0.06670705187246039,0.5608574759767099,0.07544285892889227
commons-io,RSZZ,21,0.9,0.0,0.0331890270852212,0.31643926907270437,-0.0009660444485955441
commons-io,RSZZ,21,0.9,0.05,0.030365400235162956,0.30893225492522997,-0.0009660444485955441
commons-io,RSZZ,21,0.9,0.1,0.025454862413820705,0.3061348263304503,-0.0009660444485955441
commons-io,RSZZ,21,0.9,0.25,0.039922612998298114,0.2968374570099926,-0.0009660444485955441
commons-io,RSZZ,21,0.95,0.0,0.03277553016339571,0.3553658774940208,-0.011779617288025625
commons-io,RSZZ,21,0.95,0.05,0.031200933249609444,0.3509556700506885,-0.011779617288025625
commons-io,RSZZ,21,0.95,0.1,0.025785193198559767,0.34422695936195835,-0.011779617288025625
commons-io,RSZZ,21,0.95,0.25,0.04189529928585267,0.33552392236668416,-0.011779617288025625
commons-io,RSZZ,21,0.99,0.0,0.02880840102463653,0.47891627630547046,-0.04196287163307346
commons-io,RSZZ,21,0.99,0.05,0.028234609107167036,0.4824154581525791,-0.04196287163307346
commons-io,RSZZ,21,0.99,0.1,0.02462670607519166,0.47844333666226896,-0.04196287163307346
commons-io,RSZZ,21,0.99,0.25,0.0419496536528443,0.4869999098426545,-0.04196287163307346
commons-io,RSZZ,21,0.995,0.0,0.03493511163689652,0.5160675962471066,-0.006969657463952947
commons-io,RSZZ,21,0.995,0.05,0.03480547626698305,0.5217067091127139,-0.006969657463952947
commons-io,RSZZ,21,0.995,0.1,0.0319616721911456,0.51978218079152,-0.006969657463952947
commons-io,RSZZ,21,0.995,0.25,0.04901283151074576,0.5343289635635943,-0.006969657463952947
commons-io,RSZZ,21,0.999,0.0,0.03230399043744868,0.5216060659743957,0.04824712181541447
commons-io,RSZZ,21,0.999,0.05,0.0321259298605274,0.5276855474620968,0.04824712181541447
commons-io,RSZZ,21,0.999,0.1,0.029451336783041192,0.5260856276114035,0.04824712181541447
commons-io,RSZZ,21,0.999,0.25,0.04382774214736538,0.5396025623035897,0.04824712181541447
commons-io,RSZZ,42,0.9,0.0,0.020321737250391166,0.2869823341395059,-0.0008642961483653438
commons-io,RSZZ,42,0.9,0.05,0.017647445185085757,0.2788467924778829,-0.0008642961483653438
commons-io,RSZZ,42,0.9,0.1,0.011648866677641145,0.27389459011672973,-0.0008642961483653438
commons-io,RSZZ,42,0.9,0.25,0.026381453990846813,0.26424910709385524,-0.0008642961483653438
commons-io,RSZZ,42,0.95,0.0,0.019925333610472672,0.3328514910031607,-0.011094301017065942
commons-io,RSZZ,42,0.95,0.05,0.018638313625954337,0.3280591337254376,-0.011094301017065942
commons-io,RSZZ,42,0.95,0.1,0.012309339551387116,0.31975243927600927,-0.011094301017065942
commons-io,RSZZ,42,0.95,0.25,0.027973956171286136,0.3102764139932819,-0.011094301017065942
commons-io,RSZZ,42,0.99,0.0,0.017402749515613953,0.4635505000454074,-0.04195849397616502
commons-io,RSZZ,42,0.99,0.05,0.017116322339425342,0.4668112109647168,-0.04195849397616502
commons-io,RSZZ,42,0.99,0.1,0.013168789468142794,0.46226178991016303,-0.04195849397616502
commons-io,RSZZ,42,0.99,0.25,0.029851162300140024,0.469557245300871,-0.04195849397616502
commons-io,RSZZ,42,0.995,0.0,0.02170213406139169,0.49892789103543694,-0.01591216022755078
commons-io,RSZZ,42,0.995,0.05,0.021740416975574762,0.5042003744473884,-0.01591216022755078
commons-io,RSZZ,42,0.995,0.1,0.01853830037808181,0.5016607545703704,-0.01591216022755078
commons-io,RSZZ,42,0.995,0.25,0.03458964367079265,0.5143709375602948,-0.01591216022755078
commons-io,RSZZ,42,0.999,0.0,0.019349982152382827,0.5069769085482067,0.028639115638137366
commons-io,RSZZ,42,0.999,0.05,0.019333700760360045,0.5127934592689418,0.028639115638137366
commons-io,RSZZ,42,0.999,0.1,0.01638833323441879,0.510769880671666,0.028639115638137366
commons-io,RSZZ,42,0.999,0.25,0.029897772585287353,0.5229440653380557,0.028639115638137366
commons-io,RSZZ,77,0.9,0.0,0.04062911806840385,0.32979824195342194,-0.0007710802037532924
commons-io,RSZZ,77,0.9,0.05,0.03855573222992588,0.3233382670478477,-0.0007710802037532924
commons-io,RSZZ,77,0.9,0.1,0.0374355350704113,0.31751693621111426,-0.0007710802037532924
commons-io,RSZZ,77,0.9,0.25,0.035183217378842,0.29582960329625546,-0.0007710802037532924
commons-io,RSZZ,77,0.95,0.0,0.03916060921051547,0.37204238403490547,-0.009897309559162822
commons-io,RSZZ,77,0.95,0.05,0.03840326558586537,0.3688677014089832,-0.009897309559162822
commons-io,RSZZ,77,0.95,0.1,0.03544989037528694,0.35985204135048415,-0.009897309559162822
commons-io,RSZZ,77,0.95,0.25,0.036500134193053035,0.340482159306664,-0.009897309559162822
commons-io,RSZZ,77,0.99,0.0,0.03964593570834457,0.49535698730628336,-0.030945900308895567
commons-io,RSZZ,77,0.99,0.05,0.04011558428421094,0.5000027510374235,-0.030945900308895567
commons-io,RSZZ,77,0.99,0.1,0.037348745844812736,0.49610218834652475,-0.030945900308895567
commons-io,RSZZ,77,0.99,0.25,0.0469461019046967,0.4989709271028404,-0.030945900308895567
commons-io,RSZZ,77,0.995,0.0,0.04965897182134806,0.5306180346911001,0.005475156920307737
commons-io,RSZZ,77,0.995,0.05,0.050767846187537775,0.537289944476697,0.005475156920307737
commons-io,RSZZ,77,0.995,0.1,0.04883176987513341,0.5356177200065787,0.005475156920307737
commons-io,RSZZ,77,0.995,0.25,0.06115101979434836,0.5458605072741456,0.005475156920307737
commons-io,RSZZ,77,0.999,0.0,0.05627796421400042,0.5427252408166143,0.06151076287871934
commons-io,RSZZ,77,0.999,0.05,0.0578158554765552,0.5501706064162675,0.06151076287871934
commons-io,RSZZ,77,0.999,0.1,0.056491449023951826,0.5494105929605475,0.06151076287871934
commons-io,RSZZ,77,0.999,0.25,0.07007815771806777,0.5617155111435235,0.06151076287871934
commons-io,RSZZ,101,0.9,0.0,0.046544446641892126,0.34458282551886454,-0.0009731523260450802
commons-io,RSZZ,101,0.9,0.05,0.04384755770558397,0.3379841219993937,-0.0009731523260450802
commons-io,RSZZ,101,0.9,0.1,0.03891721470420889,0.3358854668385718,-0.0009731523260450802
commons-io,RSZZ,101,0.9,0.25,0.025375004385786566,0.31011611204205586,-0.0009731523260450802
commons-io,RSZZ,101,0.95,0.0,0.04614544546108036,0.40391138701825935,-0.012153574881975913
commons-io,RSZZ,101,0.95,0.05,0.044919552897668136,0.40173398482218287,-0.012153574881975913
commons-io,RSZZ,101,0.95,0.1,0.03937494076118398,0.39661761051330463,-0.012153574881975913
commons-io,RSZZ,101,0.95,0.25,0.030202823513129418,0.37798616467957336,-0.012153574881975913
commons-io,RSZZ,101,0.99,0.0,0.046795192615235674,0.5070775234584792,-0.03410549104117517
commons-io,RSZZ,101,0.99,0.05,0.04697136728699816,0.5119231046519017,-0.03410549104117517
commons-io,RSZZ,101,0.99,0.1,0.04343953551407712,0.508623157747449,-0.03410549104117517
commons-io,RSZZ,101,0.99,0.25,0.04839630456179245,0.5103327590570376,-0.03410549104117517
commons-io,RSZZ,101,0.995,0.0,0.05600526414015699,0.5358121095743287,-0.0020940454968265045
commons-io,RSZZ,101,0.995,0.05,0.05680521926829357,0.5423725901941524,-0.0020940454968265045
commons-io,RSZZ,101,0.995,0.1,0.054230836280732476,0.5407049102768361,-0.0020940454968265045
commons-io,RSZZ,101,0.995,0.25,0.06290028487009515,0.5490808149208002,-0.0020940454968265045
commons-io,RSZZ,101,0.999,0.0,0.06462286713110464,0.54858678124124,0.057095379538302786
commons-io,RSZZ,101,0.999,0.05,0.06597890541771488,0.5559803425927415,0.057095379538302786
commons-io,RSZZ,101,0.999,0.1,0.06424694501340786,0.5551241184054639,0.057095379538302786
commons-io,RSZZ,101,0.999,0.25,0.07547602023839499,0.5662215236799739,0.057095379538302786
commons-io,RSZZ,123,0.9,0.0,0.05412909053615873,0.3836074540446936,-0.00097534309783261
commons-io,RSZZ,123,0.9,0.05,0.05284400142669752,0.38001320355304286,-0.00097534309783261
commons-io,RSZZ,123,0.9,0.1,0.05103688376277704,0.3710816024730117,-0.00097534309783261
commons-io,RSZZ,123,0.9,0.25,0.04728345462061647,0.3473521139083456,-0.00097534309783261
commons-io,RSZZ,123,0.95,0.0,0.056014532253499956,0.43619231312608525,-0.011304106058008512
commons-io,RSZZ,123,0.95,0.05,0.056391229677076576,0.43659620410958355,-0.011304106058008512
commons-io,RSZZ,123,0.95,0.1,0.0527788665651392,0.4274196316739705,-0.011304106058008512
commons-io,RSZZ,123,0.95,0.25,0.05443894198270178,0.41487608511797025,-0.011304106058008512
commons-io,RSZZ,123,0.99,0.0,0.060468432356783834,0.5335661494516776,-0.01457273105945835
commons-io,RSZZ,123,0.99,0.05,0.062355466941214514,0.5404972058794261,-0.01457273105945835
commons-io,RSZZ,123,0.99,0.1,0.05938438629096294,0.5374647400299853,-0.01457273105945835
commons-io,RSZZ,123,0.99,0.25,0.06898314121308192,0.5452226901714522,-0.01457273105945835
commons-io,RSZZ,123,0.995,0.0,0.0658115660871255,0.5520080773100253,0.029927357754104544
commons-io,RSZZ,123,0.995,0.05,0.06809258282316312,0.5600802748977181,0.029927357754104544
commons-io,RSZZ,123,0.995,0.1,0.06580252458191718,0.5585557893893661,0.029927357754104544
commons-io,RSZZ,123,0.995,0.25,0.07683977274933616,0.5699450575317857,0.029927357754104544
commons-io,RSZZ,123,0.999,0.0,0.06458005573055171,0.5498055487778734,0.0722202002885811
commons-io,RSZZ,123,0.999,0.05,0.06687567244723913,0.5578965508912955,0.0722202002885811
commons-io,RSZZ,123,0.999,0.1,0.06485880517448094,0.5566414981832625,0.0722202002885811
commons-io,RSZZ,123,0.999,0.25,0.07534790943223581,0.5670149600031814,0.0722202002885811
commons-io,RSZZ,202,0.9,0.0,0.05695977422523175,0.4030391497280975,-0.000514308811325427
commons-io,RSZZ,202,0.9,0.05,0.05419441504367249,0.39996994865839075,-0.000514308811325427
commons-io,RSZZ,202,0.9,0.1,0.05034414540106511,0.4018816601314469,-0.000514308811325427
commons-io,RSZZ,202,0.9,0.25,0.04626267140645041,0.39493910701991214,-0.000514308811325427
commons-io,RSZZ,202,0.95,0.0,0.05996032643471494,0.44684113169955997,-0.007172918028742924
commons-io,RSZZ,202,0.95,0.05,0.05845138711734858,0.44694869027192946,-0.007172918028742924
commons-io,RSZZ,202,0.95,0.1,0.054315336404751946,0.4452136735492002,-0.007172918028742924
commons-io,RSZZ,202,0.95,0.25,0.05340041722118071,0.44047691698601793,-0.007172918028742924
commons-io,RSZZ,202,0.99,0.0,0.054836411801031236,0.5310602034860615,0.009667237383360477
commons-io,RSZZ,202,0.99,0.05,0.053963463044162024,0.5368393328657175,0.009667237383360477
commons-io,RSZZ,202,0.99,0.1,0.05142348150221547,0.5355188223010575,0.009667237383360477
commons-io,RSZZ,202,0.99,0.25,0.06047984098608126,0.5444877305227589,0.009667237383360477
commons-io,RSZZ,202,0.995,0.0,0.05618798012768159,0.5427434626608088,0.04639407984758348
commons-io,RSZZ,202,0.995,0.05,0.05546070717747159,0.5493056718265175,0.04639407984758348
commons-io,RSZZ,202,0.995,0.1,0.05335715218989044,0.5485263726309002,0.04639407984758348
commons-io,RSZZ,202,0.995,0.25,0.06384825665149389,0.5599540565186386,0.04639407984758348
commons-io,RSZZ,202,0.999,0.0,0.05187702384615763,0.5381588252719887,0.07081062783900621
commons-io,RSZZ,202,0.999,0.05,0.05097389103084939,0.5446153336838105,0.07081062783900621
commons-io,RSZZ,202,0.999,0.1,0.04889491001689845,0.5435516830157825,0.07081062783900621
commons-io,RSZZ,202,0.999,0.25,0.0586285825269659,0.5535210129714443,0.07081062783900621
commons-io,RSZZ,314,0.9,0.0,0.06565182317252424,0.3902306600627527,-0.0009747655498227941
commons-io,RSZZ,314,0.9,0.05,0.061920318535425484,0.3849621291351989,-0.0009747655498227941
commons-io,RSZZ,314,0.9,0.1,0.05801199686778913,0.38548883429944286,-0.0009747655498227941
commons-io,RSZZ,314,0.9,0.25,0.061793341483463084,0.371387142613942,-0.0009747655498227941
commons-io,RSZZ,314,0.95,0.0,0.06567921958751465,0.44113234236057636,-0.01229669255263575
commons-io,RSZZ,314,0.95,0.05,0.0633856891473191,0.44000467486282985,-0.01229669255263575
commons-io,RSZZ,314,0.95,0.1,0.05861342063088185,0.4367007445760033,-0.01229669255263575
commons-io,RSZZ,314,0.95,0.25,0.06736229121677458,0.4319126386379171,-0.01229669255263575
commons-io,RSZZ,314,0.99,0.0,0.06211412819545131,0.5295012717975981,-0.03015191148259111
commons-io,RSZZ,314,0.99,0.05,0.060907073112216305,0.5347468812356032,-0.03015191148259111
commons-io,RSZZ,314,0.99,0.1,0.05738746238155529,0.5319952195120994,-0.03015191148259111
commons-io,RSZZ,314,0.99,0.25,0.07169493078118248,0.5430147904619456,-0.03015191148259111
commons-io,RSZZ,314,0.995,0.0,0.06725756137203338,0.550408471136459,0.009690755554235268
commons-io,RSZZ,314,0.995,0.05,0.06644311899682917,0.5569709747394503,0.009690755554235268
commons-io,RSZZ,314,0.995,0.1,0.06354625576293574,0.5553565982878335,0.009690755554235268
commons-io,RSZZ,314,0.995,0.25,0.07822949319195019,0.5695145532007596,0.009690755554235268
commons-io,RSZZ,314,0.999,0.0,0.06669421951067245,0.5511485342451137,0.06625477498750462
commons-io,RSZZ,314,0.999,0.05,0.06593853102338654,0.5579219139414293,0.06625477498750462
commons-io,RSZZ,314,0.999,0.1,0.06326527272894521,0.5563906323449632,0.06625477498750462
commons-io,RSZZ,314,0.999,0.25,0.0764484056648704,0.5690444817055663,0.06625477498750462
commons-io,RSZZ,999,0.9,0.0,0.0332125523299226,0.35634815269563597,-0.0009695521733067289
commons-io,RSZZ,999,0.9,0.05,0.030654679180956393,0.35139732046027794,-0.0009695521733067289
commons-io,RSZZ,999,0.9,0.1,0.02989186942464135,0.3479843053339436,-0.0009695521733067289
commons-io,RSZZ,999,0.9,0.25,0.023506759336749245,0.32220202566357603,-0.0009695521733067289
commons-io,RSZZ,999,0.95,0.0,0.033248787340038465,0.40921125015955523,-0.012020057710998453
commons-io,RSZZ,999,0.95,0.05,0.031973438466416426,0.40792728861830385,-0.012020057710998453
commons-io,RSZZ,999,0.95,0.1,0.029253629594070126,0.40180669699897276,-0.012020057710998453
commons-io,RSZZ,999,0.95,0.25,0.027623960749855417,0.3858499532215522,-0.012020057710998453
commons-io,RSZZ,999,0.99,0.0,0.031546969511873524,0.5022544090179126,-0.03195897314615685
commons-io,RSZZ,999,0.99,0.05,0.031314185011581716,0.5071311426816781,-0.03195897314615685
commons-io,RSZZ,999,0.99,0.1,0.028373428742391394,0.5039287180050894,-0.03195897314615685
commons-io,RSZZ,999,0.99,0.25,0.036169151403823756,0.5081938950282733,-0.03195897314615685
commons-io,RSZZ,999,0.995,0.0,0.03478258375837248,0.5224011307378293,0.002726814482963981
commons-io,RSZZ,999,0.995,0.05,0.03482840095319194,0.52850796952301,0.002726814482963981
commons-io,RSZZ,999,0.995,0.1,0.03226996069331198,0.526587034673462,0.002726814482963981
commons-io,RSZZ,999,0.995,0.25,0.04131926906690237,0.534988800148826,0.002726814482963981
commons-io,RSZZ,999,0.999,0.0,0.03067647083314369,0.5207857686119292,0.040810928627053364
commons-io,RSZZ,999,0.999,0.05,0.03058510686175872,0.526944548488316,0.040810928627053364
commons-io,RSZZ,999,0.999,0.1,0.027967346556453724,0.5250851439467463,0.040810928627053364
commons-io,RSZZ,999,0.999,0.25,0.03587147932989116,0.5325194817105826,0.040810928627053364
commons-io,RASZZ,7,0.9,0.0,0.08576906391612732,0.4485188989023385,-0.00037402254383847415
commons-io,RASZZ,7,0.9,0.05,0.08483248844324034,0.4483672567735398,-0.00037402254383847415
commons-io,RASZZ,7,0.9,0.1,0.09222509637623011,0.4569051097185875,-0.00037402254383847415
commons-io,RASZZ,7,0.9,0.25,0.07156235224709469,0.4365396576648641,-0.00037402254383847415
commons-io,RASZZ,7,0.95,0.0,0.08879125205913851,0.484421975523712,-0.005795714943259018
commons-io,RASZZ,7,0.95,0.05,0.08905255238285226,0.48674578987476763,-0.005795714943259018
commons-io,RASZZ,7,0.95,0.1,0.09505835291075351,0.4913767046417006,-0.005795714943259018
commons-io,RASZZ,7,0.95,0.25,0.08424323744020061,0.4798180619367135,-0.005795714943259018
commons-io,RASZZ,7,0.99,0.0,0.08673233123154453,0.5665187545765115,0.014159283890868346
commons-io,RASZZ,7,0.99,0.05,0.0877643417655927,0.5742848875107252,0.014159283890868346
commons-io,RASZZ,7,0.99,0.1,0.09252423243389772,0.5790279850292209,0.014159283890868346
commons-io,RASZZ,7,0.99,0.25,0.10626768777813954,0.5938673411584507,0.014159283890868346
commons-io,RASZZ,7,0.995,0.0,0.08643605935453261,0.5736994099908007,0.06790326537376075
commons-io,RASZZ,7,0.995,0.05,0.08752490790247053,0.5820039321677013,0.06790326537376075
commons-io,RASZZ,7,0.995,0.1,0.09217751778304974,0.586806550098039,0.06790326537376075
commons-io,RASZZ,7,0.995,0.25,0.10971807062433464,0.6052621318775386,0.06790326537376075
commons-io,RASZZ,7,0.999,0.0,0.07629295981374574,0.5606348944709311,0.10654724511968468
commons-io,RASZZ,7,0.999,0.05,0.07689786377148189,0.5683824421376639,0.10654724511968468
commons-io,RASZZ,7,0.999,0.1,0.0808835373834191,0.5721951519034455,0.10654724511968468
commons-io,RASZZ,7,0.999,0.25,0.098563792785509,0.5891090541645077,0.10654724511968468
commons-io,RASZZ,13,0.9,0.0,0.08066289367570718,0.4750988129785712,-0.00044508447587292087
commons-io,RASZZ,13,0.9,0.05,0.08103507284640643,0.4767821174338198,-0.00044508447587292087
commons-io,RASZZ,13,0.9,0.1,0.08097858510884176,0.4763094981371659,-0.00044508447587292087
commons-io,RASZZ,13,0.9,0.25,0.059754937822317916,0.4548566790706146,-0.00044508447587292087
commons-io,RASZZ,13,0.95,0.0,0.08559110126516911,0.5024738516358489,-0.006535821347071459
commons-io,RASZZ,13,0.95,0.05,0.08744293022815455,0.506386466158466,-0.006535821347071459
commons-io,RASZZ,13,0.95,0.1,0.08680907441240077,0.5039128930056871,-0.006535821347071459
commons-io,RASZZ,13,0.95,0.25,0.07354436536859259,0.4899337082335872,-0.006535821347071459
commons-io,RASZZ,13,0.99,0.0,0.08999084507261824,0.5717812683627205,0.013233176288328378
commons-io,RASZZ,13,0.99,0.05,0.09314111654752921,0.5804991350924077,0.013233176288328378
commons-io,RASZZ,13,0.99,0.1,0.09350607914310825,0.5811201943479565,0.013233176288328378
commons-io,RASZZ,13,0.99,0.25,0.09586869273168304,0.5862503669774135,0.013233176288328378
commons-io,RASZZ,13,0.995,0.0,0.09317997353094734,0.5803737358783289,0.06627737301951969
commons-io,RASZZ,13,0.995,0.05,0.09659654475144747,0.5897018585877191,0.06627737301951969
commons-io,RASZZ,13,0.995,0.1,0.09743414181520595,0.5910513346210226,0.06627737301951969
commons-io,RASZZ,13,0.995,0.25,0.1027027996063535,0.5988600174900982,0.06627737301951969
commons-io,RASZZ,13,0.999,0.0,0.09121318160394473,0.5742144751033138,0.10586569608658677
commons-io,RASZZ,13,0.999,0.05,0.09459682852757358,0.5833458644420652,0.10586569608658677
commons-io,RASZZ,13,0.999,0.1,0.09556964457332226,0.5845723642410212,0.10586569608658677
commons-io,RASZZ,13,0.999,0.25,0.10194430221818328,0.5916579673042895,0.10586569608658677
commons-io,RASZZ,21,0.9,0.0,0.06819035793008449,0.4750908845282778,-0.0009508436419104843
commons-io,RASZZ,21,0.9,0.05,0.06697390322673336,0.4756662114456843,-0.0009508436419104843
commons-io,RASZZ,21,0.9,0.1,0.07599568642932651,0.4871187987653852,-0.0009508436419104843
commons-io,RASZZ,21,0.9,0.25,0.06716365168439956,0.47971882546297145,-0.0009508436419104843
commons-io,RASZZ,21,0.95,0.0,0.0715795763611244,0.49882671340659324,-0.01138831254866714
commons-io,RASZZ,21,0.95,0.05,0.07189914509967765,0.5018163580940105,-0.01138831254866714
commons-io,RASZZ,21,0.95,0.1,0.0790181790412864,0.5079670570267784,-0.01138831254866714
commons-io,RASZZ,21,0.95,0.25,0.07707482574723432,0.5050598728579239,-0.01138831254866714
commons-io,RASZZ,21,0.99,0.0,0.07343492051902484,0.5643596883032139,0.016040182666625727
commons-io,RASZZ,21,0.99,0.05,0.07512632513458206,0.5722920355046822,0.016040182666625727
commons-io,RASZZ,21,0.99,0.1,0.07980325269845501,0.577337610331191,0.016040182666625727
commons-io,RASZZ,21,0.99,0.25,0.09538187333836248,0.5941899846931272,0.016040182666625727
commons-io,RASZZ,21,0.995,0.0,0.07100230940952458,0.5641512141728097,0.07667871240967172
commons-io,RASZZ,21,0.995,0.05,0.07269552745374666,0.5722681908139037,0.07667871240967172
commons-io,RASZZ,21,0.995,0.1,0.07694873083917847,0.5769990355323089,0.07667871240967172
commons-io,RASZZ,21,0.995,0.25,0.09469074648376306,0.5952709343093412,0.07667871240967172
commons-io,RASZZ,21,0.999,0.0,0.056490502850024486,0.5446454073515272,0.09977863736464912
commons-io,RASZZ,21,0.999,0.05,0.057516773867252576,0.5518924462394297,0.09977863736464912
commons-io,RASZZ,21,0.999,0.1,0.06071176316837085,0.5553050955957765,0.09977863736464912
commons-io,RASZZ,21,0.999,0.25,0.07687419542786084,0.5702389771743587,0.09977863736464912
commons-io,RASZZ,42,0.9,0.0,0.06705535345662278,0.487220154130279,-0.000293487752300307
commons-io,RASZZ,42,0.9,0.05,0.06787825679923991,0.4912867419309381,-0.000293487752300307
commons-io,RASZZ,42,0.9,0.1,0.08400648667394311,0.5056464444964214,-0.000293487752300307
commons-io,RASZZ,42,0.9,0.25,0.09673427152408645,0.5167049254646544,-0.000293487752300307
commons-io,RASZZ,42,0.95,0.0,0.06985505484389647,0.5019776025598415,-0.005144875710439849
commons-io,RASZZ,42,0.95,0.05,0.07182868972122097,0.506878113556905,-0.005144875710439849
commons-io,RASZZ,42,0.95,0.1,0.08602166935623687,0.5174686718622233,-0.005144875710439849
commons-io,RASZZ,42,0.95,0.25,0.10430297798619777,0.5304678735373153,-0.005144875710439849
commons-io,RASZZ,42,0.99,0.0,0.0626519518985469,0.5552454043658737,0.022969034906829573
commons-io,RASZZ,42,0.99,0.05,0.06505045216909779,0.5635930580348193,0.022969034906829573
commons-io,RASZZ,42,0.99,0.1,0.0751082641825466,0.5727909832332498,0.022969034906829573
commons-io,RASZZ,42,0.99,0.25,0.10290779446390606,0.6004289203118935,0.022969034906829573
commons-io,RASZZ,42,0.995,0.0,0.05391441816036525,0.5511047807975887,0.08229766832437445
commons-io,RASZZ,42,0.995,0.05,0.055915901035109336,0.5593439909421258,0.08229766832437445
commons-io,RASZZ,42,0.995,0.1,0.06492708525421657,0.5677506692522944,0.08229766832437445
commons-io,RASZZ,42,0.995,0.25,0.09246896709237852,0.5950534680665923,0.08229766832437445
commons-io,RASZZ,42,0.999,0.0,0.02515535560352769,0.5184000342676051,0.0952002146137237
commons-io,RASZZ,42,0.999,0.05,0.025686998546367315,0.5250108627184511,0.0952002146137237
commons-io,RASZZ,42,0.999,0.1,0.032593137558262056,0.531091804106891,0.0952002146137237
commons-io,RASZZ,42,0.999,0.25,0.054714847975158715,0.5514653915915538,0.0952002146137237
commons-io,RASZZ,77,0.9,0.0,0.08157622413408808,0.4830118493003057,-0.0002932079948312038
commons-io,RASZZ,77,0.9,0.05,0.0803049154967661,0.48330162265531573,-0.0002932079948312038
commons-io,RASZZ,77,0.9,0.1,0.08320688535109845,0.4835976414036961,-0.0002932079948312038
commons-io,RASZZ,77,0.9,0.25,0.07133054463659182,0.4704485812915584,-0.0002932079948312038
commons-io,RASZZ,77,0.95,0.0,0.08719245851803714,0.5070169365697356,-0.00511816907149034
commons-io,RASZZ,77,0.95,0.05,0.08798444378887302,0.5101029312739735,-0.00511816907149034
commons-io,RASZZ,77,0.95,0.1,0.08865543133481174,0.5078262188242569,-0.00511816907149034
commons-io,RASZZ,77,0.95,0.25,0.08486428109981069,0.5008536634994405,-0.00511816907149034
commons-io,RASZZ,77,0.99,0.0,0.09419000311745354,0.5811088967368367,0.022872469034271866
commons-io,RASZZ,77,0.99,0.05,0.0968870249084825,0.5898371311184908,0.022872469034271866
commons-io,RASZZ,77,0.99,0.1,0.09649140234717708,0.5902457788009282,0.022872469034271866
commons-io,RASZZ,77,0.99,0.25,0.10601717830779565,0.6015101336251809,0.022872469034271866
commons-io,RASZZ,77,0.995,0.0,0.09421391457240702,0.5844923867392088,0.08173756503008642
commons-io,RASZZ,77,0.995,0.05,0.09706755358275637,0.5936152010664961,0.08173756503008642
commons-io,RASZZ,77,0.995,0.1,0.09674611284516732,0.5943734306530238,0.08173756503008642
commons-io,RASZZ,77,0.995,0.25,0.10720965972309932,0.6063517407560002,0.08173756503008642
commons-io,RASZZ,77,0.999,0.0,0.08428273704626793,0.5684244009883818,0.11021052910643438
commons-io,RASZZ,77,0.999,0.05,0.08672923418901646,0.5768730166425671,0.11021052910643438
commons-io,RASZZ,77,0.999,0.1,0.0859384855261033,0.5768864955774426,0.11021052910643438
commons-io,RASZZ,77,0.999,0.25,0.09449002545617918,0.5851632537557798,0.11021052910643438
commons-io,RASZZ,101,0.9,0.0,0.0892410380995411,0.5026180077979824,-0.00037518814918211185
commons-io,RASZZ,101,0.9,0.05,0.08916273965120891,0.5047264580139013,-0.00037518814918211185
commons-io,RASZZ,101,0.9,0.1,0.08695727351577906,0.5023431179611715,-0.00037518814918211185
commons-io,RASZZ,101,0.9,0.25,0.07265768345507163,0.49090159290209107,-0.00037518814918211185
commons-io,RASZZ,101,0.95,0.0,0.093078403694562,0.521579176891678,-0.0059706400449665445
commons-io,RASZZ,101,0.95,0.05,0.09461090097073546,0.525840642581354,-0.0059706400449665445
commons-io,RASZZ,101,0.95,0.1,0.09200546351450518,0.5214354172222019,-0.0059706400449665445
commons-io,RASZZ,101,0.95,0.25,0.08442093844644878,0.5146315860728553,-0.0059706400449665445
commons-io,RASZZ,101,0.99,0.0,0.09679708029847729,0.5837325380410449,0.01774598227790615
commons-io,RASZZ,101,0.99,0.05,0.09979997534265432,0.5927365681688382,0.01774598227790615
commons-io,RASZZ,101,0.99,0.1,0.09860457803069257,0.5923269695480711,0.01774598227790615
commons-io,RASZZ,101,0.99,0.25,0.10452790461666152,0.6008448828613412,0.01774598227790615
commons-io,RASZZ,101,0.995,0.0,0.09872634457373318,0.5882703277699931,0.07434201934974444
commons-io,RASZZ,101,0.995,0.05,0.10195800000293292,0.5977047911812102,0.07434201934974444
commons-io,RASZZ,101,0.995,0.1,0.1012531595853997,0.5979732917750336,0.07434201934974444
commons-io,RASZZ,101,0.995,0.25,0.10888052127929491,0.6076146616898788,0.07434201934974444
commons-io,RASZZ,101,0.999,0.0,0.09432312845612145,0.5776975634698088,0.11087371163899275
commons-io,RASZZ,101,0.999,0.05,0.09741683483461269,0.5867285231693204,0.11087371163899275
commons-io,RASZZ,101,0.999,0.1,0.09678398663551982,0.5867598116861147,0.11087371163899275
commons-io,RASZZ,101,0.999,0.25,0.10404647534954671,0.5941032404208682,0.11087371163899275
commons-io,RASZZ,123,0.9,0.0,0.05002153135321015,0.42934817519300983,-0.00037364323996724285
commons-io,RASZZ,123,0.9,0.05,0.04910907899878254,0.429095864131234,-0.00037364323996724285
commons-io,RASZZ,123,0.9,0.1,0.06156944750656173,0.44101639301987794,-0.00037364323996724285
commons-io,RASZZ,123,0.9,0.25,0.07308784656532365,0.4466667946272196,-0.00037364323996724285
commons-io,RASZZ,123,0.95,0.0,0.05005329078910224,0.46110210491105735,-0.00589711820891445
commons-io,RASZZ,123,0.95,0.05,0.05032610773253228,0.463141686736304,-0.00589711820891445
commons-io,RASZZ,123,0.95,0.1,0.061166862532510205,0.47122044981769673,-0.00589711820891445
commons-io,RASZZ,123,0.95,0.25,0.0792958401961479,0.48171488237260573,-0.00589711820891445
commons-io,RASZZ,123,0.99,0.0,0.0431749596002845,0.5351907977684187,0.022831223116225034
commons-io,RASZZ,123,0.99,0.05,0.04414788033203762,0.5422389037769946,0.022831223116225034
commons-io,RASZZ,123,0.99,0.1,0.05170561131566382,0.5493411175090135,0.022831223116225034
commons-io,RASZZ,123,0.99,0.25,0.07983827968129374,0.5766078864122258,0.022831223116225034
commons-io,RASZZ,123,0.995,0.0,0.03418256668545257,0.5311312751753932,0.07363757840871586
commons-io,RASZZ,123,0.995,0.05,0.03477808337277121,0.5381193176281912,0.07363757840871586
commons-io,RASZZ,123,0.995,0.1,0.041393128309163,0.5444554088890659,0.07363757840871586
commons-io,RASZZ,123,0.995,0.25,0.06852048486809836,0.5706617699034128,0.07363757840871586
commons-io,RASZZ,123,0.999,0.0,0.007374786019505698,0.5013429795651414,0.07460223687183862
commons-io,RASZZ,123,0.999,0.05,0.006628306248878769,0.5068879411392304,0.07460223687183862
commons-io,RASZZ,123,0.999,0.1,0.011342455518997641,0.5111040997316839,0.07460223687183862
commons-io,RASZZ,123,0.999,0.25,0.03270017608059571,0.5302872655537878,0.07460223687183862
commons-io,RASZZ,202,0.9,0.0,0.09920603220002742,0.47988071976324354,-0.0002942147816856323
commons-io,RASZZ,202,0.9,0.05,0.09939769868726019,0.4820088540644027,-0.0002942147816856323
commons-io,RASZZ,202,0.9,0.1,0.10581257637412612,0.4895336823892694,-0.0002942147816856323
commons-io,RASZZ,202,0.9,0.25,0.08739145103864801,0.4746399795746082,-0.0002942147816856323
commons-io,RASZZ,202,0.95,0.0,0.10183651237220323,0.5071843291358762,-0.005161397414363551
commons-io,RASZZ,202,0.95,0.05,0.10302785436116672,0.5110216677443035,-0.005161397414363551
commons-io,RASZZ,202,0.95,0.1,0.10869739577389877,0.5154066634422775,-0.005161397414363551
commons-io,RASZZ,202,0.95,0.25,0.09982693109541117,0.5075543492383084,-0.005161397414363551
commons-io,RASZZ,202,0.99,0.0,0.1017274607407693,0.5838134124014229,0.021860696491456846
commons-io,RASZZ,202,0.99,0.05,0.10361802942613765,0.5925792449535029,0.021860696491456846
commons-io,RASZZ,202,0.99,0.1,0.10887942496461267,0.5979074456486299,0.021860696491456846
commons-io,RASZZ,202,0.99,0.25,0.12449223166620783,0.6151695680072643,0.021860696491456846
commons-io,RASZZ,202,0.995,0.0,0.10121864940602382,0.5888111375268468,0.08189859645576385
commons-io,RASZZ,202,0.995,0.05,0.10313384472969128,0.5979803488176876,0.08189859645576385
commons-io,RASZZ,202,0.995,0.1,0.10835255681746347,0.6033464920060737,0.08189859645576385
commons-io,RASZZ,202,0.995,0.25,0.1276923091799144,0.6237349377766241,0.08189859645576385
commons-io,RASZZ,202,0.999,0.0,0.08993021468225812,0.5727778603390259,0.12123028686129021
commons-io,RASZZ,202,0.999,0.05,0.09128500878121715,0.5812194212855556,0.12123028686129021
commons-io,RASZZ,202,0.999,0.1,0.09582588546174987,0.585494785340557,0.12123028686129021
commons-io,RASZZ,202,0.999,0.25,0.1150709469473009,0.6037159434366225,0.12123028686129021
commons-io,RASZZ,314,0.9,0.0,0.0774600836610361,0.4433377622852086,-0.0003661565294473536
commons-io,RASZZ,314,0.9,0.05,0.07509537889595733,0.4415309083440617,-0.0003661565294473536
commons-io,RASZZ,314,0.9,0.1,0.08483659478081602,0.4512667702166028,-0.0003661565294473536
commons-io,RASZZ,314,0.9,0.25,0.06218050251658532,0.42866119732393815,-0.0003661565294473536
commons-io,RASZZ,314,0.95,0.0,0.07870784178324415,0.47900486398977216,-0.005779025415279631
commons-io,RASZZ,314,0.95,0.05,0.07760704033745962,0.48026713394092,-0.005779025415279631
commons-io,RASZZ,314,0.95,0.1,0.08518554859365148,0.48533004687821474,-0.005779025415279631
commons-io,RASZZ,314,0.95,0.25,0.07164587336697002,0.47095370353165295,-0.005779025415279631
commons-io,RASZZ,314,0.99,0.0,0.07843142762247067,0.5590309617122716,0.013126300331067734
commons-io,RASZZ,314,0.99,0.05,0.0783873363366165,0.5660118059492422,0.013126300331067734
commons-io,RASZZ,314,0.99,0.1,0.08298604550564317,0.5705155921968674,0.013126300331067734
commons-io,RASZZ,314,0.99,0.25,0.0936180533477378,0.5818711243479754,0.013126300331067734
commons-io,RASZZ,314,0.995,0.0,0.07885798927767715,0.5662273595065345,0.06322939518778789
commons-io,RASZZ,314,0.995,0.05,0.07893495612552155,0.5737834002630124,0.06322939518778789
commons-io,RASZZ,314,0.995,0.1,0.08318531421616389,0.5783479223400959,0.06322939518778789
commons-io,RASZZ,314,0.995,0.25,0.09776258881048559,0.5934178098805414,0.06322939518778789
commons-io,RASZZ,314,0.999,0.0,0.07077651242191534,0.5549653587399817,0.09497749472668039
commons-io,RASZZ,314,0.999,0.05,0.0704988067205867,0.5620858476202111,0.09497749472668039
commons-io,RASZZ,314,0.999,0.1,0.07398539374756873,0.5657671419716411,0.09497749472668039
commons-io,RASZZ,314,0.999,0.25,0.08917320260488835,0.5798449674447594,0.09497749472668039
commons-io,RASZZ,999,0.9,0.0,0.0826262712890587,0.46623159322360297,-0.00036610134375409927
commons-io,RASZZ,999,0.9,0.05,0.08083841900950417,0.465195763314541,-0.00036610134375409927
commons-io,RASZZ,999,0.9,0.1,0.0832188009162842,0.4639611869455258,-0.00036610134375409927
commons-io,RASZZ,999,0.9,0.25,0.06523993064857499,0.4408802910032215,-0.00036610134375409927
commons-io,RASZZ,999,0.95,0.0,0.08436824404924773,0.49468862890902715,-0.0057572532255817715
commons-io,RASZZ,999,0.95,0.05,0.08441442452089984,0.4967298243956267,-0.0057572532255817715
commons-io,RASZZ,999,0.95,0.1,0.08428346942486695,0.4931328723771588,-0.0057572532255817715
commons-io,RASZZ,999,0.95,0.25,0.07198687098392129,0.4757188787662919,-0.0057572532255817715
commons-io,RASZZ,999,0.99,0.0,0.0866417231356036,0.5675996707060248,0.014279646533492518
commons-io,RASZZ,999,0.99,0.05,0.08839881336374708,0.5753226112277979,0.014279646533492518
commons-io,RASZZ,999,0.99,0.1,0.08683162575319091,0.5744088351934147,0.014279646533492518
commons-io,RASZZ,999,0.99,0.25,0.08621420970676916,0.575441316855917,0.014279646533492518
commons-io,RASZZ,999,0.995,0.0,0.09080898906718791,0.5770693579828445,0.06319547504854515
commons-io,RASZZ,999,0.995,0.05,0.09295282376391069,0.5855219222250936,0.06319547504854515
commons-io,RASZZ,999,0.995,0.1,0.09168741103301467,0.5853293764372438,0.06319547504854515
commons-io,RASZZ,999,0.995,0.25,0.09377811286585198,0.589205289251291,0.06319547504854515
commons-io,RASZZ,999,0.999,0.0,0.09176029368871659,0.5735379850556614,0.0975004279870888
commons-io,RASZZ,999,0.999,0.05,0.09407952180329873,0.5819873392847597,0.0975004279870888
commons-io,RASZZ,999,0.999,0.1,0.0929693632210398,0.581796123264906,0.0975004279870888
commons-io,RASZZ,999,0.999,0.25,0.09647478881909721,0.5855488176815913,0.0975004279870888
commons-jcs,oracle,7,0.9,0.0,0.20178801198975638,0.5581064994344892,-0.09797361746667323
commons-jcs,oracle,7,0.9,0.05,0.22991364742061304,0.5870715202912159,-0.09797361746667323
commons-jcs,oracle,7,0.9,0.1,0.24352744177598468,0.602629992222876,-0.09797361746667323
commons-jcs,oracle,7,0.9,0.25,0.24723562287357773,0.6211865329220877,-0.09797361746667323
commons-jcs,oracle,7,0.95,0.0,0.20597819394099603,0.6022297903577408,-0.08611488250598663
commons-jcs,oracle,7,0.95,0.05,0.23325835335780426,0.6334847541611173,-0.08611488250598663
commons-jcs,oracle,7,0.95,0.1,0.2528061615049144,0.6534452500042679,-0.08611488250598663
commons-jcs,oracle,7,0.95,0.25,0.25847737427756184,0.6622312322547418,-0.08611488250598663
commons-jcs,oracle,7,0.99,0.0,0.1869715520616263,0.6194131199527276,0.18866776419042955
commons-jcs,oracle,7,0.99,0.05,0.21209396331412333,0.6515598768110338,0.18866776419042955
commons-jcs,oracle,7,0.99,0.1,0.23920006571893776,0.675537163988641,0.18866776419042955
commons-jcs,oracle,7,0.99,0.25,0.25790629038423124,0.6855075713945845,0.18866776419042955
commons-jcs,oracle,7,0.995,0.0,0.16383348485590046,0.6065620197006466,0.2494340527535598
commons-jcs,oracle,7,0.995,0.05,0.18758908846769157,0.6380418207230852,0.2494340527535598
commons-jcs,oracle,7,0.995,0.1,0.21455202982407334,0.6617914373662594,0.2494340527535598
commons-jcs,oracle,7,0.995,0.25,0.2356117156796659,0.6750145455245516,0.2494340527535598
commons-jcs,oracle,7,0.999,0.0,0.12347580031048594,0.5821899952279405,0.240861051964903
commons-jcs,oracle,7,0.999,0.05,0.1450012949759802,0.6124049190309094,0.240861051964903
commons-jcs,oracle,7,0.999,0.1,0.1705172528319185,0.6351596283736471,0.240861051964903
commons-jcs,oracle,7,0.999,0.25,0.1900524953572706,0.6494648799904135,0.240861051964903
commons-jcs,oracle,13,0.9,0.0,0.16474821350328875,0.5721007802311946,-0.14923709319490278
commons-jcs,oracle,13,0.9,0.05,0.1909515302785186,0.6017920865469908,-0.14923709319490278
commons-jcs,oracle,13,0.9,0.1,0.2062741837585704,0.6209862643454692,-0.14923709319490278
commons-jcs,oracle,13,0.9,0.25,0.20710743830613046,0.6158247739533147,-0.14923709319490278
commons-jcs,oracle,13,0.95,0.0,0.1678818942494882,0.5924693835039214,-0.1406431670964622
commons-jcs,oracle,13,0.95,0.05,0.19318490393547133,0.62321779454653,-0.1406431670964622
commons-jcs,oracle,13,0.95,0.1,0.21308702834628965,0.6442184648293902,-0.1406431670964622
commons-jcs,oracle,13,0.95,0.25,0.21501715710559866,0.6388480774175489,-0.1406431670964622
commons-jcs,oracle,13,0.99,0.0,0.15347766870269045,0.5991022511839612,0.10494738885823643
commons-jcs,oracle,13,0.99,0.05,0.1768617898061794,0.6301948996631288,0.10494738885823643
commons-jcs,oracle,13,0.99,0.1,0.2032907909384393,0.6536988583003519,0.10494738885823643
commons-jcs,oracle,13,0.99,0.25,0.22462732477894554,0.6665712854318796,0.10494738885823643
commons-jcs,oracle,13,0.995,0.0,0.1390136229782215,0.5910434904052946,0.17269545643871206
commons-jcs,oracle,13,0.995,0.05,0.16148110717610778,0.6217178994010124,0.17269545643871206
commons-jcs,oracle,13,0.995,0.1,0.18809397940425682,0.6451904452913748,0.17269545643871206
commons-jcs,oracle,13,0.995,0.25,0.21430707777178098,0.6636926278541565,0.17269545643871206
commons-jcs,oracle,13,0.999,0.0,0.1078573482477804,0.5710516049212847,0.19827386154993956
commons-jcs,oracle,13,0.999,0.05,0.1285722650214127,0.6006884603665666,0.19827386154993956
commons-jcs,oracle,13,0.999,0.1,0.15413755893946832,0.6233609344051487,0.19827386154993956
commons-jcs,oracle,13,0.999,0.25,0.18107554442173138,0.6444689966037996,0.19827386154993956
commons-jcs,oracle,21,0.9,0.0,0.18741865627654836,0.6007059065342639,0.014754981025080894
commons-jcs,oracle,21,0.9,0.05,0.21479854033494736,0.6318817826961687,0.014754981025080894
commons-jcs,oracle,21,0.9,0.1,0.2314601970534617,0.6527654888880504,0.014754981025080894
commons-jcs,oracle,21,0.9,0.25,0.2394490965760062,0.6546011038345978,0.014754981025080894
commons-jcs,oracle,21,0.95,0.0,0.19113235494982683,0.6184971503927107,0.01905064626771485
commons-jcs,oracle,21,0.95,0.05,0.21764203411519464,0.6505963695903071,0.01905064626771485
commons-jcs,oracle,21,0.95,0.1,0.23891741984626474,0.6731343395414006,0.01905064626771485
commons-jcs,oracle,21,0.95,0.25,0.24772700131437722,0.6742204731904701,0.01905064626771485
commons-jcs,oracle,21,0.99,0.0,0.1710881890264279,0.6143376108452347,0.14434552879262383
commons-jcs,oracle,21,0.99,0.05,0.1953862738429209,0.646220955205557,0.14434552879262383
commons-jcs,oracle,21,0.99,0.1,0.22285541980077325,0.6706247725764458,0.14434552879262383
commons-jcs,oracle,21,0.99,0.25,0.24871047486571932,0.6873734417380324,0.14434552879262383
commons-jcs,oracle,21,0.995,0.0,0.15409899469865068,0.603312299295357,0.19855612697298536
commons-jcs,oracle,21,0.995,0.05,0.17734939059342,0.6346234439423314,0.19855612697298536
commons-jcs,oracle,21,0.995,0.1,0.2048532626925946,0.6588206327080084,0.19855612697298536
commons-jcs,oracle,21,0.995,0.25,0.2348880008085929,0.6804672673258366,0.19855612697298536
commons-jcs,oracle,21,0.999,0.0,0.12002124301372169,0.5808749641013599,0.21772192574096852
commons-jcs,oracle,21,0.999,0.05,0.14136745052837119,0.6110216394534559,0.21772192574096852
commons-jcs,oracle,21,0.999,0.1,0.16765119069146994,0.6342743187348846,0.21772192574096852
commons-jcs,oracle,21,0.999,0.25,0.19766969978548948,0.6579182375752598,0.21772192574096852
commons-jcs,oracle,42,0.9,0.0,0.16209541354015083,0.5157918793683168,-0.12296292956944131
commons-jcs,oracle,42,0.9,0.05,0.18816105335526842,0.5425608250064193,-0.12296292956944131
commons-jcs,oracle,42,0.9,0.1,0.20332702230219654,0.5584291833066305,-0.12296292956944131
commons-jcs,oracle,42,0.9,0.25,0.2075421543427617,0.5898510701685397,-0.12296292956944131
commons-jcs,oracle,42,0.95,0.0,0.1650402958742993,0.5593339663179071,-0.10065720019645324
commons-jcs,oracle,42,0.95,0.05,0.19019583020157013,0.5883626911521277,-0.10065720019645324
commons-jcs,oracle,42,0.95,0.1,0.20993011892144742,0.6074062566989384,-0.10065720019645324
commons-jcs,oracle,42,0.95,0.25,0.22045997644231058,0.630749596991784,-0.10065720019645324
commons-jcs,oracle,42,0.99,0.0,0.1479383638343547,0.5853916228838881,0.15722756158641643
commons-jcs,oracle,42,0.99,0.05,0.17103500202695537,0.6157727071095077,0.15722756158641643
commons-jcs,oracle,42,0.99,0.1,0.19713683058337647,0.6384668634910461,0.15722756158641643
commons-jcs,oracle,42,0.99,0.25,0.22479519507758666,0.6594950362951375,0.15722756158641643
commons-jcs,oracle,42,0.995,0.0,0.1321289330866795,0.5784794397834628,0.20545458972753386
commons-jcs,oracle,42,0.995,0.05,0.15423911059399212,0.6085017904557692,0.20545458972753386
commons-jcs,oracle,42,0.995,0.1,0.18044534665041806,0.6312322553625752,0.20545458972753386
commons-jcs,oracle,42,0.995,0.25,0.21109247557681035,0.6549903931102582,0.20545458972753386
commons-jcs,oracle,42,0.999,0.0,0.09883302310026779,0.5585635487848393,0.20785948992549458
commons-jcs,oracle,42,0.999,0.05,0.11907958882194059,0.5875522899243056,0.20785948992549458
commons-jcs,oracle,42,0.999,0.1,0.14411187150954455,0.6094871715048997,0.20785948992549458
commons-jcs,oracle,42,0.999,0.25,0.17369387992133647,0.6337074247479282,0.20785948992549458
commons-jcs,oracle,77,0.9,0.0,0.1844499134696585,0.5813111610014853,0.014545655693226467
commons-jcs,oracle,77,0.9,0.05,0.21167572353428216,0.6114804744205496,0.014545655693226467
commons-jcs,oracle,77,0.9,0.1,0.22426546333988662,0.6284095026001135,0.014545655693226467
commons-jcs,oracle,77,0.9,0.25,0.20921280127075248,0.6148694643411085,0.014545655693226467
commons-jcs,oracle,77,0.95,0.0,0.18468985340146957,0.6052516526977458,0.01711076892575619
commons-jcs,oracle,77,0.95,0.05,0.21086517489154286,0.6366634473314263,0.01711076892575619
commons-jcs,oracle,77,0.95,0.1,0.22915561205525325,0.6568024259461719,0.01711076892575619
commons-jcs,oracle,77,0.95,0.25,0.2176561279147296,0.6434895780295056,0.01711076892575619
commons-jcs,oracle,77,0.99,0.0,0.1683937533958074,0.6139446367745311,0.12622468307317872
commons-jcs,oracle,77,0.99,0.05,0.19255200041374923,0.6458075862780195,0.12622468307317872
commons-jcs,oracle,77,0.99,0.1,0.21856082682683142,0.6694618838802437,0.12622468307317872
commons-jcs,oracle,77,0.99,0.25,0.2293027674716027,0.673820494027148,0.12622468307317872
commons-jcs,oracle,77,0.995,0.0,0.15659241584326997,0.6072416960885952,0.17512912710032666
commons-jcs,oracle,77,0.995,0.05,0.1799722171392157,0.6387567714552186,0.17512912710032666
commons-jcs,oracle,77,0.995,0.1,0.20650747320710022,0.6625465323908387,0.17512912710032666
commons-jcs,oracle,77,0.995,0.25,0.22340478983067533,0.6732776802211499,0.17512912710032666
commons-jcs,oracle,77,0.999,0.0,0.1316251365718596,0.5917469562074589,0.20147148164198872
commons-jcs,oracle,77,0.999,0.05,0.15357357147370365,0.6224578741878458,0.20147148164198872
commons-jcs,oracle,77,0.999,0.1,0.17957086036293657,0.6457770542746896,0.20147148164198872
commons-jcs,oracle,77,0.999,0.25,0.19925904929579652,0.6606750449886345,0.20147148164198872
commons-jcs,oracle,101,0.9,0.0,0.18750356135708718,0.5446034498879271,-0.08616508508790986
commons-jcs,oracle,101,0.9,0.05,0.21488785188169138,0.5728676795656549,-0.08616508508790986
commons-jcs,oracle,101,0.9,0.1,0.22765795183514495,0.5876286096383931,-0.08616508508790986
commons-jcs,oracle,101,0.9,0.25,0.23677165006896436,0.6193724796023253,-0.08616508508790986
commons-jcs,oracle,101,0.95,0.0,0.18970666552710672,0.5835852883590218,-0.022589765704268554
commons-jcs,oracle,101,0.95,0.05,0.2161423532161055,0.6138726261093,-0.022589765704268554
commons-jcs,oracle,101,0.95,0.1,0.23472910253172988,0.6327319062062257,-0.022589765704268554
commons-jcs,oracle,101,0.95,0.25,0.24600932196188752,0.6540897233091864,-0.022589765704268554
commons-jcs,oracle,101,0.99,0.0,0.16935418134571453,0.604825970278481,0.17334681594107662
commons-jcs,oracle,101,0.99,0.05,0.193562273358525,0.63621567253344,0.17334681594107662
commons-jcs,oracle,101,0.99,0.1,0.2196278263273299,0.6593313867435889,0.17334681594107662
commons-jcs,oracle,101,0.99,0.25,0.24268830475126912,0.675206837450682,0.17334681594107662
commons-jcs,oracle,101,0.995,0.0,0.1517962166283087,0.5968326172760939,0.2213646849440595
commons-jcs,oracle,101,0.995,0.05,0.17492710125613622,0.6278074746283977,0.2213646849440595
commons-jcs,oracle,101,0.995,0.1,0.2011790754161472,0.6509824354748113,0.2213646849440595
commons-jcs,oracle,101,0.995,0.25,0.2268697747730768,0.6696493291663517,0.2213646849440595
commons-jcs,oracle,101,0.999,0.0,0.11809089161937146,0.5770897322539296,0.2233266252039435
commons-jcs,oracle,101,0.999,0.05,0.13933691634013698,0.6070399588645765,0.2233266252039435
commons-jcs,oracle,101,0.999,0.1,0.16453482085021243,0.6294934271284559,0.2233266252039435
commons-jcs,oracle,101,0.999,0.25,0.18930485083091947,0.6490717987212904,0.2233266252039435
commons-jcs,oracle,123,0.9,0.0,0.1787894986367493,0.5347538353705883,0.06597212525529564
commons-jcs,oracle,123,0.9,0.05,0.20572154033662712,0.5625068825227327,0.06597212525529564
commons-jcs,oracle,123,0.9,0.1,0.21797695434771072,0.5766860566117775,0.06597212525529564
commons-jcs,oracle,123,0.9,0.25,0.21799030835816488,0.6045213897696421,0.06597212525529564
commons-jcs,oracle,123,0.95,0.0,0.1786997844818095,0.5745832733677136,0.09435552935333316
commons-jcs,oracle,123,0.95,0.05,0.20456422897731816,0.6044034179348989,0.09435552935333316
commons-jcs,oracle,123,0.95,0.1,0.22250086971268976,0.6227310045247058,0.09435552935333316
commons-jcs,oracle,123,0.95,0.25,0.22704763427578456,0.6404374917343777,0.09435552935333316
commons-jcs,oracle,123,0.99,0.0,0.15853994498775356,0.5977382225398343,0.21807814996166072
commons-jcs,oracle,123,0.99,0.05,0.18218679182249262,0.6287600796589904,0.21807814996166072
commons-jcs,oracle,123,0.99,0.1,0.20761361454462193,0.6514571643227128,0.21807814996166072
commons-jcs,oracle,123,0.99,0.25,0.2263757295216093,0.664171487559217,0.21807814996166072
commons-jcs,oracle,123,0.995,0.0,0.14379765939124609,0.5916162865765264,0.23507171161413737
commons-jcs,oracle,123,0.995,0.05,0.16651342902322605,0.6223204229684729,0.23507171161413737
commons-jcs,oracle,123,0.995,0.1,0.19229297773700418,0.6451872873313078,0.23507171161413737
commons-jcs,oracle,123,0.995,0.25,0.21449839142305668,0.661167225007013,0.23507171161413737
commons-jcs,oracle,123,0.999,0.0,0.114535846778737,0.5747312659800521,0.2192935505701039
commons-jcs,oracle,123,0.999,0.05,0.13559736917233034,0.6045590911764851,0.2192935505701039
commons-jcs,oracle,123,0.999,0.1,0.16058529910881236,0.6268732593830119,0.2192935505701039
commons-jcs,oracle,123,0.999,0.25,0.18299493213831916,0.6444756648144038,0.2192935505701039
commons-jcs,oracle,202,0.9,0.0,0.1927684791980486,0.5395799944313748,0.07382194404568554
commons-jcs,oracle,202,0.9,0.05,0.22042601229414568,0.5675835131297118,0.07382194404568554
commons-jcs,oracle,202,0.9,0.1,0.233507078473967,0.5820477386699507,0.07382194404568554
commons-jcs,oracle,202,0.9,0.25,0.23660654689412594,0.6109485342880933,0.07382194404568554
commons-jcs,oracle,202,0.95,0.0,0.19343381541992727,0.5805285574107785,0.10812376300645772
commons-jcs,oracle,202,0.95,0.05,0.22006293747045214,0.6106572546941227,0.10812376300645772
commons-jcs,oracle,202,0.95,0.1,0.2388698265436735,0.6293359925458111,0.10812376300645772
commons-jcs,oracle,202,0.95,0.25,0.24666939663087406,0.6483550094263436,0.10812376300645772
commons-jcs,oracle,202,0.99,0.0,0.17377069079554813,0.6070329148186986,0.237901843854946
commons-jcs,oracle,202,0.99,0.05,0.19820799405828668,0.6385371547016945,0.237901843854946
commons-jcs,oracle,202,0.99,0.1,0.22453440300221186,0.6617832195148735,0.237901843854946
commons-jcs,oracle,202,0.99,0.25,0.24665898235218192,0.6765495152575121,0.237901843854946
commons-jcs,oracle,202,0.995,0.0,0.15850768798545253,0.601771968566702,0.2533094842264989
commons-jcs,oracle,202,0.995,0.05,0.1819868894811825,0.6330031719986448,0.2533094842264989
commons-jcs,oracle,202,0.995,0.1,0.20863526886238593,0.6564698698631738,0.2533094842264989
commons-jcs,oracle,202,0.995,0.25,0.23408818911822585,0.6746918591958524,0.2533094842264989
commons-jcs,oracle,202,0.999,0.0,0.12767350113302395,0.5848194220649664,0.23639960120772088
commons-jcs,oracle,202,0.999,0.05,0.14941685115766257,0.6151708097923887,0.23639960120772088
commons-jcs,oracle,202,0.999,0.1,0.17518074131257239,0.6380808231618403,0.23639960120772088
commons-jcs,oracle,202,0.999,0.25,0.2004907506774417,0.6579103726774868,0.23639960120772088
commons-jcs,oracle,314,0.9,0.0,0.17801376660532248,0.5290849675216923,-0.17797224438166004
commons-jcs,oracle,314,0.9,0.05,0.2049055487947085,0.5565438076082612,-0.17797224438166004
commons-jcs,oracle,314,0.9,0.1,0.21711514509889296,0.5703881566352634,-0.17797224438166004
commons-jcs,oracle,314,0.9,0.25,0.23129431151648758,0.5996977651777866,-0.17797224438166004
commons-jcs,oracle,314,0.95,0.0,0.1733177620282091,0.5670183435292347,-0.18542754983203216
commons-jcs,oracle,314,0.95,0.05,0.19890288637106257,0.5964458778136634,-0.18542754983203216
commons-jcs,oracle,314,0.95,0.1,0.2165216442328208,0.6143266506533475,-0.18542754983203216
commons-jcs,oracle,314,0.95,0.25,0.23185431304905071,0.633336908421108,-0.18542754983203216
commons-jcs,oracle,314,0.99,0.0,0.16022939483247123,0.5935439543206723,0.05483328925541808
commons-jcs,oracle,314,0.99,0.05,0.1839639219756071,0.6243481342284539,0.05483328925541808
commons-jcs,oracle,314,0.99,0.1,0.20949053008066523,0.6467974893359165,0.05483328925541808
commons-jcs,oracle,314,0.99,0.25,0.23287298971970985,0.6615322722429635,0.05483328925541808
commons-jcs,oracle,314,0.995,0.0,0.14230973936619257,0.5856127603084841,0.1437769436552445
commons-jcs,oracle,314,0.995,0.05,0.1649482878323153,0.6160053212865193,0.1437769436552445
commons-jcs,oracle,314,0.995,0.1,0.19063995428671077,0.6385175943784424,0.1437769436552445
commons-jcs,oracle,314,0.995,0.25,0.21594271369170664,0.6558576486115203,0.1437769436552445
commons-jcs,oracle,314,0.999,0.0,0.10502931385986788,0.5643863777103229,0.18806687899012814
commons-jcs,oracle,314,0.999,0.05,0.12559745922855792,0.5936773163003523,0.18806687899012814
commons-jcs,oracle,314,0.999,0.1,0.15002389689546983,0.6153804757571496,0.18806687899012814
commons-jcs,oracle,314,0.999,0.25,0.17317990070344744,0.6331052427443277,0.18806687899012814
commons-jcs,oracle,999,0.9,0.0,0.17563688107898157,0.5326470541952443,0.06318239622839894
commons-jcs,oracle,999,0.9,0.05,0.20240530591826636,0.5602907620712,0.06318239622839894
commons-jcs,oracle,999,0.9,0.1,0.21447451425345276,0.5743455015894368,0.06318239622839894
commons-jcs,oracle,999,0.9,0.25,0.2145858366297561,0.6013661561176423,0.06318239622839894
commons-jcs,oracle,999,0.95,0.0,0.17546841072666028,0.5728835450425284,0.08190468918484647
commons-jcs,oracle,999,0.95,0.05,0.20116515101462326,0.6026154758611911,0.08190468918484647
commons-jcs,oracle,999,0.95,0.1,0.21891093443123388,0.6208426699816186,0.08190468918484647
commons-jcs,oracle,999,0.95,0.25,0.22314485974767143,0.6379432440451347,0.08190468918484647
commons-jcs,oracle,999,0.99,0.0,0.15742208657874654,0.597350080768768,0.19934513230614653
commons-jcs,oracle,999,0.99,0.05,0.1810109179770688,0.6283517938213243,0.19934513230614653
commons-jcs,oracle,999,0.99,0.1,0.20637171569718227,0.6510259533444293,0.19934513230614653
commons-jcs,oracle,999,0.99,0.25,0.2247041727268605,0.6634735149638904,0.19934513230614653
commons-jcs,oracle,999,0.995,0.0,0.1424557167979202,0.5908101934599673,0.22509192628063346
commons-jcs,oracle,999,0.995,0.05,0.16510184130796804,0.6214724946395354,0.22509192628063346
commons-jcs,oracle,999,0.995,0.1,0.19080212974896432,0.6442917480534193,0.22509192628063346
commons-jcs,oracle,999,0.995,0.25,0.21251896307206855,0.6599089450167777,0.22509192628063346
commons-jcs,oracle,999,0.999,0.0,0.11262166123090375,0.5732490432323216,0.21552841845407206
commons-jcs,oracle,999,0.999,0.05,0.13358383981758423,0.6029999429443789,0.21552841845407206
commons-jcs,oracle,999,0.999,0.1,0.1584587106191741,0.6252265653945572,0.21552841845407206
commons-jcs,oracle,999,0.999,0.25,0.18025228723863368,0.6423176299051568,0.21552841845407206
commons-jcs,BSZZ,7,0.9,0.0,0.06845213171336523,0.44487173397784774,0.05787342679685001
commons-jcs,BSZZ,7,0.9,0.05,0.09474887890109693,0.4679600138425209,0.05787342679685001
commons-jcs,BSZZ,7,0.9,0.1,0.10590899640504667,0.4816282596436957,0.05787342679685001
commons-jcs,BSZZ,7,0.9,0.25,0.149991172762084,0.5278182298440879,0.05787342679685001
commons-jcs,BSZZ,7,0.95,0.0,0.06314408495006879,0.4748411137288088,0.07148825942539136
commons-jcs,BSZZ,7,0.95,0.05,0.08733465877787604,0.49948476646663303,0.07148825942539136
commons-jcs,BSZZ,7,0.95,0.1,0.10261678903941805,0.5160316919567247,0.07148825942539136
commons-jcs,BSZZ,7,0.95,0.25,0.14203278552446227,0.5490561596014073,0.07148825942539136
commons-jcs,BSZZ,7,0.99,0.0,0.03184051576007872,0.4783457838867477,0.13213583862701378
commons-jcs,BSZZ,7,0.99,0.05,0.05278018291647769,0.5031713245694776,0.13213583862701378
commons-jcs,BSZZ,7,0.99,0.1,0.07493482867961612,0.521392107532498,0.13213583862701378
commons-jcs,BSZZ,7,0.99,0.25,0.10845226061512288,0.546933322733274,0.13213583862701378
commons-jcs,BSZZ,7,0.995,0.0,0.009449545295904518,0.4621647392629999,0.1383466739784821
commons-jcs,BSZZ,7,0.995,0.05,0.029013028525328187,0.4861505042120924,0.1383466739784821
commons-jcs,BSZZ,7,0.995,0.1,0.05105916911097692,0.5037056782061441,0.1383466739784821
commons-jcs,BSZZ,7,0.995,0.25,0.08334244914902904,0.5281696334165584,0.1383466739784821
commons-jcs,BSZZ,7,0.999,0.0,-0.030415879270155884,0.4318702895157966,0.1045702094439047
commons-jcs,BSZZ,7,0.999,0.05,-0.013094217445661955,0.45428381087041386,0.1045702094439047
commons-jcs,BSZZ,7,0.999,0.1,0.0075129973922535365,0.47030508170653695,0.1045702094439047
commons-jcs,BSZZ,7,0.999,0.25,0.03524110962232046,0.4909296550861396,0.1045702094439047
commons-jcs,BSZZ,13,0.9,0.0,0.07888298092325578,0.45883116624247466,0.072293279863964
commons-jcs,BSZZ,13,0.9,0.05,0.10572107598137423,0.4826439229715145,0.072293279863964
commons-jcs,BSZZ,13,0.9,0.1,0.117497279417639,0.4971366663441033,0.072293279863964
commons-jcs,BSZZ,13,0.9,0.25,0.1630387751234565,0.5435065968021345,0.072293279863964
commons-jcs,BSZZ,13,0.95,0.0,0.0741751182843716,0.4899760732678514,0.08786538712377667
commons-jcs,BSZZ,13,0.95,0.05,0.09893818877889582,0.5154052112475753,0.08786538712377667
commons-jcs,BSZZ,13,0.95,0.1,0.11487185414744698,0.5328460654553137,0.08786538712377667
commons-jcs,BSZZ,13,0.95,0.25,0.15597939581541234,0.5675951339132812,0.08786538712377667
commons-jcs,BSZZ,13,0.99,0.0,0.04347003664569742,0.492597981791507,0.13955360745100556
commons-jcs,BSZZ,13,0.99,0.05,0.06501326121514746,0.5181631935047372,0.13955360745100556
commons-jcs,BSZZ,13,0.99,0.1,0.08785479105387968,0.5372257658999513,0.13955360745100556
commons-jcs,BSZZ,13,0.99,0.25,0.12314816185934181,0.5650237567773481,0.13955360745100556
commons-jcs,BSZZ,13,0.995,0.0,0.021841962916986403,0.4781371132338776,0.14308399665815122
commons-jcs,BSZZ,13,0.995,0.05,0.04204859693433964,0.5029518241738635,0.14308399665815122
commons-jcs,BSZZ,13,0.995,0.1,0.06482668120070827,0.5214503877914373,0.14308399665815122
commons-jcs,BSZZ,13,0.995,0.25,0.09896044806577298,0.5485276822664905,0.14308399665815122
commons-jcs,BSZZ,13,0.999,0.0,-0.01629189821017081,0.4505758430149389,0.11315672661394664
commons-jcs,BSZZ,13,0.999,0.05,0.001762780352879303,0.4739601589182459,0.11315672661394664
commons-jcs,BSZZ,13,0.999,0.1,0.023204211644723586,0.491086251436199,0.11315672661394664
commons-jcs,BSZZ,13,0.999,0.25,0.053106217208968576,0.5149294333476298,0.11315672661394664
commons-jcs,BSZZ,21,0.9,0.0,0.06819371186533182,0.445503883547277,0.0354512458775127
commons-jcs,BSZZ,21,0.9,0.05,0.09447704739006434,0.4686249711744142,0.0354512458775127
commons-jcs,BSZZ,21,0.9,0.1,0.1056219016273518,0.48233055415197873,0.0354512458775127
commons-jcs,BSZZ,21,0.9,0.25,0.14724268976882085,0.5256816193499372,0.0354512458775127
commons-jcs,BSZZ,21,0.95,0.0,0.062276145698255375,0.47630591477759404,0.05441652621923953
commons-jcs,BSZZ,21,0.95,0.05,0.08642167457755083,0.5010255888356717,0.05441652621923953
commons-jcs,BSZZ,21,0.95,0.1,0.10165254102035798,0.5176590310898003,0.05441652621923953
commons-jcs,BSZZ,21,0.95,0.25,0.13886188494918558,0.5490792221451705,0.05441652621923953
commons-jcs,BSZZ,21,0.99,0.0,0.03169148872440275,0.48128867302047285,0.12089413232729
commons-jcs,BSZZ,21,0.99,0.05,0.05262342156629192,0.506266945924067,0.12089413232729
commons-jcs,BSZZ,21,0.99,0.1,0.07476926522153224,0.5246615471984413,0.12089413232729
commons-jcs,BSZZ,21,0.99,0.25,0.10749158665198849,0.5501822744930523,0.12089413232729
commons-jcs,BSZZ,21,0.995,0.0,0.010472773665836002,0.4660450796994399,0.1290230525907472
commons-jcs,BSZZ,21,0.995,0.05,0.03008936115243332,0.49023222940536026,0.1290230525907472
commons-jcs,BSZZ,21,0.995,0.1,0.052195937527304524,0.5080165911776436,0.1290230525907472
commons-jcs,BSZZ,21,0.995,0.25,0.08417424215709386,0.5328676081634312,0.1290230525907472
commons-jcs,BSZZ,21,0.999,0.0,-0.027956786790000715,0.436592373616839,0.10055538357083689
commons-jcs,BSZZ,21,0.999,0.05,-0.010507501178562036,0.45925096515897873,0.10055538357083689
commons-jcs,BSZZ,21,0.999,0.1,0.010244957086115758,0.4755511403802885,0.10055538357083689
commons-jcs,BSZZ,21,0.999,0.25,0.038176955811300435,0.49691840481562277,0.10055538357083689
commons-jcs,BSZZ,42,0.9,0.0,0.06911463866261051,0.4395087024170259,0.07204783310235185
commons-jcs,BSZZ,42,0.9,0.05,0.09544576912239165,0.4623186477323399,0.07204783310235185
commons-jcs,BSZZ,42,0.9,0.1,0.10664501682593278,0.47567013233481475,0.07204783310235185
commons-jcs,BSZZ,42,0.9,0.25,0.1502269630066545,0.5206189180850453,0.07204783310235185
commons-jcs,BSZZ,42,0.95,0.0,0.06544819926631171,0.4715956360693698,0.08554834604996693
commons-jcs,BSZZ,42,0.95,0.05,0.08975835371053159,0.4960708526248686,0.08554834604996693
commons-jcs,BSZZ,42,0.95,0.1,0.10517657379449542,0.5124260877655565,0.08554834604996693
commons-jcs,BSZZ,42,0.95,0.25,0.14464928481112316,0.5446075560996344,0.08554834604996693
commons-jcs,BSZZ,42,0.99,0.0,0.030812092882330097,0.4756096246789295,0.14379289017361013
commons-jcs,BSZZ,42,0.99,0.05,0.05169838619317501,0.5002931621622663,0.14379289017361013
commons-jcs,BSZZ,42,0.99,0.1,0.07379228935955048,0.518352337075684,0.14379289017361013
commons-jcs,BSZZ,42,0.99,0.25,0.10684616014152108,0.5430908618492558,0.14379289017361013
commons-jcs,BSZZ,42,0.995,0.0,0.005770037201515683,0.4580348726894806,0.14939340435602724
commons-jcs,BSZZ,42,0.995,0.05,0.025142558618445752,0.48180630279108655,0.14939340435602724
commons-jcs,BSZZ,42,0.995,0.1,0.04697137335370802,0.4991175510368999,0.14939340435602724
commons-jcs,BSZZ,42,0.995,0.25,0.07823372878318642,0.5224862524723342,0.14939340435602724
commons-jcs,BSZZ,42,0.999,0.0,-0.0366432327655593,0.4268771940002848,0.10804744322919992
commons-jcs,BSZZ,42,0.999,0.05,-0.019644762704750858,0.4490315800180212,0.10804744322919992
commons-jcs,BSZZ,42,0.999,0.1,0.0005946407683494628,0.4647579394961221,0.10804744322919992
commons-jcs,BSZZ,42,0.999,0.25,0.02676248251907233,0.4841164912704076,0.10804744322919992
commons-jcs,BSZZ,77,0.9,0.0,0.056859815177984524,0.4531927618175202,0.07204832618424925
commons-jcs,BSZZ,77,0.9,0.05,0.08255493581134836,0.47671289249412563,0.07204832618424925
commons-jcs,BSZZ,77,0.9,0.1,0.10760174818634259,0.49208881286064104,0.07204832618424925
commons-jcs,BSZZ,77,0.9,0.25,0.13734589993251026,0.5272091061527683,0.07204832618424925
commons-jcs,BSZZ,77,0.95,0.0,0.05338134039632593,0.4790225110051461,0.08589933254718109
commons-jcs,BSZZ,77,0.95,0.05,0.07706524013969844,0.5038831729687043,0.08589933254718109
commons-jcs,BSZZ,77,0.95,0.1,0.10429503175684066,0.5229375316532986,0.08589933254718109
commons-jcs,BSZZ,77,0.95,0.25,0.13246563359821198,0.5481834912370664,0.08589933254718109
commons-jcs,BSZZ,77,0.99,0.0,0.02818056976855701,0.4767788921716468,0.1402040800243314
commons-jcs,BSZZ,77,0.99,0.05,0.048930290360839006,0.5015231131577702,0.1402040800243314
commons-jcs,BSZZ,77,0.99,0.1,0.07730678274315933,0.5225520695558876,0.1402040800243314
commons-jcs,BSZZ,77,0.99,0.25,0.10789351918606858,0.5455277580009767,0.1402040800243314
commons-jcs,BSZZ,77,0.995,0.0,0.007911315031707588,0.4624594265996668,0.1381247718914947
commons-jcs,BSZZ,77,0.995,0.05,0.027394966057546374,0.4864604854485102,0.1381247718914947
commons-jcs,BSZZ,77,0.995,0.1,0.05499093680401002,0.5069364464002876,0.1381247718914947
commons-jcs,BSZZ,77,0.995,0.25,0.08660347631607783,0.5306293330857326,0.1381247718914947
commons-jcs,BSZZ,77,0.999,0.0,-0.028646961990288548,0.436446414103255,0.10438616189541508
commons-jcs,BSZZ,77,0.999,0.05,-0.011233495598105303,0.4590974305313986,0.10438616189541508
commons-jcs,BSZZ,77,0.999,0.1,0.01451223229625071,0.4782790202270001,0.10438616189541508
commons-jcs,BSZZ,77,0.999,0.25,0.04380666670226814,0.5002124528825089,0.10438616189541508
commons-jcs,BSZZ,101,0.9,0.0,0.06660023771638539,0.4343109054597129,0.03978064798828183
commons-jcs,BSZZ,101,0.9,0.05,0.09280087394984347,0.4568510916924322,0.03978064798828183
commons-jcs,BSZZ,101,0.9,0.1,0.10385161149663727,0.4698955744851795,0.03978064798828183
commons-jcs,BSZZ,101,0.9,0.25,0.14787984766522355,0.5132077819968129,0.03978064798828183
commons-jcs,BSZZ,101,0.95,0.0,0.06451458526438923,0.4769875585035747,0.06132921303523764
commons-jcs,BSZZ,101,0.95,0.05,0.0887762863236992,0.5017426090081906,0.06132921303523764
commons-jcs,BSZZ,101,0.95,0.1,0.10413936358647724,0.5184163117532896,0.06132921303523764
commons-jcs,BSZZ,101,0.95,0.25,0.14435749747589527,0.5517291643013361,0.06132921303523764
commons-jcs,BSZZ,101,0.99,0.0,0.03391610272379886,0.4877434077287036,0.14677202902453762
commons-jcs,BSZZ,101,0.99,0.05,0.05496349021628959,0.5130566731931047,0.14677202902453762
commons-jcs,BSZZ,101,0.99,0.1,0.07724072810054047,0.5318325158382003,0.14677202902453762
commons-jcs,BSZZ,101,0.99,0.25,0.11128254694947139,0.5594078101707703,0.14677202902453762
commons-jcs,BSZZ,101,0.995,0.0,0.009164605313708349,0.4700295423891885,0.15254150959750767
commons-jcs,BSZZ,101,0.995,0.05,0.02871330051873955,0.49442348066508307,0.15254150959750767
commons-jcs,BSZZ,101,0.995,0.1,0.0507426114569595,0.5124431800749444,0.15254150959750767
commons-jcs,BSZZ,101,0.995,0.25,0.08285813944837984,0.5384887355163434,0.15254150959750767
commons-jcs,BSZZ,101,0.999,0.0,-0.032427036129499924,0.43865660949163177,0.10969760800441926
commons-jcs,BSZZ,101,0.999,0.05,-0.01520975080023777,0.46142233226271645,0.10969760800441926
commons-jcs,BSZZ,101,0.999,0.1,0.005278677405468911,0.47784442916632175,0.10969760800441926
commons-jcs,BSZZ,101,0.999,0.25,0.03232432716754829,0.499720277729142,0.10969760800441926
commons-jcs,BSZZ,123,0.9,0.0,0.08416644567527645,0.45050476926225247,0.07204783462943463
commons-jcs,BSZZ,123,0.9,0.05,0.11127874586609472,0.4738853965277618,0.07204783462943463
commons-jcs,BSZZ,123,0.9,0.1,0.12336701098037854,0.4878863509823859,0.07204783462943463
commons-jcs,BSZZ,123,0.9,0.25,0.16604715161551306,0.5315021303121178,0.07204783462943463
commons-jcs,BSZZ,123,0.95,0.0,0.08038847205290865,0.48401826344968607,0.08557049391767303
commons-jcs,BSZZ,123,0.95,0.05,0.1054740077430152,0.5091381986413787,0.08557049391767303
commons-jcs,BSZZ,123,0.95,0.1,0.12177465759885647,0.5262271617669507,0.08557049391767303
commons-jcs,BSZZ,123,0.95,0.25,0.16045170825505004,0.5573944119056851,0.08557049391767303
commons-jcs,BSZZ,123,0.99,0.0,0.041984085481137655,0.48867576282617853,0.15668229253220725
commons-jcs,BSZZ,123,0.99,0.05,0.06345019106609788,0.5140374163399423,0.15668229253220725
commons-jcs,BSZZ,123,0.99,0.1,0.08620395493389413,0.5328683274505022,0.15668229253220725
commons-jcs,BSZZ,123,0.99,0.25,0.11907618011786632,0.5578145812089659,0.15668229253220725
commons-jcs,BSZZ,123,0.995,0.0,0.014598020486617232,0.46953176816878095,0.1665357461350328
commons-jcs,BSZZ,123,0.995,0.05,0.0344287030613817,0.49389987259273027,0.1665357461350328
commons-jcs,BSZZ,123,0.995,0.1,0.05677893232418852,0.5118901715493311,0.1665357461350328
commons-jcs,BSZZ,123,0.995,0.25,0.0877008043969866,0.5355259585001991,0.1665357461350328
commons-jcs,BSZZ,123,0.999,0.0,-0.030402415169418825,0.43650585373943845,0.1211984949208512
commons-jcs,BSZZ,123,0.999,0.05,-0.013080054575139818,0.45915995500945994,0.1211984949208512
commons-jcs,BSZZ,123,0.999,0.1,0.007527955504168633,0.4754550200352085,0.1211984949208512
commons-jcs,BSZZ,123,0.999,0.25,0.033090639173179136,0.4950380127163,0.1211984949208512
commons-jcs,BSZZ,202,0.9,0.0,0.09198888848091911,0.4578595344007159,0.05764426641798607
commons-jcs,BSZZ,202,0.9,0.05,0.11592212571684543,0.48162186466708223,0.05764426641798607
commons-jcs,BSZZ,202,0.9,0.1,0.12589983571210683,0.49574051222918536,0.05764426641798607
commons-jcs,BSZZ,202,0.9,0.25,0.1697523088558637,0.5412752813285692,0.05764426641798607
commons-jcs,BSZZ,202,0.95,0.0,0.08781056475028566,0.48974769720985734,0.0693364039779944
commons-jcs,BSZZ,202,0.95,0.05,0.11136788495550572,0.515164982761255,0.0693364039779944
commons-jcs,BSZZ,202,0.95,0.1,0.12636358070160347,0.5320750946844681,0.0693364039779944
commons-jcs,BSZZ,202,0.95,0.25,0.1669430089504783,0.564959364721305,0.0693364039779944
commons-jcs,BSZZ,202,0.99,0.0,0.057052676329597034,0.4944028070275661,0.14468741153945475
commons-jcs,BSZZ,202,0.99,0.05,0.07815451704025743,0.5200616868859588,0.14468741153945475
commons-jcs,BSZZ,202,0.99,0.1,0.1002213707644107,0.5386193648985659,0.14468741153945475
commons-jcs,BSZZ,202,0.99,0.25,0.13560811657247526,0.5642809473499286,0.14468741153945475
commons-jcs,BSZZ,202,0.995,0.0,0.03335627671624098,0.47757177748972424,0.1605108356298515
commons-jcs,BSZZ,202,0.995,0.05,0.0530843248785163,0.5023571482202036,0.1605108356298515
commons-jcs,BSZZ,202,0.995,0.1,0.07497693747434331,0.5202264134986624,0.1605108356298515
commons-jcs,BSZZ,202,0.995,0.25,0.10880239803409134,0.5447199952210532,0.1605108356298515
commons-jcs,BSZZ,202,0.999,0.0,-0.008368327609795976,0.4469643408611427,0.1296295874311397
commons-jcs,BSZZ,202,0.999,0.05,0.00907419203249461,0.4701612243741894,0.1296295874311397
commons-jcs,BSZZ,202,0.999,0.1,0.029430385946973767,0.4864966166011052,0.1296295874311397
commons-jcs,BSZZ,202,0.999,0.25,0.058226647779120726,0.5071554204759872,0.1296295874311397
commons-jcs,BSZZ,314,0.9,0.0,0.06823162180838398,0.44255608721640666,0.03979193288841815
commons-jcs,BSZZ,314,0.9,0.05,0.09451692481117364,0.46552418794535944,0.03979193288841815
commons-jcs,BSZZ,314,0.9,0.1,0.10566401815499397,0.47905566277369893,0.03979193288841815
commons-jcs,BSZZ,314,0.9,0.25,0.14896779030547755,0.5225104965276446,0.03979193288841815
commons-jcs,BSZZ,314,0.95,0.0,0.06691655463750662,0.4790067775332238,0.061811264246436924
commons-jcs,BSZZ,314,0.95,0.05,0.09130291486681384,0.5038666229495051,0.061811264246436924
commons-jcs,BSZZ,314,0.95,0.1,0.10680786164671865,0.5206595885094908,0.061811264246436924
commons-jcs,BSZZ,314,0.95,0.25,0.14633866251643604,0.5533768905490869,0.061811264246436924
commons-jcs,BSZZ,314,0.99,0.0,0.0383501820413457,0.487373522652922,0.14438495920793862
commons-jcs,BSZZ,314,0.99,0.05,0.05962769263765849,0.512667591550099,0.14438495920793862
commons-jcs,BSZZ,314,0.99,0.1,0.08216682424075628,0.5314215873649724,0.14438495920793862
commons-jcs,BSZZ,314,0.99,0.25,0.11720210763716811,0.5590664597021769,0.14438495920793862
commons-jcs,BSZZ,314,0.995,0.0,0.015243876086543146,0.4705568383865564,0.14981354878967393
commons-jcs,BSZZ,314,0.995,0.05,0.03510807774940501,0.49497814265725115,0.14981354878967393
commons-jcs,BSZZ,314,0.995,0.1,0.05749645371929335,0.5130289861896674,0.14981354878967393
commons-jcs,BSZZ,314,0.995,0.25,0.09128725940359363,0.5395874848706359,0.14981354878967393
commons-jcs,BSZZ,314,0.999,0.0,-0.0249965526591991,0.43976906286632217,0.11248009597792556
commons-jcs,BSZZ,314,0.999,0.05,-0.007393634643503621,0.4625925205593845,0.11248009597792556
commons-jcs,BSZZ,314,0.999,0.1,0.013533666394533062,0.4790803232229631,0.11248009597792556
commons-jcs,BSZZ,314,0.999,0.25,0.04280310177262319,0.5017785763799142,0.11248009597792556
commons-jcs,BSZZ,999,0.9,0.0,0.027975480366518733,0.41926882890152534,0.022364884924204236
commons-jcs,BSZZ,999,0.9,0.05,0.05217154058561666,0.4410283504014779,0.022364884924204236
commons-jcs,BSZZ,999,0.9,0.1,0.06094095192746723,0.4531843905014177,0.022364884924204236
commons-jcs,BSZZ,999,0.9,0.25,0.09408310490253953,0.48986494951710097,0.022364884924204236
commons-jcs,BSZZ,999,0.95,0.0,0.02558888180741734,0.455850215396722,0.03765055273874441
commons-jcs,BSZZ,999,0.95,0.05,0.047830388130352806,0.4795082645502228,0.03765055273874441
commons-jcs,BSZZ,999,0.95,0.1,0.060894364157675615,0.49493351479901876,0.03765055273874441
commons-jcs,BSZZ,999,0.95,0.25,0.09048840821903259,0.5216912551025146,0.03765055273874441
commons-jcs,BSZZ,999,0.99,0.0,-0.0011143583098493469,0.461661325228618,0.09809381146342289
commons-jcs,BSZZ,999,0.99,0.05,0.018114992597350794,0.48562096362655893,0.09809381146342289
commons-jcs,BSZZ,999,0.99,0.1,0.03832319719283772,0.5028562985152443,0.09809381146342289
commons-jcs,BSZZ,999,0.99,0.25,0.06400777906129068,0.5241941323572546,0.09809381146342289
commons-jcs,BSZZ,999,0.995,0.0,-0.018415888928402676,0.4496278382678986,0.09244285793555825
commons-jcs,BSZZ,999,0.995,0.05,-0.0002985864625190107,0.47296295392484017,0.09244285793555825
commons-jcs,BSZZ,999,0.995,0.1,0.020101714778892305,0.4897776504963456,0.09244285793555825
commons-jcs,BSZZ,999,0.995,0.25,0.045824800908031524,0.5110982231488685,0.09244285793555825
commons-jcs,BSZZ,999,0.999,0.0,-0.048884721947211184,0.42669717270672936,0.061193462861538914
commons-jcs,BSZZ,999,0.999,0.05,-0.032521569679374564,0.4488422158472052,0.061193462861538914
commons-jcs,BSZZ,999,0.999,0.1,-0.013005195474902828,0.464557942577747,0.061193462861538914
commons-jcs,BSZZ,999,0.999,0.25,0.010366633491408036,0.48378560945213916,0.061193462861538914
commons-jcs,AGSZZ,7,0.9,0.0,0.026380002800955187,0.3842242614427221,-0.10513743958753358
commons-jcs,AGSZZ,7,0.9,0.05,0.02951217891553927,0.40416501425177476,-0.10513743958753358
commons-jcs,AGSZZ,7,0.9,0.1,0.03657861705300348,0.41662766248081373,-0.10513743958753358
commons-jcs,AGSZZ,7,0.9,0.25,0.04296438742969695,0.4260326513445766,-0.10513743958753358
commons-jcs,AGSZZ,7,0.95,0.0,0.031385260779890775,0.4430641973841099,-0.05402774828157552
commons-jcs,AGSZZ,7,0.95,0.05,0.035103957858936836,0.466058668387589,-0.05402774828157552
commons-jcs,AGSZZ,7,0.95,0.1,0.042638925808339646,0.47803845910453513,-0.05402774828157552
commons-jcs,AGSZZ,7,0.95,0.25,0.04914662417395478,0.4829029381812329,-0.05402774828157552
commons-jcs,AGSZZ,7,0.99,0.0,0.02193682548624293,0.4793018024466289,0.09717136672162327
commons-jcs,AGSZZ,7,0.99,0.05,0.02517616517002283,0.5041769592824665,0.09717136672162327
commons-jcs,AGSZZ,7,0.99,0.1,0.03343658798624339,0.5158616150624641,0.09717136672162327
commons-jcs,AGSZZ,7,0.99,0.25,0.03943530281725117,0.5195725667907326,0.09717136672162327
commons-jcs,AGSZZ,7,0.995,0.0,0.013905692994597374,0.47668139332222803,0.07559250615931466
commons-jcs,AGSZZ,7,0.995,0.05,0.016711405209110703,0.5014205542414829,0.07559250615931466
commons-jcs,AGSZZ,7,0.995,0.1,0.02481707854726797,0.5131629772728504,0.07559250615931466
commons-jcs,AGSZZ,7,0.995,0.25,0.031336430334920944,0.5178899071717995,0.07559250615931466
commons-jcs,AGSZZ,7,0.999,0.0,0.0018692898627224292,0.4694195782246388,0.04491731965596117
commons-jcs,AGSZZ,7,0.999,0.05,0.004034110933658844,0.4937818601324998,0.04491731965596117
commons-jcs,AGSZZ,7,0.999,0.1,0.011689078553455889,0.5053811097288767,0.04491731965596117
commons-jcs,AGSZZ,7,0.999,0.25,0.017958473383323625,0.510425910203055,0.04491731965596117
commons-jcs,AGSZZ,13,0.9,0.0,0.02860973717202876,0.39309202267701276,-0.10955781546710215
commons-jcs,AGSZZ,13,0.9,0.05,0.031857633678023,0.41349300106911085,-0.10955781546710215
commons-jcs,AGSZZ,13,0.9,0.1,0.04228298323778681,0.42937080711543013,-0.10955781546710215
commons-jcs,AGSZZ,13,0.9,0.25,0.060137268209061484,0.4440253369771585,-0.10955781546710215
commons-jcs,AGSZZ,13,0.95,0.0,0.03390999318663412,0.4442556045549866,-0.06315026952854967
commons-jcs,AGSZZ,13,0.95,0.05,0.03775972068172636,0.46731190808252393,-0.06315026952854967
commons-jcs,AGSZZ,13,0.95,0.1,0.046964207252085305,0.4807419139538889,-0.06315026952854967
commons-jcs,AGSZZ,13,0.95,0.25,0.06764607877019001,0.4982592637366456,-0.06315026952854967
commons-jcs,AGSZZ,13,0.99,0.0,0.016182987322218775,0.4678008102135835,0.10619530290421543
commons-jcs,AGSZZ,13,0.99,0.05,0.019123710088625262,0.49207908011074414,0.10619530290421543
commons-jcs,AGSZZ,13,0.99,0.1,0.02741586175729672,0.5034354337401902,0.10619530290421543
commons-jcs,AGSZZ,13,0.99,0.25,0.04931235798507574,0.5228019659266365,0.10619530290421543
commons-jcs,AGSZZ,13,0.995,0.0,0.0029939967037471878,0.4608903649606385,0.0897453375247783
commons-jcs,AGSZZ,13,0.995,0.05,0.005233405693039171,0.4848099914965703,0.0897453375247783
commons-jcs,AGSZZ,13,0.995,0.1,0.013000590136739253,0.4958947180848375,0.0897453375247783
commons-jcs,AGSZZ,13,0.995,0.25,0.033301328923777816,0.5143015912155938,0.0897453375247783
commons-jcs,AGSZZ,13,0.999,0.0,-0.017681856765534135,0.44620961407062737,0.05291384556371844
commons-jcs,AGSZZ,13,0.999,0.05,-0.01653171545631736,0.4693673282185967,0.05291384556371844
commons-jcs,AGSZZ,13,0.999,0.1,-0.00976997209648125,0.47981906205747815,0.05291384556371844
commons-jcs,AGSZZ,13,0.999,0.25,0.007185544272420846,0.4958196157192549,0.05291384556371844
commons-jcs,AGSZZ,21,0.9,0.0,0.021839592978281728,0.39715553040914997,-0.15910930975882012
commons-jcs,AGSZZ,21,0.9,0.05,0.024736127570423268,0.41776739970886534,-0.15910930975882012
commons-jcs,AGSZZ,21,0.9,0.1,0.03029870171199465,0.42963096644203,-0.15910930975882012
commons-jcs,AGSZZ,21,0.9,0.25,0.03394952025864159,0.41742193364428715,-0.15910930975882012
commons-jcs,AGSZZ,21,0.95,0.0,0.027889238554757917,0.44606852534205954,-0.18725085667878952
commons-jcs,AGSZZ,21,0.95,0.05,0.031426496505664175,0.4692189171636096,-0.18725085667878952
commons-jcs,AGSZZ,21,0.95,0.1,0.037985953872256346,0.4805519383654711,-0.18725085667878952
commons-jcs,AGSZZ,21,0.95,0.25,0.04541763411804165,0.4788141501501258,-0.18725085667878952
commons-jcs,AGSZZ,21,0.99,0.0,0.01674434313805714,0.47283436494756526,-0.01983373408092528
commons-jcs,AGSZZ,21,0.99,0.05,0.01971419956072866,0.4973738699638313,-0.01983373408092528
commons-jcs,AGSZZ,21,0.99,0.1,0.027414049756570448,0.5084331674443191,-0.01983373408092528
commons-jcs,AGSZZ,21,0.99,0.25,0.04424579741810126,0.5219461056303474,-0.01983373408092528
commons-jcs,AGSZZ,21,0.995,0.0,0.005680160990897583,0.4668555702519668,0.0162929199542088
commons-jcs,AGSZZ,21,0.995,0.05,0.008058978506484718,0.49108478339162576,0.0162929199542088
commons-jcs,AGSZZ,21,0.995,0.1,0.015464144323607848,0.502052999083396,0.0162929199542088
commons-jcs,AGSZZ,21,0.995,0.25,0.03221299627235529,0.5164327639836279,0.0162929199542088
commons-jcs,AGSZZ,21,0.999,0.0,-0.012042236058172907,0.454162547598612,0.024462956327538532
commons-jcs,AGSZZ,21,0.999,0.05,-0.01059940557300448,0.47773300892967924,0.024462956327538532
commons-jcs,AGSZZ,21,0.999,0.1,-0.00395319038858731,0.48827156908409025,0.024462956327538532
commons-jcs,AGSZZ,21,0.999,0.25,0.010839901377406801,0.501776816024175,0.024462956327538532
commons-jcs,AGSZZ,42,0.9,0.0,0.03120973219718974,0.4147832746287984,-0.12094896118007133
commons-jcs,AGSZZ,42,0.9,0.05,0.034592565153856884,0.4363100015399132,-0.12094896118007133
commons-jcs,AGSZZ,42,0.9,0.1,0.04286396733190522,0.451361035971969,-0.12094896118007133
commons-jcs,AGSZZ,42,0.9,0.25,0.0477108225247701,0.44354122847971394,-0.12094896118007133
commons-jcs,AGSZZ,42,0.95,0.0,0.03563849179009652,0.4575528415776807,-0.07112296210253581
commons-jcs,AGSZZ,42,0.95,0.05,0.039577926174735545,0.4812992548747502,-0.07112296210253581
commons-jcs,AGSZZ,42,0.95,0.1,0.04783144356406828,0.4945733596887953,-0.07112296210253581
commons-jcs,AGSZZ,42,0.95,0.25,0.05649849391336774,0.4956344033924552,-0.07112296210253581
commons-jcs,AGSZZ,42,0.99,0.0,0.01633624964431503,0.4728936206655598,0.08936997441376571
commons-jcs,AGSZZ,42,0.99,0.05,0.019284926531235373,0.4974362009785825,0.08936997441376571
commons-jcs,AGSZZ,42,0.99,0.1,0.027333241771354995,0.5088557362013997,0.08936997441376571
commons-jcs,AGSZZ,42,0.99,0.25,0.04434408571462151,0.5227118129222215,0.08936997441376571
commons-jcs,AGSZZ,42,0.995,0.0,0.004911367046689722,0.46632158680821933,0.07374143817300795
commons-jcs,AGSZZ,42,0.995,0.05,0.007250285129729366,0.4905230868830763,0.07374143817300795
commons-jcs,AGSZZ,42,0.995,0.1,0.014921116968806993,0.5017413971519104,0.07374143817300795
commons-jcs,AGSZZ,42,0.995,0.25,0.03192949292225035,0.5164187912172807,0.07374143817300795
commons-jcs,AGSZZ,42,0.999,0.0,-0.01240778966464534,0.4538124688209245,0.04378851308454204
commons-jcs,AGSZZ,42,0.999,0.05,-0.010983930948926753,0.4773647615065674,0.04378851308454204
commons-jcs,AGSZZ,42,0.999,0.1,-0.0040909036512179935,0.488112683656239,0.04378851308454204
commons-jcs,AGSZZ,42,0.999,0.25,0.011174290579242269,0.5020218149045282,0.04378851308454204
commons-jcs,AGSZZ,77,0.9,0.0,0.01584902127098604,0.3866121238387068,-0.10513745564827355
commons-jcs,AGSZZ,77,0.9,0.05,0.018434652774521092,0.40667680368350057,-0.10513745564827355
commons-jcs,AGSZZ,77,0.9,0.1,0.037600964015412214,0.42216840503205855,-0.10513745564827355
commons-jcs,AGSZZ,77,0.9,0.25,0.057894571026782596,0.43798325055467263,-0.10513745564827355
commons-jcs,AGSZZ,77,0.95,0.0,0.01856410861282312,0.426542987628872,-0.05405709485080486
commons-jcs,AGSZZ,77,0.95,0.05,0.021617404123704925,0.4486800287589779,-0.05405709485080486
commons-jcs,AGSZZ,77,0.95,0.1,0.03756232280746711,0.46463595751351167,-0.05405709485080486
commons-jcs,AGSZZ,77,0.95,0.25,0.06091604860791254,0.48357215859384145,-0.05405709485080486
commons-jcs,AGSZZ,77,0.99,0.0,0.0063504626812418054,0.4533575772478499,0.09533378807346987
commons-jcs,AGSZZ,77,0.99,0.05,0.008780889865015316,0.4768862616366623,0.09533378807346987
commons-jcs,AGSZZ,77,0.99,0.1,0.020992033072383117,0.4930068743122436,0.09533378807346987
commons-jcs,AGSZZ,77,0.99,0.25,0.05042331222093119,0.520765484867917,0.09533378807346987
commons-jcs,AGSZZ,77,0.995,0.0,-0.004806420791162978,0.4477852916586649,0.07903060267696599
commons-jcs,AGSZZ,77,0.995,0.05,-0.002971843595910631,0.47102478147892474,0.07903060267696599
commons-jcs,AGSZZ,77,0.995,0.1,0.008392787447891405,0.48697357467545993,0.07903060267696599
commons-jcs,AGSZZ,77,0.995,0.25,0.03717207003458052,0.5150838021318611,0.07903060267696599
commons-jcs,AGSZZ,77,0.999,0.0,-0.026438442002977732,0.4318184296894756,0.05072308003867992
commons-jcs,AGSZZ,77,0.999,0.05,-0.025742756383299172,0.4542292595847522,0.05072308003867992
commons-jcs,AGSZZ,77,0.999,0.1,-0.015783300989398542,0.4694399117439733,0.05072308003867992
commons-jcs,AGSZZ,77,0.999,0.25,0.009700994377517258,0.495590849692218,0.05072308003867992
commons-jcs,AGSZZ,101,0.9,0.0,0.011896101669425337,0.35711026092473597,-0.10512238543148124
commons-jcs,AGSZZ,101,0.9,0.05,0.014276581649335086,0.3756438314284248,-0.10512238543148124
commons-jcs,AGSZZ,101,0.9,0.1,0.022227927455768653,0.38676045909859913,-0.10512238543148124
commons-jcs,AGSZZ,101,0.9,0.25,0.03961565376625675,0.4202468224760867,-0.10512238543148124
commons-jcs,AGSZZ,101,0.95,0.0,0.013942815302865718,0.41312862954737406,-0.05393891317801812
commons-jcs,AGSZZ,101,0.95,0.05,0.016756271540699075,0.43456948247325045,-0.05393891317801812
commons-jcs,AGSZZ,101,0.95,0.1,0.023766728918329906,0.44489183781994796,-0.05393891317801812
commons-jcs,AGSZZ,101,0.95,0.25,0.04440986199423343,0.47438075101536936,-0.05393891317801812
commons-jcs,AGSZZ,101,0.99,0.0,-0.0026508658707005248,0.4514986181203473,0.0975611715585242
commons-jcs,AGSZZ,101,0.99,0.05,-0.0006875962446860502,0.47493082488355515,0.0975611715585242
commons-jcs,AGSZZ,101,0.99,0.1,0.006023213240880356,0.4848880308213665,0.0975611715585242
commons-jcs,AGSZZ,101,0.99,0.25,0.021569230149068246,0.49899020293861496,0.0975611715585242
commons-jcs,AGSZZ,101,0.995,0.0,-0.01446390677311853,0.4464566448822725,0.07292009766896002
commons-jcs,AGSZZ,101,0.995,0.05,-0.013130540875663876,0.46962717961666883,0.07292009766896002
commons-jcs,AGSZZ,101,0.995,0.1,-0.006814953438510395,0.47949671058032706,0.07292009766896002
commons-jcs,AGSZZ,101,0.995,0.25,0.006459766897892986,0.4914360924298029,0.07292009766896002
commons-jcs,AGSZZ,101,0.999,0.0,-0.03201964572002497,0.43458717470154057,0.030182326341360612
commons-jcs,AGSZZ,101,0.999,0.05,-0.03161361750844634,0.4571416989582027,0.030182326341360612
commons-jcs,AGSZZ,101,0.999,0.1,-0.026083275556565984,0.4665970488814993,0.030182326341360612
commons-jcs,AGSZZ,101,0.999,0.25,-0.016044971127004037,0.4758540654984837,0.030182326341360612
commons-jcs,AGSZZ,123,0.9,0.0,0.0633469265641592,0.4355872237493287,-0.10513736318395943
commons-jcs,AGSZZ,123,0.9,0.05,0.0683976392284792,0.45819364928568623,-0.10513736318395943
commons-jcs,AGSZZ,123,0.9,0.1,0.07531107586818563,0.4701296813155275,-0.10513736318395943
commons-jcs,AGSZZ,123,0.9,0.25,0.07093438083262565,0.44642521591040607,-0.10513736318395943
commons-jcs,AGSZZ,123,0.95,0.0,0.06323948042973952,0.4714001885049762,-0.05398371197160747
commons-jcs,AGSZZ,123,0.95,0.05,0.06861137118681572,0.4958652615792851,-0.05398371197160747
commons-jcs,AGSZZ,123,0.95,0.1,0.07645735710426971,0.5075581723061862,-0.05398371197160747
commons-jcs,AGSZZ,123,0.95,0.25,0.07623711481226732,0.49518137067609186,-0.05398371197160747
commons-jcs,AGSZZ,123,0.99,0.0,0.0537993539941641,0.5046450648308736,0.10282719025436218
commons-jcs,AGSZZ,123,0.99,0.05,0.05869231857519053,0.5308355049043747,0.10282719025436218
commons-jcs,AGSZZ,123,0.99,0.1,0.0681299459553157,0.5433514770236028,0.10282719025436218
commons-jcs,AGSZZ,123,0.99,0.25,0.07932164479477659,0.5501224279300454,0.10282719025436218
commons-jcs,AGSZZ,123,0.995,0.0,0.04730816468698513,0.5037643841808027,0.09336476003235818
commons-jcs,AGSZZ,123,0.995,0.05,0.051847422900723646,0.5299091180433507,0.09336476003235818
commons-jcs,AGSZZ,123,0.995,0.1,0.061302615564806144,0.5427041765052171,0.09336476003235818
commons-jcs,AGSZZ,123,0.995,0.25,0.07425956394579863,0.5522824437660855,0.09336476003235818
commons-jcs,AGSZZ,123,0.999,0.0,0.0342243984758228,0.4962607179599791,0.07976285968256049
commons-jcs,AGSZZ,123,0.999,0.05,0.03806840872794543,0.5220160210439779,0.07976285968256049
commons-jcs,AGSZZ,123,0.999,0.1,0.04707089058180364,0.534738019650363,0.07976285968256049
commons-jcs,AGSZZ,123,0.999,0.25,0.05999650708754134,0.5454359129094554,0.07976285968256049
commons-jcs,AGSZZ,202,0.9,0.0,0.030213060808204024,0.3962958442590609,-0.12550558723531116
commons-jcs,AGSZZ,202,0.9,0.05,0.03354416778139216,0.416863096935797,-0.12550558723531116
commons-jcs,AGSZZ,202,0.9,0.1,0.03960131102571849,0.4286758873100461,-0.12550558723531116
commons-jcs,AGSZZ,202,0.9,0.25,0.05873688968786357,0.44347219809199473,-0.12550558723531116
commons-jcs,AGSZZ,202,0.95,0.0,0.03363013854432194,0.4455529191290558,-0.07851187659392034
commons-jcs,AGSZZ,202,0.95,0.05,0.03746534193772456,0.46867655164081695,-0.07851187659392034
commons-jcs,AGSZZ,202,0.95,0.1,0.04436387886066235,0.4799791191635913,-0.07851187659392034
commons-jcs,AGSZZ,202,0.95,0.25,0.06558501234220324,0.4975230522845287,-0.07851187659392034
commons-jcs,AGSZZ,202,0.99,0.0,0.014509893390666426,0.46714187931653545,0.10145532769580451
commons-jcs,AGSZZ,202,0.99,0.05,0.01736378469986577,0.491385951534229,0.10145532769580451
commons-jcs,AGSZZ,202,0.99,0.1,0.024931659729723273,0.5021090289959425,0.10145532769580451
commons-jcs,AGSZZ,202,0.99,0.25,0.04598709319251464,0.5207857933356285,0.10145532769580451
commons-jcs,AGSZZ,202,0.995,0.0,0.0015332911170814313,0.46015614244494946,0.08637313632980927
commons-jcs,AGSZZ,202,0.995,0.05,0.00369689133541988,0.48403766376171264,0.08637313632980927
commons-jcs,AGSZZ,202,0.995,0.1,0.010857127124221181,0.4946101855705198,0.08637313632980927
commons-jcs,AGSZZ,202,0.995,0.25,0.03012303168297958,0.5121884490712652,0.08637313632980927
commons-jcs,AGSZZ,202,0.999,0.0,-0.018536245045437112,0.44575290703051146,0.05010100852115497
commons-jcs,AGSZZ,202,0.999,0.05,-0.01743044540644316,0.4688869186612089,0.05010100852115497
commons-jcs,AGSZZ,202,0.999,0.1,-0.011167791282192328,0.4789287732123101,0.05010100852115497
commons-jcs,AGSZZ,202,0.999,0.25,0.004700509155305567,0.49406850595205026,0.05010100852115497
commons-jcs,AGSZZ,314,0.9,0.0,0.015584802570511804,0.33505062446133566,-0.1658980949245435
commons-jcs,AGSZZ,314,0.9,0.05,0.0181567214579463,0.3524393277561645,-0.1658980949245435
commons-jcs,AGSZZ,314,0.9,0.1,0.027812768459898315,0.36488898637047346,-0.1658980949245435
commons-jcs,AGSZZ,314,0.9,0.25,0.059404745911960925,0.4148425249199096,-0.1658980949245435
commons-jcs,AGSZZ,314,0.95,0.0,0.02086926748800485,0.40002816648516054,-0.21109091195517596
commons-jcs,AGSZZ,314,0.95,0.05,0.024042197826585936,0.4207891219609727,-0.21109091195517596
commons-jcs,AGSZZ,314,0.95,0.1,0.03247644915641563,0.4316068858308603,-0.21109091195517596
commons-jcs,AGSZZ,314,0.95,0.25,0.0668760410955207,0.47716712595965133,-0.21109091195517596
commons-jcs,AGSZZ,314,0.99,0.0,0.012798767366211933,0.454320401723671,-0.02770154409268765
commons-jcs,AGSZZ,314,0.99,0.05,0.01556385340072439,0.4778990554840134,-0.02770154409268765
commons-jcs,AGSZZ,314,0.99,0.1,0.023656120068203553,0.48845920452211894,-0.02770154409268765
commons-jcs,AGSZZ,314,0.99,0.25,0.05369003967564273,0.516410423825516,-0.02770154409268765
commons-jcs,AGSZZ,314,0.995,0.0,-0.0022593698061787073,0.44850109677735095,0.02215637018709592
commons-jcs,AGSZZ,314,0.995,0.05,-0.0002926038889208434,0.47177773597718814,0.02215637018709592
commons-jcs,AGSZZ,314,0.995,0.1,0.007164296594294847,0.48213070490260235,0.02215637018709592
commons-jcs,AGSZZ,314,0.995,0.25,0.03355723643434142,0.5065388174542687,0.02215637018709592
commons-jcs,AGSZZ,314,0.999,0.0,-0.028718201640222967,0.43118744471052434,0.029966250126957975
commons-jcs,AGSZZ,314,0.999,0.05,-0.028140832659945745,0.45356552728410854,0.029966250126957975
commons-jcs,AGSZZ,314,0.999,0.1,-0.02203093812705133,0.46312999422559886,0.029966250126957975
commons-jcs,AGSZZ,314,0.999,0.25,-0.0015435377427898674,0.4826360663547173,0.029966250126957975
commons-jcs,AGSZZ,999,0.9,0.0,-0.0145928556240134,0.2963892243765695,-0.16591442329757858
commons-jcs,AGSZZ,999,0.9,0.05,-0.013587118997307438,0.31177144994548006,-0.16591442329757858
commons-jcs,AGSZZ,999,0.9,0.1,-0.007200312531995516,0.3193016604735639,-0.16591442329757858
commons-jcs,AGSZZ,999,0.9,0.25,0.01822603359142521,0.360528701167513,-0.16591442329757858
commons-jcs,AGSZZ,999,0.95,0.0,-0.010980177864978619,0.3605024484855243,-0.20493612644083278
commons-jcs,AGSZZ,999,0.95,0.05,-0.00946019342446377,0.37921206922970974,-0.20493612644083278
commons-jcs,AGSZZ,999,0.95,0.1,-0.003921783544876835,0.3864261206242299,-0.20493612644083278
commons-jcs,AGSZZ,999,0.95,0.25,0.023966655512044462,0.4234006505990003,-0.20493612644083278
commons-jcs,AGSZZ,999,0.99,0.0,-0.02365926980773819,0.42270171600954454,-0.03140112542492431
commons-jcs,AGSZZ,999,0.99,0.05,-0.022786309753139597,0.4446394000049766,-0.03140112542492431
commons-jcs,AGSZZ,999,0.99,0.1,-0.017316337122325928,0.45289575053516723,-0.03140112542492431
commons-jcs,AGSZZ,999,0.99,0.25,0.004801504948078807,0.47388799920364844,-0.03140112542492431
commons-jcs,AGSZZ,999,0.995,0.0,-0.04017846722207333,0.41569150307999864,0.0009506728021810864
commons-jcs,AGSZZ,999,0.995,0.05,-0.04017965446184292,0.4372653658980746,0.0009506728021810864
commons-jcs,AGSZZ,999,0.995,0.1,-0.03538286752017008,0.44531778967432506,0.0009506728021810864
commons-jcs,AGSZZ,999,0.995,0.25,-0.017352772112974525,0.4624342116994933,0.0009506728021810864
commons-jcs,AGSZZ,999,0.999,0.0,-0.06340991148766095,0.399784924288044,-0.010719322722991908
commons-jcs,AGSZZ,999,0.999,0.05,-0.06463299833490899,0.42053325580172723,-0.010719322722991908
commons-jcs,AGSZZ,999,0.999,0.1,-0.06095668578772306,0.42793305143014143,-0.010719322722991908
commons-jcs,AGSZZ,999,0.999,0.25,-0.04823062991574113,0.4403929936216374,-0.010719322722991908
commons-jcs,MASZZ,7,0.9,0.0,0.002717424055799293,0.3456335692236717,-0.19454132189385462
commons-jcs,MASZZ,7,0.9,0.05,0.004621542286141108,0.36357151395553317,-0.19454132189385462
commons-jcs,MASZZ,7,0.9,0.1,0.010290377832115047,0.3737548479968152,-0.19454132189385462
commons-jcs,MASZZ,7,0.9,0.25,0.012477966158722981,0.3753460384040358,-0.19454132189385462
commons-jcs,MASZZ,7,0.95,0.0,0.002548547311079395,0.40000424341636814,-0.18220990843152945
commons-jcs,MASZZ,7,0.95,0.05,0.004770655463263095,0.4207639573151922,-0.18220990843152945
commons-jcs,MASZZ,7,0.95,0.1,0.010602416593657486,0.4302004621163086,-0.18220990843152945
commons-jcs,MASZZ,7,0.95,0.25,0.012391604039035782,0.4268934076666321,-0.18220990843152945
commons-jcs,MASZZ,7,0.99,0.0,0.004312849208227611,0.4608877017451761,0.0019975919917099576
commons-jcs,MASZZ,7,0.99,0.05,0.006637526832009246,0.48480719006359674,0.0019975919917099576
commons-jcs,MASZZ,7,0.99,0.1,0.01385701006240551,0.49540423848103754,0.0019975919917099576
commons-jcs,MASZZ,7,0.99,0.25,0.016962784018373665,0.496014911884967,0.0019975919917099576
commons-jcs,MASZZ,7,0.995,0.0,-0.00012458373524143094,0.4637837845602858,0.020489443072110276
commons-jcs,MASZZ,7,0.995,0.05,0.0019529748768372236,0.4878535759108829,0.020489443072110276
commons-jcs,MASZZ,7,0.995,0.1,0.009229966297941709,0.4988342167365215,0.020489443072110276
commons-jcs,MASZZ,7,0.995,0.25,0.013421767919094144,0.5014604830916434,0.020489443072110276
commons-jcs,MASZZ,7,0.999,0.0,-0.010423007838240015,0.4592639406796739,0.018159666305355378
commons-jcs,MASZZ,7,0.999,0.05,-0.008896141458113046,0.48309915785418867,0.018159666305355378
commons-jcs,MASZZ,7,0.999,0.1,-0.0019672040528272575,0.4940985765739758,0.018159666305355378
commons-jcs,MASZZ,7,0.999,0.25,0.002183358928067405,0.4974686170379455,0.018159666305355378
commons-jcs,MASZZ,13,0.9,0.0,0.006577842921563776,0.35919661908195816,-0.1897319735493141
commons-jcs,MASZZ,13,0.9,0.05,0.008682312004432619,0.377838468933047,-0.1897319735493141
commons-jcs,MASZZ,13,0.9,0.1,0.017806373448834397,0.39171428253322377,-0.1897319735493141
commons-jcs,MASZZ,13,0.9,0.25,0.031103942066473246,0.39995067743119916,-0.1897319735493141
commons-jcs,MASZZ,13,0.95,0.0,0.004165603033828339,0.4051977883963132,-0.17810515615264888
commons-jcs,MASZZ,13,0.95,0.05,0.006471634331116734,0.42622704070548895,-0.17810515615264888
commons-jcs,MASZZ,13,0.95,0.1,0.01391930321868744,0.4373501422588922,-0.17810515615264888
commons-jcs,MASZZ,13,0.95,0.25,0.02846492356602954,0.446816525628099,-0.17810515615264888
commons-jcs,MASZZ,13,0.99,0.0,-0.0016184033337342542,0.4487261568200948,-0.0067791190162991245
commons-jcs,MASZZ,13,0.99,0.05,0.0003984497910341614,0.47201447635126426,-0.0067791190162991245
commons-jcs,MASZZ,13,0.99,0.1,0.007639183100749982,0.4822442078444828,-0.0067791190162991245
commons-jcs,MASZZ,13,0.99,0.25,0.025790845734928045,0.49755344001853713,-0.0067791190162991245
commons-jcs,MASZZ,13,0.995,0.0,-0.009637792140381938,0.4489282387380956,0.02002891062840699
commons-jcs,MASZZ,13,0.995,0.05,-0.008053957002494118,0.47222704606500954,0.02002891062840699
commons-jcs,MASZZ,13,0.995,0.1,-0.0010328544213774574,0.48260524363171836,0.02002891062840699
commons-jcs,MASZZ,13,0.995,0.25,0.01661472277477624,0.49848057799828677,0.02002891062840699
commons-jcs,MASZZ,13,0.999,0.0,-0.02746164148413689,0.4386109219930153,0.020722454449660775
commons-jcs,MASZZ,13,0.999,0.05,-0.026819058622341282,0.4613742736407541,0.020722454449660775
commons-jcs,MASZZ,13,0.999,0.1,-0.02063494683065089,0.47137719960227015,0.020722454449660775
commons-jcs,MASZZ,13,0.999,0.25,-0.005739028313630262,0.4857782152611864,0.020722454449660775
commons-jcs,MASZZ,21,0.9,0.0,0.002774270109632599,0.34514403091312584,-0.1954283801637394
commons-jcs,MASZZ,21,0.9,0.05,0.004681338578211335,0.36305656922633867,-0.1954283801637394
commons-jcs,MASZZ,21,0.9,0.1,0.009117841680113056,0.3718481374564737,-0.1954283801637394
commons-jcs,MASZZ,21,0.9,0.25,0.009139939226116793,0.34990411225296864,-0.1954283801637394
commons-jcs,MASZZ,21,0.95,0.0,0.003971147456123913,0.39980675185970105,-0.1856302993260441
commons-jcs,MASZZ,21,0.95,0.05,0.006267086755075745,0.42055621619672356,-0.1856302993260441
commons-jcs,MASZZ,21,0.95,0.1,0.011413849991287278,0.4291568397507119,-0.1856302993260441
commons-jcs,MASZZ,21,0.95,0.25,0.014201100670108255,0.4180635012088655,-0.1856302993260441
commons-jcs,MASZZ,21,0.99,0.0,-0.00482292428084461,0.4482820403275688,-0.008869321735558888
commons-jcs,MASZZ,21,0.99,0.05,-0.0029723817368755815,0.471547310774949,-0.008869321735558888
commons-jcs,MASZZ,21,0.99,0.1,0.0034536229850365583,0.4811564538624783,-0.008869321735558888
commons-jcs,MASZZ,21,0.99,0.25,0.01571879780698433,0.48943724963597973,-0.008869321735558888
commons-jcs,MASZZ,21,0.995,0.0,-0.01385241891445934,0.44757131309746023,0.015241521694338872
commons-jcs,MASZZ,21,0.995,0.05,-0.012487317571175528,0.47079969770125246,0.015241521694338872
commons-jcs,MASZZ,21,0.995,0.1,-0.006235820785150979,0.4806289112553278,0.015241521694338872
commons-jcs,MASZZ,21,0.995,0.25,0.00634054739258149,0.49087967451778997,0.015241521694338872
commons-jcs,MASZZ,21,0.999,0.0,-0.02971526694813103,0.43891278649170695,0.00978391460498378
commons-jcs,MASZZ,21,0.999,0.05,-0.029189644395226255,0.4616918045248209,0.00978391460498378
commons-jcs,MASZZ,21,0.999,0.1,-0.023587266150024738,0.47132965534099114,0.00978391460498378
commons-jcs,MASZZ,21,0.999,0.25,-0.012594315107421566,0.4815569511885091,0.00978391460498378
commons-jcs,MASZZ,42,0.9,0.0,0.03648565213497574,0.41119034486283745,-0.18945491073000517
commons-jcs,MASZZ,42,0.9,0.05,0.04014229865803433,0.43253060326711124,-0.18945491073000517
commons-jcs,MASZZ,42,0.9,0.1,0.048725316888456285,0.44736942549668357,-0.18945491073000517
commons-jcs,MASZZ,42,0.9,0.25,0.05531733221795248,0.44050388956398695,-0.18945491073000517
commons-jcs,MASZZ,42,0.95,0.0,0.03724503122979854,0.45009222403886257,-0.17675407868367224
commons-jcs,MASZZ,42,0.95,0.05,0.041267842977763876,0.4734514407294871,-0.17675407868367224
commons-jcs,MASZZ,42,0.95,0.1,0.04961624874373725,0.4862848928776217,-0.17675407868367224
commons-jcs,MASZZ,42,0.95,0.25,0.05927656275014306,0.48655600795681775,-0.17675407868367224
commons-jcs,MASZZ,42,0.99,0.0,0.027915046174155755,0.4801384472767091,0.005684308823085813
commons-jcs,MASZZ,42,0.99,0.05,0.03146464794427037,0.5050570249201838,0.005684308823085813
commons-jcs,MASZZ,42,0.99,0.1,0.0401968512851219,0.5169044673696686,0.005684308823085813
commons-jcs,MASZZ,42,0.99,0.25,0.05995937095835678,0.5325477414807025,0.005684308823085813
commons-jcs,MASZZ,42,0.995,0.0,0.018077839158583388,0.4764994561565875,0.043191190467163014
commons-jcs,MASZZ,42,0.995,0.05,0.02110008047780991,0.5012291747672457,0.043191190467163014
commons-jcs,MASZZ,42,0.995,0.1,0.02954857462252843,0.5130486290081856,0.043191190467163014
commons-jcs,MASZZ,42,0.995,0.25,0.04960353067549793,0.5301011239293626,0.043191190467163014
commons-jcs,MASZZ,42,0.999,0.0,-0.00236885076650261,0.462834084159617,0.050983462843269815
commons-jcs,MASZZ,42,0.999,0.05,-0.000423983829487994,0.4868545872615718,0.050983462843269815
commons-jcs,MASZZ,42,0.999,0.1,0.007061981675461967,0.4981353605900004,0.050983462843269815
commons-jcs,MASZZ,42,0.999,0.25,0.02464496772713374,0.5141248577931966,0.050983462843269815
commons-jcs,MASZZ,77,0.9,0.0,-0.0038653981897341064,0.36420717108908307,-0.19388567249079758
commons-jcs,MASZZ,77,0.9,0.05,-0.0023029201012490915,0.383109062246871,-0.19388567249079758
commons-jcs,MASZZ,77,0.9,0.1,0.015698981967473127,0.39727734121529745,-0.19388567249079758
commons-jcs,MASZZ,77,0.9,0.25,0.032139255219377286,0.4091075250593663,-0.19388567249079758
commons-jcs,MASZZ,77,0.95,0.0,-0.0009041432706496813,0.40737282841654326,-0.17950696132776914
commons-jcs,MASZZ,77,0.95,0.05,0.0011387746108366967,0.42851496254955374,-0.17950696132776914
commons-jcs,MASZZ,77,0.95,0.1,0.015933823723020716,0.4433386282281572,-0.17950696132776914
commons-jcs,MASZZ,77,0.95,0.25,0.03546250591508379,0.4585570786881067,-0.17950696132776914
commons-jcs,MASZZ,77,0.99,0.0,-0.01096051806618039,0.43910233866921977,0.007794263286282017
commons-jcs,MASZZ,77,0.99,0.05,-0.009428508870564243,0.4618911942204071,0.007794263286282017
commons-jcs,MASZZ,77,0.99,0.1,0.0017601814666239667,0.47716983786994194,0.007794263286282017
commons-jcs,MASZZ,77,0.99,0.25,0.027534184515683575,0.5019095699533496,0.007794263286282017
commons-jcs,MASZZ,77,0.995,0.0,-0.022537887107278328,0.43344024290699834,0.029071980882422088
commons-jcs,MASZZ,77,0.995,0.05,-0.021623550568938298,0.4559352428553362,0.029071980882422088
commons-jcs,MASZZ,77,0.995,0.1,-0.011306207884584332,0.47103676249279286,0.029071980882422088
commons-jcs,MASZZ,77,0.995,0.25,0.013678835200356789,0.49606887370809827,0.029071980882422088
commons-jcs,MASZZ,77,0.999,0.0,-0.0447197459499151,0.41673153951861003,0.021209751202915107
commons-jcs,MASZZ,77,0.999,0.05,-0.044972836864191526,0.438359378911348,0.021209751202915107
commons-jcs,MASZZ,77,0.999,0.1,-0.03609314534756026,0.45267894151404114,0.021209751202915107
commons-jcs,MASZZ,77,0.999,0.25,-0.014556406189021195,0.47556113475575257,0.021209751202915107
commons-jcs,MASZZ,101,0.9,0.0,-0.009163378024516201,0.3058825720411207,-0.1945819564263994
commons-jcs,MASZZ,101,0.9,0.05,-0.007875858383152785,0.3217574903369257,-0.1945819564263994
commons-jcs,MASZZ,101,0.9,0.1,-0.0011683661614311,0.32984841436292495,-0.1945819564263994
commons-jcs,MASZZ,101,0.9,0.25,0.011713915003552903,0.35209233344958707,-0.1945819564263994
commons-jcs,MASZZ,101,0.95,0.0,-0.014055432329578189,0.3619393025566566,-0.18350593018123518
commons-jcs,MASZZ,101,0.95,0.05,-0.012695049703048864,0.3807234942083311,-0.18350593018123518
commons-jcs,MASZZ,101,0.95,0.1,-0.007338276138569661,0.3880224117112765,-0.18350593018123518
commons-jcs,MASZZ,101,0.95,0.25,0.007387457342282496,0.4063914844332286,-0.18350593018123518
commons-jcs,MASZZ,101,0.99,0.0,-0.02030497291860297,0.4298706159310984,-0.0065381942224754745
commons-jcs,MASZZ,101,0.99,0.05,-0.019257929101403688,0.4521803567579022,-0.0065381942224754745
commons-jcs,MASZZ,101,0.99,0.1,-0.013589838840412335,0.4608601299934709,-0.0065381942224754745
commons-jcs,MASZZ,101,0.99,0.25,-0.0017631894085568178,0.47032852348786275,-0.0065381942224754745
commons-jcs,MASZZ,101,0.995,0.0,-0.02922254065518656,0.431384987438151,0.013660872050808442
commons-jcs,MASZZ,101,0.995,0.05,-0.028655129174396193,0.45377332222924494,0.013660872050808442
commons-jcs,MASZZ,101,0.995,0.1,-0.0232112432192571,0.4627526633395986,0.013660872050808442
commons-jcs,MASZZ,101,0.995,0.25,-0.013061024771410988,0.4714711708283092,0.013660872050808442
commons-jcs,MASZZ,101,0.999,0.0,-0.045363407696794464,0.42362223463645526,-9.010288780060392e-05
commons-jcs,MASZZ,101,0.999,0.05,-0.04564990384097223,0.4456076923834106,-9.010288780060392e-05
commons-jcs,MASZZ,101,0.999,0.1,-0.040907695613645455,0.4544154109214914,-9.010288780060392e-05
commons-jcs,MASZZ,101,0.999,0.25,-0.0337159535819413,0.4613303114903637,-9.010288780060392e-05
commons-jcs,MASZZ,123,0.9,0.0,0.04409717065034808,0.41789532556382303,-0.20056905112480672
commons-jcs,MASZZ,123,0.9,0.05,0.0481488453495209,0.43958356397916065,-0.20056905112480672
commons-jcs,MASZZ,123,0.9,0.1,0.05392531762703984,0.45047464469499915,-0.20056905112480672
commons-jcs,MASZZ,123,0.9,0.25,0.04639291800799565,0.42444334079650414,-0.20056905112480672
commons-jcs,MASZZ,123,0.95,0.0,0.042657033423958345,0.45506629581262986,-0.1924983170100726
commons-jcs,MASZZ,123,0.95,0.05,0.04696072123516487,0.47868366053201944,-0.1924983170100726
commons-jcs,MASZZ,123,0.95,0.1,0.0535910289467775,0.48941182895412755,-0.1924983170100726
commons-jcs,MASZZ,123,0.95,0.25,0.04960167001608576,0.47421208942656295,-0.1924983170100726
commons-jcs,MASZZ,123,0.99,0.0,0.035154253782119976,0.4902076401863722,-0.007023071187839837
commons-jcs,MASZZ,123,0.99,0.05,0.039079561263534,0.5156487961960448,-0.007023071187839837
commons-jcs,MASZZ,123,0.99,0.1,0.047415937564662405,0.5273120386819174,-0.007023071187839837
commons-jcs,MASZZ,123,0.99,0.25,0.05468177217769109,0.5310786304422291,-0.007023071187839837
commons-jcs,MASZZ,123,0.995,0.0,0.02850298025095757,0.48883909348864846,0.03119025790604865
commons-jcs,MASZZ,123,0.995,0.05,0.03206627319649719,0.5142092236570468,0.03119025790604865
commons-jcs,MASZZ,123,0.995,0.1,0.040410759593764826,0.5261227372469548,0.03119025790604865
commons-jcs,MASZZ,123,0.995,0.25,0.04934973704169036,0.5325312319502316,0.03119025790604865
commons-jcs,MASZZ,123,0.999,0.0,0.014718023342886764,0.48025251851803563,0.04566161448527523
commons-jcs,MASZZ,123,0.999,0.05,0.017549677417224116,0.5051770163145413,0.04566161448527523
commons-jcs,MASZZ,123,0.999,0.1,0.025400037994277116,0.5169535093077762,0.04566161448527523
commons-jcs,MASZZ,123,0.999,0.25,0.03411486165773406,0.524203914270703,0.04566161448527523
commons-jcs,MASZZ,202,0.9,0.0,-0.0044020107069733935,0.33322404902081326,-0.19311291423337992
commons-jcs,MASZZ,202,0.9,0.05,-0.0028673821288767456,0.35051795536239977,-0.19311291423337992
commons-jcs,MASZZ,202,0.9,0.1,0.0011452623236965025,0.3586054837766452,-0.19311291423337992
commons-jcs,MASZZ,202,0.9,0.25,0.012945902145109286,0.3605425017946974,-0.19311291423337992
commons-jcs,MASZZ,202,0.95,0.0,-0.003770413357928482,0.38757991621379384,-0.17748246966852418
commons-jcs,MASZZ,202,0.95,0.05,-0.0018762512657818896,0.407694823257801,-0.17748246966852418
commons-jcs,MASZZ,202,0.95,0.1,0.0028132657179215847,0.41557328303714397,-0.17748246966852418
commons-jcs,MASZZ,202,0.95,0.25,0.016204678501621772,0.4208911179493765,-0.17748246966852418
commons-jcs,MASZZ,202,0.99,0.0,-0.011732924545321408,0.44155244387986187,0.0008829519657044803
commons-jcs,MASZZ,202,0.99,0.05,-0.010241002268242958,0.46446845679008253,0.0008829519657044803
commons-jcs,MASZZ,202,0.99,0.1,-0.004223128645685671,0.4736801241191032,0.0008829519657044803
commons-jcs,MASZZ,202,0.99,0.25,0.011223176114267732,0.4868619782969081,0.0008829519657044803
commons-jcs,MASZZ,202,0.995,0.0,-0.02154456474818448,0.43987802771506135,0.023354905492708588
commons-jcs,MASZZ,202,0.995,0.05,-0.020578676036777554,0.4627071405458431,0.023354905492708588
commons-jcs,MASZZ,202,0.995,0.1,-0.014781506865131716,0.47208195917942747,0.023354905492708588
commons-jcs,MASZZ,202,0.995,0.25,-0.00047507114284987936,0.48529306093570995,0.023354905492708588
commons-jcs,MASZZ,202,0.999,0.0,-0.03945749519808245,0.4286168392647471,0.011748598483739148
commons-jcs,MASZZ,202,0.999,0.05,-0.03943748195941566,0.4508615106696264,0.011748598483739148
commons-jcs,MASZZ,202,0.999,0.1,-0.034410517053379865,0.45989124338162796,0.011748598483739148
commons-jcs,MASZZ,202,0.999,0.25,-0.02306150279724716,0.47132593386018384,0.011748598483739148
commons-jcs,MASZZ,314,0.9,0.0,-0.014047150022241873,0.30712941919727615,-0.18923265469520917
commons-jcs,MASZZ,314,0.9,0.05,-0.013013091965570548,0.3230690472821981,-0.18923265469520917
commons-jcs,MASZZ,314,0.9,0.1,-0.005107221653174291,0.33386957250091,-0.18923265469520917
commons-jcs,MASZZ,314,0.9,0.25,0.02008321407110724,0.3776821418017167,-0.18923265469520917
commons-jcs,MASZZ,314,0.95,0.0,-0.016883130552635586,0.3592375246967324,-0.17474819259534874
commons-jcs,MASZZ,314,0.95,0.05,-0.01566950188451811,0.3778814974974489,-0.17474819259534874
commons-jcs,MASZZ,314,0.95,0.1,-0.009465051875365397,0.3862900097263365,-0.17474819259534874
commons-jcs,MASZZ,314,0.95,0.25,0.016839200967611313,0.4229476700049284,-0.17474819259534874
commons-jcs,MASZZ,314,0.99,0.0,-0.021824450724275708,0.4256436125675033,0.010133845852593349
commons-jcs,MASZZ,314,0.99,0.05,-0.020856265881801218,0.44773397727037373,0.010133845852593349
commons-jcs,MASZZ,314,0.99,0.1,-0.014808979174036055,0.45660036523231234,0.010133845852593349
commons-jcs,MASZZ,314,0.99,0.25,0.007737463448661784,0.478326135074919,0.010133845852593349
commons-jcs,MASZZ,314,0.995,0.0,-0.03062246177865924,0.4270688406624876,0.025873906015690486
commons-jcs,MASZZ,314,0.995,0.05,-0.030127704432125053,0.4492331728994016,0.025873906015690486
commons-jcs,MASZZ,314,0.995,0.1,-0.024346036867110663,0.45832027063595615,0.025873906015690486
commons-jcs,MASZZ,314,0.995,0.25,-0.004096544824785511,0.47807854862205856,0.025873906015690486
commons-jcs,MASZZ,314,0.999,0.0,-0.04914023779683898,0.4167505814153296,0.010519132922507257
commons-jcs,MASZZ,314,0.999,0.05,-0.04962274664241145,0.4383794090584038,0.010519132922507257
commons-jcs,MASZZ,314,0.999,0.1,-0.04471905583580521,0.44709117952198024,0.010519132922507257
commons-jcs,MASZZ,314,0.999,0.25,-0.02865184457652848,0.46347154171689386,0.010519132922507257
commons-jcs,MASZZ,999,0.9,0.0,-0.03218070306967907,0.2695778369957287,-0.19392760657567074
commons-jcs,MASZZ,999,0.9,0.05,-0.03208775346230511,0.28356858549803865,-0.19392760657567074
commons-jcs,MASZZ,999,0.9,0.1,-0.026739752675509106,0.2895152127282715,-0.19392760657567074
commons-jcs,MASZZ,999,0.9,0.25,-0.005052848883936454,0.32484873073490006,-0.19392760657567074
commons-jcs,MASZZ,999,0.95,0.0,-0.032199661863971406,0.33387856160224777,-0.1808959324624748
commons-jcs,MASZZ,999,0.95,0.05,-0.03178094178289794,0.3512064363183137,-0.1808959324624748
commons-jcs,MASZZ,999,0.95,0.1,-0.027495835955522557,0.3568479789129961,-0.1808959324624748
commons-jcs,MASZZ,999,0.95,0.25,-0.004038531847187718,0.3880583691959485,-0.1808959324624748
commons-jcs,MASZZ,999,0.99,0.0,-0.04059961207270472,0.408020934721561,-0.0066947129115237074
commons-jcs,MASZZ,999,0.99,0.05,-0.04060583433818666,0.42919670475141414,-0.0066947129115237074
commons-jcs,MASZZ,999,0.99,0.1,-0.03613642324824463,0.4365859520721801,-0.0066947129115237074
commons-jcs,MASZZ,999,0.99,0.25,-0.017587589028357338,0.4544534622509956,-0.0066947129115237074
commons-jcs,MASZZ,999,0.995,0.0,-0.05335848948237438,0.40588487545457375,0.009165786125180863
commons-jcs,MASZZ,999,0.995,0.05,-0.054043703193881104,0.4269497867123428,0.009165786125180863
commons-jcs,MASZZ,999,0.995,0.1,-0.0500253788815473,0.4344229934754907,0.009165786125180863
commons-jcs,MASZZ,999,0.995,0.25,-0.0347752703069142,0.44946451144695004,0.009165786125180863
commons-jcs,MASZZ,999,0.999,0.0,-0.07379395601373877,0.39347236531226254,-0.016031562662973616
commons-jcs,MASZZ,999,0.999,0.05,-0.07555596162753009,0.4138930830056838,-0.016031562662973616
commons-jcs,MASZZ,999,0.999,0.1,-0.07249297054864641,0.42092003470704736,-0.016031562662973616
commons-jcs,MASZZ,999,0.999,0.25,-0.06196224574449937,0.4320541267476106,-0.016031562662973616
commons-jcs,LSZZ,7,0.9,0.0,-0.012611278715853408,0.29911662946357054,-0.18864198501760773
commons-jcs,LSZZ,7,0.9,0.05,-0.011502700755939135,0.314640403904085,-0.18864198501760773
commons-jcs,LSZZ,7,0.9,0.1,-0.005905612877189393,0.3230233657492776,-0.18864198501760773
commons-jcs,LSZZ,7,0.9,0.25,0.023360905852795964,0.3657297606532819,-0.18864198501760773
commons-jcs,LSZZ,7,0.95,0.0,-0.011051679347087633,0.36096932010885335,-0.17323047667132196
commons-jcs,LSZZ,7,0.95,0.05,-0.009535405742986017,0.3797031708993128,-0.17323047667132196
commons-jcs,LSZZ,7,0.95,0.1,-0.004036574854449958,0.3873290819997687,-0.17323047667132196
commons-jcs,LSZZ,7,0.95,0.25,0.026935846005793646,0.4255920621453663,-0.17323047667132196
commons-jcs,LSZZ,7,0.99,0.0,-0.018605020180895996,0.4291747557454694,0.01985692065666564
commons-jcs,LSZZ,7,0.99,0.05,-0.01746975096844863,0.4514483823094748,0.01985692065666564
commons-jcs,LSZZ,7,0.99,0.1,-0.011471211003318351,0.46030136375558417,0.01985692065666564
commons-jcs,LSZZ,7,0.99,0.25,0.014041497665871941,0.484259720132674,0.01985692065666564
commons-jcs,LSZZ,7,0.995,0.0,-0.03289892138661651,0.42530907813833396,0.041801063011555395
commons-jcs,LSZZ,7,0.995,0.05,-0.03252230941214087,0.4473820809277918,0.041801063011555395
commons-jcs,LSZZ,7,0.995,0.1,-0.027071914593501813,0.45619079287833747,0.041801063011555395
commons-jcs,LSZZ,7,0.995,0.25,-0.005406742540247476,0.4768428791534083,0.041801063011555395
commons-jcs,LSZZ,7,0.999,0.0,-0.05775239158354799,0.40963542369587996,0.015728669234043625
commons-jcs,LSZZ,7,0.999,0.05,-0.05868186030919017,0.43089498365984336,0.015728669234043625
commons-jcs,LSZZ,7,0.999,0.1,-0.0544552948671077,0.43904437359876064,0.015728669234043625
commons-jcs,LSZZ,7,0.999,0.25,-0.03867238107331274,0.4549514640754874,0.015728669234043625
commons-jcs,LSZZ,13,0.9,0.0,0.008588804880979132,0.33344930574174103,-0.1886746272613049
commons-jcs,LSZZ,13,0.9,0.05,0.01079764034402015,0.3507549026220086,-0.1886746272613049
commons-jcs,LSZZ,13,0.9,0.1,0.014304137954983994,0.3578300160726023,-0.1886746272613049
commons-jcs,LSZZ,13,0.9,0.25,0.012107382733286483,0.3524290467359697,-0.1886746272613049
commons-jcs,LSZZ,13,0.95,0.0,0.012595856953410756,0.3956783738058477,-0.17353055678215717
commons-jcs,LSZZ,13,0.95,0.05,0.015339407757917988,0.41621358054767016,-0.17353055678215717
commons-jcs,LSZZ,13,0.95,0.1,0.02020875233728696,0.423810399061269,-0.17353055678215717
commons-jcs,LSZZ,13,0.95,0.25,0.01870796739525237,0.41490578232501446,-0.17353055678215717
commons-jcs,LSZZ,13,0.99,0.0,0.009635236267389064,0.4608769715206363,0.017890282600433443
commons-jcs,LSZZ,13,0.99,0.05,0.012236139042342362,0.4847959029539857,0.017890282600433443
commons-jcs,LSZZ,13,0.99,0.1,0.01924926545883061,0.4949002861824046,0.017890282600433443
commons-jcs,LSZZ,13,0.99,0.25,0.01907239244031675,0.4910857950298186,0.017890282600433443
commons-jcs,LSZZ,13,0.995,0.0,5.2492656360479126e-06,0.4601424659871092,0.03681462515088302
commons-jcs,LSZZ,13,0.995,0.05,0.0020895460461146775,0.48402327751302243,0.03681462515088302
commons-jcs,LSZZ,13,0.995,0.1,0.008934257315374977,0.4943961492400136,0.03681462515088302
commons-jcs,LSZZ,13,0.995,0.25,0.00908628013069761,0.49224493355692,0.03681462515088302
commons-jcs,LSZZ,13,0.999,0.0,-0.014181868264033991,0.4539762528083391,0.020664630688297693
commons-jcs,LSZZ,13,0.999,0.05,-0.012850081981954559,0.47753704567560734,0.020664630688297693
commons-jcs,LSZZ,13,0.999,0.1,-0.006526177331348361,0.4879006614863712,0.020664630688297693
commons-jcs,LSZZ,13,0.999,0.25,-0.00691139845188407,0.48658662018975873,0.020664630688297693
commons-jcs,LSZZ,21,0.9,0.0,-0.023005706041339953,0.28560049403264937,-0.19460719120817066
commons-jcs,LSZZ,21,0.9,0.05,-0.02243658570211549,0.30042279815333117,-0.19460719120817066
commons-jcs,LSZZ,21,0.9,0.1,-0.018844830843611864,0.30664367273064386,-0.19460719120817066
commons-jcs,LSZZ,21,0.9,0.25,0.007457401991624969,0.3456907962342862,-0.19460719120817066
commons-jcs,LSZZ,21,0.95,0.0,-0.025525087607442664,0.3405076003066989,-0.18559144271451292
commons-jcs,LSZZ,21,0.95,0.05,-0.024759965571283515,0.35817951374033774,-0.18559144271451292
commons-jcs,LSZZ,21,0.95,0.1,-0.020934474490056823,0.3637828452401157,-0.18559144271451292
commons-jcs,LSZZ,21,0.95,0.25,0.00594731732762064,0.39668634522257207,-0.18559144271451292
commons-jcs,LSZZ,21,0.99,0.0,-0.03829993381423637,0.40839077580728084,-0.012364380060199262
commons-jcs,LSZZ,21,0.99,0.05,-0.03818680568908895,0.42958574012132966,-0.012364380060199262
commons-jcs,LSZZ,21,0.99,0.1,-0.033595390096324916,0.4369799425147997,-0.012364380060199262
commons-jcs,LSZZ,21,0.99,0.25,-0.013683549823647728,0.4553826125800266,-0.012364380060199262
commons-jcs,LSZZ,21,0.995,0.0,-0.05352932725913867,0.40400062287548705,0.009766216828315183
commons-jcs,LSZZ,21,0.995,0.05,-0.05422340723500912,0.42496774380953134,0.009766216828315183
commons-jcs,LSZZ,21,0.995,0.1,-0.05019575963440512,0.43233467117919294,0.009766216828315183
commons-jcs,LSZZ,21,0.995,0.25,-0.034367151329748435,0.4473126141286969,0.009766216828315183
commons-jcs,LSZZ,21,0.999,0.0,-0.07646155496810421,0.3897808820010201,-0.01625807327166718
commons-jcs,LSZZ,21,0.999,0.05,-0.07836200559091955,0.4100100163833515,-0.01625807327166718
commons-jcs,LSZZ,21,0.999,0.1,-0.07541723880131636,0.41683652558199896,-0.01625807327166718
commons-jcs,LSZZ,21,0.999,0.25,-0.06504619552161156,0.4274095039804959,-0.01625807327166718
commons-jcs,LSZZ,42,0.9,0.0,0.031221547633060353,0.3792165746861183,-0.19110521368166086
commons-jcs,LSZZ,42,0.9,0.05,0.034604993795892935,0.3988974348913472,-0.19110521368166086
commons-jcs,LSZZ,42,0.9,0.1,0.04033514936855548,0.40983419384848974,-0.19110521368166086
commons-jcs,LSZZ,42,0.9,0.25,0.04373580181021304,0.39179296412517495,-0.19110521368166086
commons-jcs,LSZZ,42,0.95,0.0,0.03056192598643868,0.42893145286157447,-0.1802683618700457
commons-jcs,LSZZ,42,0.95,0.05,0.03423789303190052,0.451192452313884,-0.1802683618700457
commons-jcs,LSZZ,42,0.95,0.1,0.04079978531702009,0.46149459446666774,-0.1802683618700457
commons-jcs,LSZZ,42,0.95,0.25,0.04529491249308433,0.4521698317452926,-0.1802683618700457
commons-jcs,LSZZ,42,0.99,0.0,0.0222291914243612,0.4767850478425418,0.02254283435324651
commons-jcs,LSZZ,42,0.99,0.05,0.025483704530245968,0.5015295883001927,0.02254283435324651
commons-jcs,LSZZ,42,0.99,0.1,0.03348599340245441,0.5128101655575569,0.02254283435324651
commons-jcs,LSZZ,42,0.99,0.25,0.0419603958885133,0.517469776570772,0.02254283435324651
commons-jcs,LSZZ,42,0.995,0.0,0.008215103377841343,0.4702632512427511,0.055516205698862994
commons-jcs,LSZZ,42,0.995,0.05,0.010725481194523032,0.4946693187123116,0.055516205698862994
commons-jcs,LSZZ,42,0.995,0.1,0.018264527891342218,0.5058294886337968,0.055516205698862994
commons-jcs,LSZZ,42,0.995,0.25,0.02598737357318236,0.5110181760376046,0.055516205698862994
commons-jcs,LSZZ,42,0.999,0.0,-0.013099778030601243,0.45655204186383497,0.03938511402637977
commons-jcs,LSZZ,42,0.999,0.05,-0.011711832635141122,0.48024651492259096,0.03938511402637977
commons-jcs,LSZZ,42,0.999,0.1,-0.005140373624210366,0.49091884488856574,0.03938511402637977
commons-jcs,LSZZ,42,0.999,0.25,0.00017195950173965767,0.4951042895036426,0.03938511402637977
commons-jcs,LSZZ,77,0.9,0.0,-0.013232086461087662,0.29860017993890575,-0.18927625935364717
commons-jcs,LSZZ,77,0.9,0.05,-0.012155727637318467,0.3140971513028237,-0.18927625935364717
commons-jcs,LSZZ,77,0.9,0.1,-0.0031064644726308565,0.32525077644093886,-0.18927625935364717
commons-jcs,LSZZ,77,0.9,0.25,0.025079076515255216,0.36843596362920916,-0.18927625935364717
commons-jcs,LSZZ,77,0.95,0.0,-0.01222423135419719,0.35754430610174404,-0.17635950372376769
commons-jcs,LSZZ,77,0.95,0.05,-0.010768811715021526,0.3761004030006954,-0.17635950372376769
commons-jcs,LSZZ,77,0.95,0.1,-0.003828550214674399,0.3847996161511327,-0.17635950372376769
commons-jcs,LSZZ,77,0.95,0.25,0.026227780406140145,0.4226740387505032,-0.17635950372376769
commons-jcs,LSZZ,77,0.99,0.0,-0.02067499250063496,0.4254812958043468,0.008014265506117411
commons-jcs,LSZZ,77,0.99,0.05,-0.019647152231363933,0.44756323647267365,0.008014265506117411
commons-jcs,LSZZ,77,0.99,0.1,-0.013442494464674215,0.456504999958658,0.008014265506117411
commons-jcs,LSZZ,77,0.99,0.25,0.011725164093196828,0.4799059793994067,0.008014265506117411
commons-jcs,LSZZ,77,0.995,0.0,-0.03621905056351528,0.4208971262481145,0.035126146106554644
commons-jcs,LSZZ,77,0.995,0.05,-0.03601474909062552,0.4427411543192191,0.035126146106554644
commons-jcs,LSZZ,77,0.995,0.1,-0.030492526354410736,0.4515284541196954,0.035126146106554644
commons-jcs,LSZZ,77,0.995,0.25,-0.009267142281729255,0.47153326968969306,0.035126146106554644
commons-jcs,LSZZ,77,0.999,0.0,-0.06232062881072273,0.40455785627362706,0.010249474950392414
commons-jcs,LSZZ,77,0.999,0.05,-0.0634871832658765,0.425553896915676,0.010249474950392414
commons-jcs,LSZZ,77,0.999,0.1,-0.0593029102393125,0.433596873832897,0.010249474950392414
commons-jcs,LSZZ,77,0.999,0.25,-0.04409357938455183,0.448772023607778,0.010249474950392414
commons-jcs,LSZZ,101,0.9,0.0,-0.010386823644645831,0.314720253672929,-0.18927452080335191
commons-jcs,LSZZ,101,0.9,0.05,-0.009162799282301803,0.3310538364584861,-0.18927452080335191
commons-jcs,LSZZ,101,0.9,0.1,5.451600927175211e-05,0.3431595749342187,-0.18927452080335191
commons-jcs,LSZZ,101,0.9,0.25,0.01341822628429649,0.3688142443940801,-0.18927452080335191
commons-jcs,LSZZ,101,0.95,0.0,-0.009311287653822286,0.3722825743513145,-0.17626325353700564
commons-jcs,LSZZ,101,0.95,0.05,-0.007704689923867664,0.39160356871638274,-0.17626325353700564
commons-jcs,LSZZ,101,0.95,0.1,-0.0005923788042311633,0.4011732804765244,-0.17626325353700564
commons-jcs,LSZZ,101,0.95,0.25,0.01626875581572906,0.42324305009068963,-0.17626325353700564
commons-jcs,LSZZ,101,0.99,0.0,-0.015505499705041318,0.4354397556890507,-0.0014115108264490105
commons-jcs,LSZZ,101,0.99,0.05,-0.014209369303340732,0.4580385278197483,-0.0014115108264490105
commons-jcs,LSZZ,101,0.99,0.1,-0.007699381479195186,0.4675684761139908,-0.0014115108264490105
commons-jcs,LSZZ,101,0.99,0.25,0.0067801214288875,0.47975830319858587,-0.0014115108264490105
commons-jcs,LSZZ,101,0.995,0.0,-0.027922706707579042,0.43261349469562305,0.023109554562420725
commons-jcs,LSZZ,101,0.995,0.05,-0.027287835490267275,0.45506558745830733,0.023109554562420725
commons-jcs,LSZZ,101,0.995,0.1,-0.02127559888879171,0.4645449008842404,0.023109554562420725
commons-jcs,LSZZ,101,0.995,0.25,-0.00917216419920964,0.47502119430373213,0.023109554562420725
commons-jcs,LSZZ,101,0.999,0.0,-0.04880107970988276,0.4202038340523983,0.005790839139448206
commons-jcs,LSZZ,101,0.999,0.05,-0.04926598668005624,0.44201188113613027,0.005790839139448206
commons-jcs,LSZZ,101,0.999,0.1,-0.0442831972676574,0.4509789694667993,0.005790839139448206
commons-jcs,LSZZ,101,0.999,0.25,-0.036141744861017566,0.45860173749509453,0.005790839139448206
commons-jcs,LSZZ,123,0.9,0.0,0.0019022360154593986,0.31247621447208823,-0.1892833281167337
commons-jcs,LSZZ,123,0.9,0.05,0.0037640470183911753,0.32869333446367754,-0.1892833281167337
commons-jcs,LSZZ,123,0.9,0.1,0.0068756102447608694,0.334529696760996,-0.1892833281167337
commons-jcs,LSZZ,123,0.9,0.25,0.018553603175900005,0.35607236661688874,-0.1892833281167337
commons-jcs,LSZZ,123,0.95,0.0,-0.0022938241602496945,0.36880304054720897,-0.17735173100412754
commons-jcs,LSZZ,123,0.95,0.05,-0.00032302895784383213,0.38794345151231735,-0.17735173100412754
commons-jcs,LSZZ,123,0.95,0.1,0.00366687398775242,0.39395290983943904,-0.17735173100412754
commons-jcs,LSZZ,123,0.95,0.25,0.017416586923753006,0.41086467990008113,-0.17735173100412754
commons-jcs,LSZZ,123,0.99,0.0,-0.01037452797247061,0.43939605062786735,0.00057081019391139
commons-jcs,LSZZ,123,0.99,0.05,-0.008812106632750538,0.46220014945792126,0.00057081019391139
commons-jcs,LSZZ,123,0.99,0.1,-0.0029808335830455767,0.47103578716918143,0.00057081019391139
commons-jcs,LSZZ,123,0.99,0.25,0.007316016307996367,0.47939916017689665,0.00057081019391139
commons-jcs,LSZZ,123,0.995,0.0,-0.0207200032507262,0.4385829816923716,0.025579744285668927
commons-jcs,LSZZ,123,0.995,0.05,-0.019711320841349914,0.4613448832738744,0.025579744285668927
commons-jcs,LSZZ,123,0.995,0.1,-0.014090722418711956,0.47044436922807914,0.025579744285668927
commons-jcs,LSZZ,123,0.995,0.25,-0.005689892880601857,0.47769107557217144,0.025579744285668927
commons-jcs,LSZZ,123,0.999,0.0,-0.037830710724501684,0.4290860800345109,0.010080806257527523
commons-jcs,LSZZ,123,0.999,0.05,-0.0377262694308769,0.4513551044413653,0.010080806257527523
commons-jcs,LSZZ,123,0.999,0.1,-0.03279915605414068,0.4602486112523455,0.010080806257527523
commons-jcs,LSZZ,123,0.999,0.25,-0.027429578845232908,0.4654998507311956,0.010080806257527523
commons-jcs,LSZZ,202,0.9,0.0,0.019292758379206566,0.37000913820988207,-0.18867360470216196
commons-jcs,LSZZ,202,0.9,0.05,0.022057115479497364,0.3892121441169772,-0.18867360470216196
commons-jcs,LSZZ,202,0.9,0.1,0.024072873779991392,0.3961435214700336,-0.18867360470216196
commons-jcs,LSZZ,202,0.9,0.25,0.021144110894353422,0.3709507846090492,-0.18867360470216196
commons-jcs,LSZZ,202,0.95,0.0,0.02382896951520411,0.4217508152899626,-0.17339927319944198
commons-jcs,LSZZ,202,0.95,0.05,0.027155504642538585,0.44363914874172017,-0.17339927319944198
commons-jcs,LSZZ,202,0.95,0.1,0.03130328576754896,0.45122252761675014,-0.17339927319944198
commons-jcs,LSZZ,202,0.95,0.25,0.029754954993176257,0.4348652525874573,-0.17339927319944198
commons-jcs,LSZZ,202,0.99,0.0,0.016155896662271126,0.46889243951902626,0.028547960408092796
commons-jcs,LSZZ,202,0.99,0.05,0.019095213457718307,0.49322736359533015,0.028547960408092796
commons-jcs,LSZZ,202,0.99,0.1,0.02593975111815423,0.5032768016366846,0.028547960408092796
commons-jcs,LSZZ,202,0.99,0.25,0.02859668205351423,0.5016507728138021,0.028547960408092796
commons-jcs,LSZZ,202,0.995,0.0,0.0041771615582845735,0.4648737655607662,0.049364513116243194
commons-jcs,LSZZ,202,0.995,0.05,0.006477975305850023,0.4890001255455654,0.049364513116243194
commons-jcs,LSZZ,202,0.995,0.1,0.01309621964202124,0.4992283646044011,0.049364513116243194
commons-jcs,LSZZ,202,0.995,0.25,0.015678939057653427,0.4990892248097551,0.049364513116243194
commons-jcs,LSZZ,202,0.999,0.0,-0.012515838128814318,0.45572032925983225,0.029425150053918582
commons-jcs,LSZZ,202,0.999,0.05,-0.011097586991615893,0.47937163748724126,0.029425150053918582
commons-jcs,LSZZ,202,0.999,0.1,-0.0050895502421693965,0.48948782107285405,0.029425150053918582
commons-jcs,LSZZ,202,0.999,0.25,-0.00367221661021623,0.48973929777378017,0.029425150053918582
commons-jcs,LSZZ,314,0.9,0.0,0.02567257817464597,0.3525503206822518,-0.18867943765734782
commons-jcs,LSZZ,314,0.9,0.05,0.028768039846598824,0.37084723605943193,-0.18867943765734782
commons-jcs,LSZZ,314,0.9,0.1,0.03417045201569138,0.38020898385221563,-0.18867943765734782
commons-jcs,LSZZ,314,0.9,0.25,0.05346675128865616,0.39750732660068,-0.18867943765734782
commons-jcs,LSZZ,314,0.95,0.0,0.027556207660071858,0.4086814062559051,-0.1738459482101772
commons-jcs,LSZZ,314,0.95,0.05,0.031076181729101995,0.42989145392235073,-0.1738459482101772
commons-jcs,LSZZ,314,0.95,0.1,0.03746054476994678,0.43899755071090385,-0.1738459482101772
commons-jcs,LSZZ,314,0.95,0.25,0.05808647766560041,0.4534237229234755,-0.1738459482101772
commons-jcs,LSZZ,314,0.99,0.0,0.027148892863441753,0.4724244423259702,0.025164180556862387
commons-jcs,LSZZ,314,0.99,0.05,0.03065873224654463,0.49694267287706473,0.025164180556862387
commons-jcs,LSZZ,314,0.99,0.1,0.038951597541325975,0.5079656960598684,0.025164180556862387
commons-jcs,LSZZ,314,0.99,0.25,0.05802875779221563,0.5216106496016678,0.025164180556862387
commons-jcs,LSZZ,314,0.995,0.0,0.015067562417802828,0.4709637343735432,0.06160587274101659
commons-jcs,LSZZ,314,0.995,0.05,0.01793357418465972,0.4954061560309043,0.06160587274101659
commons-jcs,LSZZ,314,0.995,0.1,0.0258773533755775,0.5066076991708132,0.06160587274101659
commons-jcs,LSZZ,314,0.995,0.25,0.04308491692071186,0.5199376297578994,0.06160587274101659
commons-jcs,LSZZ,314,0.999,0.0,-0.009028118572956717,0.4574392221097001,0.05339869028765484
commons-jcs,LSZZ,314,0.999,0.05,-0.007428859205644153,0.48117973870020353,0.05339869028765484
commons-jcs,LSZZ,314,0.999,0.1,-0.0006169123818272039,0.4919044689317661,0.05339869028765484
commons-jcs,LSZZ,314,0.999,0.25,0.012316811633588004,0.5028475519987747,0.05339869028765484
commons-jcs,LSZZ,999,0.9,0.0,-0.020313476979015865,0.29289169127427855,-0.18929519980870804
commons-jcs,LSZZ,999,0.9,0.05,-0.01960463335934167,0.3080923993024373,-0.18929519980870804
commons-jcs,LSZZ,999,0.9,0.1,-0.015853865133997794,0.3147439199335768,-0.18929519980870804
commons-jcs,LSZZ,999,0.9,0.25,0.012156219201846627,0.3560637445431433,-0.18929519980870804
commons-jcs,LSZZ,999,0.95,0.0,-0.019602349524974187,0.35227032025344945,-0.17800591001157937
commons-jcs,LSZZ,999,0.95,0.05,-0.01852984487947176,0.3705527039628057,-0.17800591001157937
commons-jcs,LSZZ,999,0.95,0.1,-0.014354534187207495,0.37685078678523565,-0.17800591001157937
commons-jcs,LSZZ,999,0.95,0.25,0.01537602331572666,0.41333133710253606,-0.17800591001157937
commons-jcs,LSZZ,999,0.99,0.0,-0.02720477441797863,0.4198355644590272,-0.003534739927794344
commons-jcs,LSZZ,999,0.99,0.05,-0.02651582156467099,0.44162449881702737,-0.003534739927794344
commons-jcs,LSZZ,999,0.99,0.1,-0.02126908333390488,0.4496946742923413,-0.003534739927794344
commons-jcs,LSZZ,999,0.99,0.25,0.0027178428454652736,0.47176301069579535,-0.003534739927794344
commons-jcs,LSZZ,999,0.995,0.0,-0.042027623723406356,0.4159646377053205,0.023065807239409136
commons-jcs,LSZZ,999,0.995,0.05,-0.0421247798448907,0.4375526758647105,0.023065807239409136
commons-jcs,LSZZ,999,0.995,0.1,-0.037417797551258666,0.4456262438043154,0.023065807239409136
commons-jcs,LSZZ,999,0.995,0.25,-0.017517899784142286,0.46433003053742355,0.023065807239409136
commons-jcs,LSZZ,999,0.999,0.0,-0.06708174223480565,0.4005781479518877,0.0005843898960329798
commons-jcs,LSZZ,999,0.999,0.05,-0.06849539244994347,0.4213676467696438,0.0005843898960329798
commons-jcs,LSZZ,999,0.999,0.1,-0.06499661797060634,0.428831883877682,0.0005843898960329798
commons-jcs,LSZZ,999,0.999,0.25,-0.05113156752186867,0.4427955928112128,0.0005843898960329798
commons-jcs,RSZZ,7,0.9,0.0,-0.013306363830815387,0.33602435469556663,-0.19463373269655865
commons-jcs,RSZZ,7,0.9,0.05,-0.012233859908513067,0.35346359335698213,-0.19463373269655865
commons-jcs,RSZZ,7,0.9,0.1,0.0064101121257376945,0.3733104796149945,-0.19463373269655865
commons-jcs,RSZZ,7,0.9,0.25,0.010846280134305056,0.37190712752902294,-0.19463373269655865
commons-jcs,RSZZ,7,0.95,0.0,-0.014230686431334332,0.3801353288804373,-0.1839815544384057
commons-jcs,RSZZ,7,0.95,0.05,-0.012879399270845516,0.3998638712653713,-0.1839815544384057
commons-jcs,RSZZ,7,0.95,0.1,0.004522953902658243,0.4223161207214483,-0.1839815544384057
commons-jcs,RSZZ,7,0.95,0.25,0.016289922789971073,0.4316101860183875,-0.1839815544384057
commons-jcs,RSZZ,7,0.99,0.0,-0.032738496259176644,0.4037273554036205,0.006577883468745103
commons-jcs,RSZZ,7,0.99,0.05,-0.032336736564715994,0.424680294101783,0.006577883468745103
commons-jcs,RSZZ,7,0.99,0.1,-0.019245947321461145,0.4485259790647174,0.006577883468745103
commons-jcs,RSZZ,7,0.99,0.25,0.0037099476426390686,0.47902395235350426,0.006577883468745103
commons-jcs,RSZZ,7,0.995,0.0,-0.050507841582478966,0.3898112488104022,0.029183606722490558
commons-jcs,RSZZ,7,0.995,0.05,-0.05104511027639619,0.41004195919170155,0.029183606722490558
commons-jcs,RSZZ,7,0.995,0.1,-0.03945165004189609,0.4330657055634281,0.029183606722490558
commons-jcs,RSZZ,7,0.995,0.25,-0.017549269795068642,0.46472355147664235,0.029183606722490558
commons-jcs,RSZZ,7,0.999,0.0,-0.07725393126360942,0.36504296301343214,0.002687146675010332
commons-jcs,RSZZ,7,0.999,0.05,-0.07919550521315352,0.38398823071412935,0.002687146675010332
commons-jcs,RSZZ,7,0.999,0.1,-0.06953471932375267,0.40554906719807776,0.002687146675010332
commons-jcs,RSZZ,7,0.999,0.25,-0.05126141024418105,0.4354897946315162,0.002687146675010332
commons-jcs,RSZZ,13,0.9,0.0,-0.043163196815895644,0.28252043454544484,-0.19683575059763755
commons-jcs,RSZZ,13,0.9,0.05,-0.0436402247320595,0.2971828874775502,-0.19683575059763755
commons-jcs,RSZZ,13,0.9,0.1,-0.03277493591831941,0.3041364815856121,-0.19683575059763755
commons-jcs,RSZZ,13,0.9,0.25,-0.01843819867718069,0.31060840057026395,-0.19683575059763755
commons-jcs,RSZZ,13,0.95,0.0,-0.04539175182590125,0.33831740215639,-0.194557914302216
commons-jcs,RSZZ,13,0.95,0.05,-0.04565768451500389,0.3558756470784305,-0.194557914302216
commons-jcs,RSZZ,13,0.95,0.1,-0.03582386436870231,0.36526339337899744,-0.194557914302216
commons-jcs,RSZZ,13,0.95,0.25,-0.018241868523200668,0.378753382024883,-0.194557914302216
commons-jcs,RSZZ,13,0.99,0.0,-0.05453945729309364,0.3844561659500337,-0.04992462726598251
commons-jcs,RSZZ,13,0.99,0.05,-0.05526913988014009,0.4044089543094657,-0.04992462726598251
commons-jcs,RSZZ,13,0.99,0.1,-0.04708645269517728,0.4167163596761939,-0.04992462726598251
commons-jcs,RSZZ,13,0.99,0.25,-0.02286503400452995,0.4442317192997598,-0.04992462726598251
commons-jcs,RSZZ,13,0.995,0.0,-0.06625880789558466,0.3801549414901218,-0.025520039924547714
commons-jcs,RSZZ,13,0.995,0.05,-0.06761353180322004,0.39988450174467244,-0.025520039924547714
commons-jcs,RSZZ,13,0.995,0.1,-0.060217641495692226,0.4122151711040232,-0.025520039924547714
commons-jcs,RSZZ,13,0.995,0.25,-0.03731568797161234,0.4402217626274435,-0.025520039924547714
commons-jcs,RSZZ,13,0.999,0.0,-0.0874006390974733,0.36474592087807134,-0.032999956222887324
commons-jcs,RSZZ,13,0.999,0.05,-0.08986881433966096,0.3836757724679458,-0.032999956222887324
commons-jcs,RSZZ,13,0.999,0.1,-0.0837929901481144,0.39537269663548763,-0.032999956222887324
commons-jcs,RSZZ,13,0.999,0.25,-0.06467836724075564,0.42127917965336525,-0.032999956222887324
commons-jcs,RSZZ,21,0.9,0.0,-0.03665077957663638,0.2733962826581914,-0.1973659054136994
commons-jcs,RSZZ,21,0.9,0.05,-0.036789821281648816,0.28758520365690765,-0.1973659054136994
commons-jcs,RSZZ,21,0.9,0.1,-0.025539884145826846,0.29399989038466606,-0.1973659054136994
commons-jcs,RSZZ,21,0.9,0.25,0.0016064915608510484,0.34368020673884836,-0.1973659054136994
commons-jcs,RSZZ,21,0.95,0.0,-0.03784063619625903,0.3281940605562453,-0.1951769658248102
commons-jcs,RSZZ,21,0.95,0.05,-0.03771467554255744,0.34522691686359475,-0.1951769658248102
commons-jcs,RSZZ,21,0.95,0.1,-0.02743485756625219,0.35401673980985265,-0.1951769658248102
commons-jcs,RSZZ,21,0.95,0.25,0.003447912460782949,0.403253600468676,-0.1951769658248102
commons-jcs,RSZZ,21,0.99,0.0,-0.050796568497586014,0.37929204446285714,-0.025805908126637078
commons-jcs,RSZZ,21,0.99,0.05,-0.05133199989397953,0.39897682145396746,-0.025805908126637078
commons-jcs,RSZZ,21,0.99,0.1,-0.04292824335150502,0.4109792140133014,-0.025805908126637078
commons-jcs,RSZZ,21,0.99,0.25,-0.012871972532806239,0.4509748945594913,-0.025805908126637078
commons-jcs,RSZZ,21,0.995,0.0,-0.06709927229920962,0.37151104698336795,0.0011621549369490321
commons-jcs,RSZZ,21,0.995,0.05,-0.0684976152455141,0.39079200005465675,0.0011621549369490321
commons-jcs,RSZZ,21,0.995,0.1,-0.06115136598688518,0.4026121278752633,0.0011621549369490321
commons-jcs,RSZZ,21,0.995,0.25,-0.0347328458390194,0.43899659616567843,0.0011621549369490321
commons-jcs,RSZZ,21,0.999,0.0,-0.09407244694982826,0.3504836970842657,-0.018615858251881723
commons-jcs,RSZZ,21,0.999,0.05,-0.09688688057422679,0.3686733573126896,-0.018615858251881723
commons-jcs,RSZZ,21,0.999,0.1,-0.09120511892526278,0.37952789988060465,-0.018615858251881723
commons-jcs,RSZZ,21,0.999,0.25,-0.07082715736116708,0.4102368114209396,-0.018615858251881723
commons-jcs,RSZZ,42,0.9,0.0,-0.03570905095571417,0.27572239208281185,-0.19863298165862953
commons-jcs,RSZZ,42,0.9,0.05,-0.035799218137362296,0.2900320352162236,-0.19863298165862953
commons-jcs,RSZZ,42,0.9,0.1,-0.02449365889985578,0.2965841108818046,-0.19863298165862953
commons-jcs,RSZZ,42,0.9,0.25,0.0034003509954391564,0.3469031664036942,-0.19863298165862953
commons-jcs,RSZZ,42,0.95,0.0,-0.03618070378887015,0.3302898538593967,-0.1992237523073095
commons-jcs,RSZZ,42,0.95,0.05,-0.03596859474440535,0.3474314791862768,-0.1992237523073095
commons-jcs,RSZZ,42,0.95,0.1,-0.02559073479815037,0.35634508771749807,-0.1992237523073095
commons-jcs,RSZZ,42,0.95,0.25,0.005790684481833827,0.40618959775231406,-0.1992237523073095
commons-jcs,RSZZ,42,0.99,0.0,-0.046451671885626905,0.38334804699718933,-0.035966785594320226
commons-jcs,RSZZ,42,0.99,0.05,-0.04676160864772887,0.4032433253856511,-0.035966785594320226
commons-jcs,RSZZ,42,0.99,0.1,-0.03810122585880713,0.4154852809999726,-0.035966785594320226
commons-jcs,RSZZ,42,0.99,0.25,-0.006732393217737118,0.45652473429504153,-0.035966785594320226
commons-jcs,RSZZ,42,0.995,0.0,-0.060976772383324856,0.37713049588776165,-0.005959437874768129
commons-jcs,RSZZ,42,0.995,0.05,-0.06205736533399484,0.3967030912439619,-0.005959437874768129
commons-jcs,RSZZ,42,0.995,0.1,-0.054349497764826046,0.4088551252543424,-0.005959437874768129
commons-jcs,RSZZ,42,0.995,0.25,-0.026146916258773602,0.446661298140703,-0.005959437874768129
commons-jcs,RSZZ,42,0.999,0.0,-0.08667089426849019,0.35734446032092004,-0.016405853210028694
commons-jcs,RSZZ,42,0.999,0.05,-0.08910119667778127,0.3758901854768159,-0.016405853210028694
commons-jcs,RSZZ,42,0.999,0.1,-0.08298227095976551,0.38714995101651345,-0.016405853210028694
commons-jcs,RSZZ,42,0.999,0.25,-0.06049047741867012,0.41957507409749395,-0.016405853210028694
commons-jcs,RSZZ,77,0.9,0.0,-0.032213883037779494,0.30366536938067296,-0.19662360572449356
commons-jcs,RSZZ,77,0.9,0.05,-0.03212265542875,0.3194252176649864,-0.19662360572449356
commons-jcs,RSZZ,77,0.9,0.1,-0.02061065817819306,0.3276277126659257,-0.19662360572449356
commons-jcs,RSZZ,77,0.9,0.25,-0.013449521478245238,0.33460878076440964,-0.19662360572449356
commons-jcs,RSZZ,77,0.95,0.0,-0.03264812491758696,0.36413754377642193,-0.19218517030290969
commons-jcs,RSZZ,77,0.95,0.05,-0.03225267950132139,0.3830358213648184,-0.19218517030290969
commons-jcs,RSZZ,77,0.95,0.1,-0.02166617190772747,0.3939486041894874,-0.19218517030290969
commons-jcs,RSZZ,77,0.95,0.25,-0.012943734160546052,0.39725114725392696,-0.19218517030290969
commons-jcs,RSZZ,77,0.99,0.0,-0.04001676723839906,0.4145776328671645,-0.025661009949946245
commons-jcs,RSZZ,77,0.99,0.05,-0.03999274059475882,0.43609368723115655,-0.025661009949946245
commons-jcs,RSZZ,77,0.99,0.1,-0.030952287674520584,0.450180181879584,-0.025661009949946245
commons-jcs,RSZZ,77,0.99,0.25,-0.018694159568683803,0.4597353240677259,-0.025661009949946245
commons-jcs,RSZZ,77,0.995,0.0,-0.052499589989181916,0.40928130043216815,-0.005259668996543148
commons-jcs,RSZZ,77,0.995,0.05,-0.0531402279042065,0.43052248184700215,-0.005259668996543148
commons-jcs,RSZZ,77,0.995,0.1,-0.04493166545261643,0.4445734655971255,-0.005259668996543148
commons-jcs,RSZZ,77,0.995,0.25,-0.033313144713398316,0.4550847740523283,-0.005259668996543148
commons-jcs,RSZZ,77,0.999,0.0,-0.07158216250177753,0.3962835928401381,-0.022740649747620884
commons-jcs,RSZZ,77,0.999,0.05,-0.07322937883203669,0.41685020968374015,-0.022740649747620884
commons-jcs,RSZZ,77,0.999,0.1,-0.06621925478578394,0.4304098696307784,-0.022740649747620884
commons-jcs,RSZZ,77,0.999,0.25,-0.05687458276001744,0.44034279309057806,-0.022740649747620884
commons-jcs,RSZZ,101,0.9,0.0,-0.03704349955864741,0.321984109855738,-0.16498335072503875
commons-jcs,RSZZ,101,0.9,0.05,-0.03720292293361232,0.33869467758242816,-0.16498335072503875
commons-jcs,RSZZ,101,0.9,0.1,-0.01666164545752226,0.3577122931686073,-0.16498335072503875
commons-jcs,RSZZ,101,0.9,0.25,-0.01958540587156371,0.3496615477556139,-0.16498335072503875
commons-jcs,RSZZ,101,0.95,0.0,-0.037731678120438525,0.3632091996088735,-0.16731086933336403
commons-jcs,RSZZ,101,0.95,0.05,-0.037600062680523474,0.38205929731009347,-0.16731086933336403
commons-jcs,RSZZ,101,0.95,0.1,-0.01971506216565536,0.4035118246991629,-0.16731086933336403
commons-jcs,RSZZ,101,0.95,0.25,-0.014743651012887011,0.4064238272416099,-0.16731086933336403
commons-jcs,RSZZ,101,0.99,0.0,-0.054948767403677,0.38525188258403753,-0.017923955018419153
commons-jcs,RSZZ,101,0.99,0.05,-0.05569969266734865,0.40524596762953824,-0.017923955018419153
commons-jcs,RSZZ,101,0.99,0.1,-0.04322333440479659,0.4280004203574,-0.017923955018419153
commons-jcs,RSZZ,101,0.99,0.25,-0.024681340806911853,0.4542084231418346,-0.017923955018419153
commons-jcs,RSZZ,101,0.995,0.0,-0.06856718001454833,0.3751128252292676,-0.006464327895973431
commons-jcs,RSZZ,101,0.995,0.05,-0.07004170551316787,0.3945807060323056,-0.006464327895973431
commons-jcs,RSZZ,101,0.995,0.1,-0.058921253013890666,0.41673630717315696,-0.006464327895973431
commons-jcs,RSZZ,101,0.995,0.25,-0.04007583237784993,0.44527141049159213,-0.006464327895973431
commons-jcs,RSZZ,101,0.999,0.0,-0.0893593791813998,0.35520512890588957,-0.026801703420286024
commons-jcs,RSZZ,101,0.999,0.05,-0.09192921055452542,0.3736398254693598,-0.026801703420286024
commons-jcs,RSZZ,101,0.999,0.1,-0.08246360327920303,0.3946196017657677,-0.026801703420286024
commons-jcs,RSZZ,101,0.999,0.25,-0.06561430958838077,0.42271694983511143,-0.026801703420286024
commons-jcs,RSZZ,123,0.9,0.0,-0.038069513825611294,0.26437196442384586,-0.19736570918013654
commons-jcs,RSZZ,123,0.9,0.05,-0.03828218604227938,0.2780925347293872,-0.19736570918013654
commons-jcs,RSZZ,123,0.9,0.1,-0.019074282018772853,0.29370735619814964,-0.19736570918013654
commons-jcs,RSZZ,123,0.9,0.25,0.009358134434900989,0.35207227954521786,-0.19736570918013654
commons-jcs,RSZZ,123,0.95,0.0,-0.040118528423332786,0.3078151541805436,-0.19515758054634424
commons-jcs,RSZZ,123,0.95,0.05,-0.04011078749280845,0.3237903710430781,-0.19515758054634424
commons-jcs,RSZZ,123,0.95,0.1,-0.023111338858207642,0.3419711138021814,-0.19515758054634424
commons-jcs,RSZZ,123,0.95,0.25,0.010460256062974195,0.4099269120577432,-0.19515758054634424
commons-jcs,RSZZ,123,0.99,0.0,-0.055688020231214636,0.3316591672860097,-0.024793911719482427
commons-jcs,RSZZ,123,0.99,0.05,-0.05647731178087244,0.34887185824642286,-0.024793911719482427
commons-jcs,RSZZ,123,0.99,0.1,-0.04431913368469156,0.368460919805714,-0.024793911719482427
commons-jcs,RSZZ,123,0.99,0.25,-0.00644843894330192,0.44168071797223407,-0.024793911719482427
commons-jcs,RSZZ,123,0.995,0.0,-0.07437208118472938,0.3183256689009485,0.005617103117642734
commons-jcs,RSZZ,123,0.995,0.05,-0.07614787370610517,0.33484636817302305,0.005617103117642734
commons-jcs,RSZZ,123,0.995,0.1,-0.06560267317649929,0.3536479022148238,0.005617103117642734
commons-jcs,RSZZ,123,0.995,0.25,-0.030981752694799462,0.4239240879113593,0.005617103117642734
commons-jcs,RSZZ,123,0.999,0.0,-0.10669076139570033,0.28954610722238106,-0.014193981184675115
commons-jcs,RSZZ,123,0.999,0.05,-0.11016006956728965,0.30457318367316283,-0.014193981184675115
commons-jcs,RSZZ,123,0.999,0.1,-0.10192062578744356,0.32167488649973075,-0.014193981184675115
commons-jcs,RSZZ,123,0.999,0.25,-0.07395364378487487,0.3855974600990362,-0.014193981184675115
commons-jcs,RSZZ,202,0.9,0.0,-0.02403528571565805,0.3053797715765582,-0.1975755208575251
commons-jcs,RSZZ,202,0.9,0.05,-0.023519599258265286,0.3212285951647087,-0.1975755208575251
commons-jcs,RSZZ,202,0.9,0.1,-0.005624746409287104,0.3392654948932084,-0.1975755208575251
commons-jcs,RSZZ,202,0.9,0.25,0.002575798463812959,0.3492354392038021,-0.1975755208575251
commons-jcs,RSZZ,202,0.95,0.0,-0.023756339189143945,0.3643789645659526,-0.19676313897897554
commons-jcs,RSZZ,202,0.95,0.05,-0.022899421348997147,0.3832897715877299,-0.19676313897897554
commons-jcs,RSZZ,202,0.95,0.1,-0.006328095746136452,0.4048113897784848,-0.19676313897897554
commons-jcs,RSZZ,202,0.95,0.25,0.005641090617870992,0.4140480020768922,-0.19676313897897554
commons-jcs,RSZZ,202,0.99,0.0,-0.033382550416558625,0.4095336392968269,-0.031262030935224526
commons-jcs,RSZZ,202,0.99,0.05,-0.03301421631760767,0.43078791677932043,-0.031262030935224526
commons-jcs,RSZZ,202,0.99,0.1,-0.02010374573108541,0.4549765431225443,-0.031262030935224526
commons-jcs,RSZZ,202,0.99,0.25,-0.00022231437795501184,0.47653298522772286,-0.031262030935224526
commons-jcs,RSZZ,202,0.995,0.0,-0.04760615370607046,0.40123003148651454,-0.0011420585324861269
commons-jcs,RSZZ,202,0.995,0.05,-0.0479928284722247,0.42205336223454887,-0.0011420585324861269
commons-jcs,RSZZ,202,0.995,0.1,-0.03635147778444312,0.44575154567552616,-0.0011420585324861269
commons-jcs,RSZZ,202,0.995,0.25,-0.0167404216565523,0.46907204845135186,-0.0011420585324861269
commons-jcs,RSZZ,202,0.999,0.0,-0.0712906163734886,0.38235176844789026,-0.010214389737031798
commons-jcs,RSZZ,202,0.999,0.05,-0.0729227018287353,0.40219534124075546,-0.010214389737031798
commons-jcs,RSZZ,202,0.999,0.1,-0.06301919967069315,0.4247785021125627,-0.010214389737031798
commons-jcs,RSZZ,202,0.999,0.25,-0.046200719311636926,0.44744771572099334,-0.010214389737031798
commons-jcs,RSZZ,314,0.9,0.0,-0.03487272827498379,0.2964808213922328,-0.19661980720684663
commons-jcs,RSZZ,314,0.9,0.05,-0.0349194913681383,0.31186780073031073,-0.19661980720684663
commons-jcs,RSZZ,314,0.9,0.1,-0.015919573338138922,0.32937909435420515,-0.19661980720684663
commons-jcs,RSZZ,314,0.9,0.25,-0.000793809837356563,0.34731588118333423,-0.19661980720684663
commons-jcs,RSZZ,314,0.95,0.0,-0.036944501092683636,0.35012262473150335,-0.19185577605876059
commons-jcs,RSZZ,314,0.95,0.05,-0.036772032161454714,0.36829354576187256,-0.19185577605876059
commons-jcs,RSZZ,314,0.95,0.1,-0.019825438781004207,0.3889731298821915,-0.19185577605876059
commons-jcs,RSZZ,314,0.95,0.25,-0.0001517341342627379,0.4079498544279925,-0.19185577605876059
commons-jcs,RSZZ,314,0.99,0.0,-0.0528245085516623,0.386555044072114,-0.019463052547549067
commons-jcs,RSZZ,314,0.99,0.05,-0.053465187469849636,0.40661676154927434,-0.019463052547549067
commons-jcs,RSZZ,314,0.99,0.1,-0.041222441271478276,0.4294481839892069,-0.019463052547549067
commons-jcs,RSZZ,314,0.99,0.25,-0.01629296564945088,0.45779618075748657,-0.019463052547549067
commons-jcs,RSZZ,314,0.995,0.0,-0.07069821275339915,0.37444261581699695,0.0037413616561552524
commons-jcs,RSZZ,314,0.995,0.05,-0.07228333615365524,0.39387571359990436,0.0037413616561552524
commons-jcs,RSZZ,314,0.995,0.1,-0.061590506372075096,0.415991729604177,0.0037413616561552524
commons-jcs,RSZZ,314,0.995,0.25,-0.03864095765290142,0.4444692699645319,0.0037413616561552524
commons-jcs,RSZZ,314,0.999,0.0,-0.0986930313212855,0.3506618567595521,-0.02164374242118295
commons-jcs,RSZZ,314,0.999,0.05,-0.10174726742572164,0.3688607632496048,-0.02164374242118295
commons-jcs,RSZZ,314,0.999,0.1,-0.09309412353778324,0.3895721964801976,-0.02164374242118295
commons-jcs,RSZZ,314,0.999,0.25,-0.074749861834338,0.41556139653233554,-0.02164374242118295
commons-jcs,RSZZ,999,0.9,0.0,-0.03245434883370124,0.28303712415435217,-0.19646479981479403
commons-jcs,RSZZ,999,0.9,0.05,-0.032375601095093,0.29772639262312234,-0.19646479981479403
commons-jcs,RSZZ,999,0.9,0.1,-0.02087780667606869,0.30471050439978586,-0.19646479981479403
commons-jcs,RSZZ,999,0.9,0.25,-0.016478850772857392,0.3036234952634362,-0.19646479981479403
commons-jcs,RSZZ,999,0.95,0.0,-0.031829112628844976,0.3478358308725924,-0.19588582131169932
commons-jcs,RSZZ,999,0.95,0.05,-0.031391161511518106,0.3658880701963599,-0.19588582131169932
commons-jcs,RSZZ,999,0.95,0.1,-0.020756279913149142,0.37583801137788003,-0.19588582131169932
commons-jcs,RSZZ,999,0.95,0.25,-0.014650545845533497,0.3725219399933197,-0.19588582131169932
commons-jcs,RSZZ,999,0.99,0.0,-0.03128842823638027,0.41439811489926043,-0.07116575129571215
commons-jcs,RSZZ,999,0.99,0.05,-0.030811411847065633,0.4359048525079563,-0.07116575129571215
commons-jcs,RSZZ,999,0.99,0.1,-0.021255429772545166,0.4499807441371666,-0.07116575129571215
commons-jcs,RSZZ,999,0.99,0.25,-0.009274419632031709,0.4575816897709673,-0.07116575129571215
commons-jcs,RSZZ,999,0.995,0.0,-0.03828033755514778,0.4169654492934557,-0.038083050355751054
commons-jcs,RSZZ,999,0.995,0.05,-0.038183014267899704,0.43860542830741983,-0.038083050355751054
commons-jcs,RSZZ,999,0.995,0.1,-0.029134608269886,0.4531102673400799,-0.038083050355751054
commons-jcs,RSZZ,999,0.995,0.25,-0.016356910029694163,0.4636864069057806,-0.038083050355751054
commons-jcs,RSZZ,999,0.999,0.0,-0.05329245506632029,0.4103482374634754,-0.025657892128065053
commons-jcs,RSZZ,999,0.999,0.05,-0.053990458732207605,0.431644791559681,-0.025657892128065053
commons-jcs,RSZZ,999,0.999,0.1,-0.04590007446644575,0.4460351633232828,-0.025657892128065053
commons-jcs,RSZZ,999,0.999,0.25,-0.0342852983234136,0.45769242543663363,-0.025657892128065053
commons-jcs,RASZZ,7,0.9,0.0,0.10008252441458475,0.49555961747786065,-0.19081494066230933
commons-jcs,RASZZ,7,0.9,0.05,0.11915567240450776,0.5212785343343066,-0.19081494066230933
commons-jcs,RASZZ,7,0.9,0.1,0.13436513156790042,0.5392277596346513,-0.19081494066230933
commons-jcs,RASZZ,7,0.9,0.25,0.13882790042537574,0.5257166722764338,-0.19081494066230933
commons-jcs,RASZZ,7,0.95,0.0,0.09882912120484215,0.5272870940130561,-0.17352482988550214
commons-jcs,RASZZ,7,0.95,0.05,0.11729867119087484,0.554652626740316,-0.17352482988550214
commons-jcs,RASZZ,7,0.95,0.1,0.1354324153489555,0.5746868019519517,-0.17352482988550214
commons-jcs,RASZZ,7,0.95,0.25,0.14464745885341812,0.5730075774812764,-0.17352482988550214
commons-jcs,RASZZ,7,0.99,0.0,0.06846742308978339,0.5290245042939551,0.0465296933177633
commons-jcs,RASZZ,7,0.99,0.05,0.08451617689664567,0.55648020641554,0.0465296933177633
commons-jcs,RASZZ,7,0.99,0.1,0.10587614108802945,0.5765902945719352,0.0465296933177633
commons-jcs,RASZZ,7,0.99,0.25,0.13096904476187177,0.5961559167620061,0.0465296933177633
commons-jcs,RASZZ,7,0.995,0.0,0.04611572640907596,0.513342024364204,0.1027195913780544
commons-jcs,RASZZ,7,0.995,0.05,0.06087385507723935,0.5399838256286754,0.1027195913780544
commons-jcs,RASZZ,7,0.995,0.1,0.08157099857356591,0.5593289147812982,0.1027195913780544
commons-jcs,RASZZ,7,0.995,0.25,0.10801905742556861,0.5810297940834178,0.1027195913780544
commons-jcs,RASZZ,7,0.999,0.0,0.009096915154712129,0.48611309778129386,0.10492129236295564
commons-jcs,RASZZ,7,0.999,0.05,0.021825721676811474,0.5113417522231078,0.10492129236295564
commons-jcs,RASZZ,7,0.999,0.1,0.040830490664758204,0.5292569533269602,0.10492129236295564
commons-jcs,RASZZ,7,0.999,0.25,0.06486412415676149,0.5499612873105366,0.10492129236295564
commons-jcs,RASZZ,13,0.9,0.0,0.023932057031677032,0.3790650449227803,-0.18984273261306672
commons-jcs,RASZZ,13,0.9,0.05,0.039053092157423835,0.3987380409251018,-0.18984273261306672
commons-jcs,RASZZ,13,0.9,0.1,0.0632398248070826,0.4125618110285672,-0.18984273261306672
commons-jcs,RASZZ,13,0.9,0.25,0.09716185985738915,0.4667871380642826,-0.18984273261306672
commons-jcs,RASZZ,13,0.95,0.0,0.027777077009542423,0.43512928227923725,-0.17091268311745578
commons-jcs,RASZZ,13,0.95,0.05,0.042559115841135524,0.4577119412329697,-0.17091268311745578
commons-jcs,RASZZ,13,0.95,0.1,0.06917584466025298,0.4770974686243536,-0.17091268311745578
commons-jcs,RASZZ,13,0.95,0.25,0.1071292412042958,0.5283201969276167,-0.17091268311745578
commons-jcs,RASZZ,13,0.99,0.0,0.0065473865879800905,0.46063076474453524,0.021504206682299108
commons-jcs,RASZZ,13,0.99,0.05,0.01938256888019181,0.4845369183578592,0.021504206682299108
commons-jcs,RASZZ,13,0.99,0.1,0.04451680158727015,0.5074936237151063,0.021504206682299108
commons-jcs,RASZZ,13,0.99,0.25,0.08841255871350734,0.5504980091528253,0.021504206682299108
commons-jcs,RASZZ,13,0.995,0.0,-0.01738725000863175,0.44447688282969494,0.06911728833112005
commons-jcs,RASZZ,13,0.995,0.05,-0.0059248454330329365,0.46754467041959047,0.06911728833112005
commons-jcs,RASZZ,13,0.995,0.1,0.017663928043470292,0.4897932343378327,0.06911728833112005
commons-jcs,RASZZ,13,0.995,0.25,0.059980313290873145,0.5304609133859041,0.06911728833112005
commons-jcs,RASZZ,13,0.999,0.0,-0.06047509141222122,0.4120147935871043,0.06061698244560107
commons-jcs,RASZZ,13,0.999,0.05,-0.05135698396511462,0.4333978398365616,0.06061698244560107
commons-jcs,RASZZ,13,0.999,0.1,-0.03043635020525001,0.4539264303479291,0.06061698244560107
commons-jcs,RASZZ,13,0.999,0.25,0.005940732963628417,0.48926706743011095,0.06061698244560107
commons-jcs,RASZZ,21,0.9,0.0,-0.007048969332198076,0.3861481834722446,-0.20921115024014564
commons-jcs,RASZZ,21,0.9,0.05,0.00646418974175268,0.40618878539928516,-0.20921115024014564
commons-jcs,RASZZ,21,0.9,0.1,0.02009318109870225,0.41606834820254895,-0.20921115024014564
commons-jcs,RASZZ,21,0.9,0.25,-0.0015120617556229636,0.37665024480733206,-0.20921115024014564
commons-jcs,RASZZ,21,0.95,0.0,-0.009603022812659656,0.4242243048209831,-0.2291862279289416
commons-jcs,RASZZ,21,0.95,0.05,0.0032390361547431816,0.4462410092484012,-0.2291862279289416
commons-jcs,RASZZ,21,0.95,0.1,0.019751000279094547,0.4604743060086613,-0.2291862279289416
commons-jcs,RASZZ,21,0.95,0.25,0.0021902182159069194,0.4334917682484152,-0.2291862279289416
commons-jcs,RASZZ,21,0.99,0.0,-0.015822971335717723,0.4587423913793627,-0.06645762851590775
commons-jcs,RASZZ,21,0.99,0.05,-0.004148782302837167,0.48255054080538023,-0.06645762851590775
commons-jcs,RASZZ,21,0.99,0.1,0.01514171584789139,0.5007868786507789,-0.06645762851590775
commons-jcs,RASZZ,21,0.99,0.25,0.019013664497419754,0.5023676500411571,-0.06645762851590775
commons-jcs,RASZZ,21,0.995,0.0,-0.02504565479526505,0.4548247932518259,-0.019722189560240435
commons-jcs,RASZZ,21,0.995,0.05,-0.013980711733909228,0.47842962429400926,-0.019722189560240435
commons-jcs,RASZZ,21,0.995,0.1,0.005175161616244768,0.49674992994906203,-0.019722189560240435
commons-jcs,RASZZ,21,0.995,0.25,0.013678004949200276,0.5035066139980056,-0.019722189560240435
commons-jcs,RASZZ,21,0.999,0.0,-0.043695579761293075,0.4420586385274993,-0.0001903677867132766
commons-jcs,RASZZ,21,0.999,0.05,-0.03370663689939149,0.4650009222991796,-0.0001903677867132766
commons-jcs,RASZZ,21,0.999,0.1,-0.015353667677034897,0.48284138495612566,-0.0001903677867132766
commons-jcs,RASZZ,21,0.999,0.25,-0.004791738202140528,0.4922756295441947,-0.0001903677867132766
commons-jcs,RASZZ,42,0.9,0.0,-0.003645677765752857,0.3726426118003729,-0.1898427906956284
commons-jcs,RASZZ,42,0.9,0.05,0.010044107832532399,0.3919822916533036,-0.1898427906956284
commons-jcs,RASZZ,42,0.9,0.1,0.02513568752381911,0.4023567966219942,-0.1898427906956284
commons-jcs,RASZZ,42,0.9,0.25,0.03223546585108637,0.4304517671440355,-0.1898427906956284
commons-jcs,RASZZ,42,0.95,0.0,-0.007392275171261533,0.41997481350377985,-0.17095253743206704
commons-jcs,RASZZ,42,0.95,0.05,0.00556451880031514,0.44177097471093796,-0.17095253743206704
commons-jcs,RASZZ,42,0.95,0.1,0.02312847250048851,0.4566307446499991,-0.17095253743206704
commons-jcs,RASZZ,42,0.95,0.25,0.033327237629249655,0.4791430982348186,-0.17095253743206704
commons-jcs,RASZZ,42,0.99,0.0,-0.02351793407913654,0.4505653036313951,-0.014574107630557696
commons-jcs,RASZZ,42,0.99,0.05,-0.012243103872180245,0.4739490725540371,-0.014574107630557696
commons-jcs,RASZZ,42,0.99,0.1,0.007024841594891732,0.49201351855633724,-0.014574107630557696
commons-jcs,RASZZ,42,0.99,0.25,0.022060158084993856,0.5069780699199483,-0.014574107630557696
commons-jcs,RASZZ,42,0.995,0.0,-0.03509680898880545,0.4443564014453844,0.012012237359380206
commons-jcs,RASZZ,42,0.995,0.05,-0.024553508107114378,0.4674179362039424,0.012012237359380206
commons-jcs,RASZZ,42,0.995,0.1,-0.0056215902568027935,0.4853695575513796,0.012012237359380206
commons-jcs,RASZZ,42,0.995,0.25,0.010859193652079564,0.5011416475923214,0.012012237359380206
commons-jcs,RASZZ,42,0.999,0.0,-0.056962016289021186,0.4283781576364964,0.009438529657311543
commons-jcs,RASZZ,42,0.999,0.05,-0.047661584689951055,0.4506104417669981,0.009438529657311543
commons-jcs,RASZZ,42,0.999,0.1,-0.029769613453184584,0.4678486820287726,0.009438529657311543
commons-jcs,RASZZ,42,0.999,0.25,-0.013927884572315526,0.48298035206190304,0.009438529657311543
commons-jcs,RASZZ,77,0.9,0.0,0.028077101932390915,0.3946021667517105,-0.16631642280736864
commons-jcs,RASZZ,77,0.9,0.05,0.04341325964159248,0.4150815197097107,-0.16631642280736864
commons-jcs,RASZZ,77,0.9,0.1,0.04804717611733391,0.4251395579281157,-0.16631642280736864
commons-jcs,RASZZ,77,0.9,0.25,0.04747244635598823,0.41279501739770424,-0.16631642280736864
commons-jcs,RASZZ,77,0.95,0.0,0.026225662504654208,0.4411461593267355,-0.15627859724764698
commons-jcs,RASZZ,77,0.95,0.05,0.04092718488725942,0.4640410865829332,-0.15627859724764698
commons-jcs,RASZZ,77,0.95,0.1,0.049785377480434226,0.4776603400197779,-0.15627859724764698
commons-jcs,RASZZ,77,0.95,0.25,0.049853591019156054,0.47099686271780133,-0.15627859724764698
commons-jcs,RASZZ,77,0.99,0.0,0.009410301757654326,0.47305311340792844,-0.026718869142457923
commons-jcs,RASZZ,77,0.99,0.05,0.022394065723228874,0.4976039711923906,-0.026718869142457923
commons-jcs,RASZZ,77,0.99,0.1,0.03803245933448578,0.5135160444876024,-0.026718869142457923
commons-jcs,RASZZ,77,0.99,0.25,0.04529025445787903,0.5183099328151144,-0.026718869142457923
commons-jcs,RASZZ,77,0.995,0.0,-0.0014744618208727663,0.46982313161125755,0.008552640372053975
commons-jcs,RASZZ,77,0.995,0.05,0.010813796318900889,0.49420635742905694,0.008552640372053975
commons-jcs,RASZZ,77,0.995,0.1,0.02682309058304108,0.5101420024744606,0.008552640372053975
commons-jcs,RASZZ,77,0.995,0.25,0.03647389697309294,0.5180156952150474,0.008552640372053975
commons-jcs,RASZZ,77,0.999,0.0,-0.021809981402907515,0.45801009982135843,0.021702599370589316
commons-jcs,RASZZ,77,0.999,0.05,-0.010685203689494778,0.4817802442424669,0.021702599370589316
commons-jcs,RASZZ,77,0.999,0.1,0.004880718827865491,0.49724038236376544,0.021702599370589316
commons-jcs,RASZZ,77,0.999,0.25,0.014911117910194097,0.5064549332414902,0.021702599370589316
commons-jcs,RASZZ,101,0.9,0.0,-0.01844838100672273,0.3530711320178905,-0.1663162826349238
commons-jcs,RASZZ,101,0.9,0.05,-0.00552683696904478,0.3713950768441355,-0.1663162826349238
commons-jcs,RASZZ,101,0.9,0.1,0.0038899735175785726,0.38345647431833124,-0.1663162826349238
commons-jcs,RASZZ,101,0.9,0.25,0.014852530178082156,0.3827773361927815,-0.1663162826349238
commons-jcs,RASZZ,101,0.95,0.0,-0.02145522460400928,0.3935175323079878,-0.15628655087863605
commons-jcs,RASZZ,101,0.95,0.05,-0.009228279906790416,0.4139405941113137,-0.15628655087863605
commons-jcs,RASZZ,101,0.95,0.1,0.0027935405964451374,0.4271716687165139,-0.15628655087863605
commons-jcs,RASZZ,101,0.95,0.25,0.016028142088414993,0.4335968866201774,-0.15628655087863605
commons-jcs,RASZZ,101,0.99,0.0,-0.03407296125532596,0.43417861057269724,-0.03092808524394001
commons-jcs,RASZZ,101,0.99,0.05,-0.023345923598020006,0.45671193086824236,-0.03092808524394001
commons-jcs,RASZZ,101,0.99,0.1,-0.007502135647694511,0.4715817307203412,-0.03092808524394001
commons-jcs,RASZZ,101,0.99,0.25,0.015066655366088937,0.4908918961953094,-0.03092808524394001
commons-jcs,RASZZ,101,0.995,0.0,-0.045947182978324404,0.4313285041125088,0.001608721636226831
commons-jcs,RASZZ,101,0.995,0.05,-0.035967002772038736,0.45371390749049967,0.001608721636226831
commons-jcs,RASZZ,101,0.995,0.1,-0.02022004546488092,0.46852234198536036,0.001608721636226831
commons-jcs,RASZZ,101,0.995,0.25,0.0034687073543171235,0.48957111480911863,0.001608721636226831
commons-jcs,RASZZ,101,0.999,0.0,-0.07175919105235797,0.4145468719596355,0.0028973818387606196
commons-jcs,RASZZ,101,0.999,0.05,-0.06322671409290405,0.43606132987146473,0.0028973818387606196
commons-jcs,RASZZ,101,0.999,0.1,-0.048551185659113226,0.45001752711078896,0.0028973818387606196
commons-jcs,RASZZ,101,0.999,0.25,-0.02695719272341413,0.46981930370287617,0.0028973818387606196
commons-jcs,RASZZ,123,0.9,0.0,-0.003427212311672904,0.40170820925732315,-0.16631581459326555
commons-jcs,RASZZ,123,0.9,0.05,0.010273911367140537,0.4225563568263742,-0.16631581459326555
commons-jcs,RASZZ,123,0.9,0.1,0.034461595399585904,0.4383410501763845,-0.16631581459326555
commons-jcs,RASZZ,123,0.9,0.25,0.0184385849265663,0.4054394458012486,-0.16631581459326555
commons-jcs,RASZZ,123,0.95,0.0,-0.0077460175346237,0.43159705644391894,-0.15591746926787886
commons-jcs,RASZZ,123,0.95,0.05,0.00519241765606961,0.4539963973479704,-0.15591746926787886
commons-jcs,RASZZ,123,0.95,0.1,0.030857400208218252,0.4736641073620717,-0.15591746926787886
commons-jcs,RASZZ,123,0.95,0.25,0.02045074992909978,0.45371742737426957,-0.15591746926787886
commons-jcs,RASZZ,123,0.99,0.0,-0.025154754820705463,0.4494195383347263,-0.01843129861197193
commons-jcs,RASZZ,123,0.99,0.05,-0.013964873538311605,0.47274384348880716,-0.01843129861197193
commons-jcs,RASZZ,123,0.99,0.1,0.009776234739047755,0.4952281039970899,-0.01843129861197193
commons-jcs,RASZZ,123,0.99,0.25,0.023316716249435997,0.5055769357373451,-0.01843129861197193
commons-jcs,RASZZ,123,0.995,0.0,-0.03766075471341941,0.4422502673373499,0.009604796150642502
commons-jcs,RASZZ,123,0.995,0.05,-0.027250519369334886,0.4652024964016933,0.009604796150642502
commons-jcs,RASZZ,123,0.995,0.1,-0.004456511742325076,0.4874720220522592,0.009604796150642502
commons-jcs,RASZZ,123,0.995,0.25,0.013623555812819096,0.5029663289283314,0.009604796150642502
commons-jcs,RASZZ,123,0.999,0.0,-0.061710232922614926,0.4241990404455836,0.009462956085065923
commons-jcs,RASZZ,123,0.999,0.05,-0.0526562277564275,0.44621443368389857,0.009462956085065923
commons-jcs,RASZZ,123,0.999,0.1,-0.03146214114741989,0.4675882668068518,0.009462956085065923
commons-jcs,RASZZ,123,0.999,0.25,-0.0121938654935487,0.48499233897185673,0.009462956085065923
commons-jcs,RASZZ,202,0.9,0.0,0.0060786450036300925,0.41431004119055254,-0.1663143107255985
commons-jcs,RASZZ,202,0.9,0.05,0.020273110644376997,0.4358122078852521,-0.1663143107255985
commons-jcs,RASZZ,202,0.9,0.1,0.0434053523534636,0.4517176825506512,-0.1663143107255985
commons-jcs,RASZZ,202,0.9,0.25,0.03087689174179648,0.42330010430306586,-0.1663143107255985
commons-jcs,RASZZ,202,0.95,0.0,0.003128603111454514,0.44480428673003336,-0.15536177659829856
commons-jcs,RASZZ,202,0.95,0.05,0.016631417348336692,0.46788906616792114,-0.15536177659829856
commons-jcs,RASZZ,202,0.95,0.1,0.041792312829623215,0.48784603640324603,-0.15536177659829856
commons-jcs,RASZZ,202,0.95,0.25,0.03475036053820727,0.4719131077930477,-0.15536177659829856
commons-jcs,RASZZ,202,0.99,0.0,-0.017268357713571717,0.45764239979517535,0.008264085135276692
commons-jcs,RASZZ,202,0.99,0.05,-0.005669182404098765,0.48139346105036807,0.008264085135276692
commons-jcs,RASZZ,202,0.99,0.1,0.018058401166695878,0.504173662120296,0.008264085135276692
commons-jcs,RASZZ,202,0.99,0.25,0.0335041216599675,0.5165754626462337,0.008264085135276692
commons-jcs,RASZZ,202,0.995,0.0,-0.03400561493663914,0.44588048922942597,0.03484686339501124
commons-jcs,RASZZ,202,0.995,0.05,-0.023405682464898936,0.4690211222147506,0.03484686339501124
commons-jcs,RASZZ,202,0.995,0.1,-0.0007984533137143928,0.4913525885065178,0.03484686339501124
commons-jcs,RASZZ,202,0.995,0.25,0.018112065418711402,0.5077498016131906,0.03484686339501124
commons-jcs,RASZZ,202,0.999,0.0,-0.06204804427584332,0.42381444650329064,0.0222786299733044
commons-jcs,RASZZ,202,0.999,0.05,-0.05301157109127913,0.4458098798028285,0.0222786299733044
commons-jcs,RASZZ,202,0.999,0.1,-0.03218384195614569,0.4670354030395747,0.0222786299733044
commons-jcs,RASZZ,202,0.999,0.25,-0.013077158131251694,0.48435518491762264,0.0222786299733044
commons-jcs,RASZZ,314,0.9,0.0,0.07513810160661148,0.47318908045314223,-0.16440165012091212
commons-jcs,RASZZ,314,0.9,0.05,0.09291666562801945,0.49774699475514084,-0.16440165012091212
commons-jcs,RASZZ,314,0.9,0.1,0.11266151728108484,0.5140601595236671,-0.16440165012091212
commons-jcs,RASZZ,314,0.9,0.25,0.12725837825522818,0.5128290254447414,-0.16440165012091212
commons-jcs,RASZZ,314,0.95,0.0,0.07719631644343931,0.509352515177443,-0.15527491691645653
commons-jcs,RASZZ,314,0.95,0.05,0.09454315124565238,0.535787265965133,-0.15527491691645653
commons-jcs,RASZZ,314,0.95,0.1,0.11710323136655323,0.5559260255200714,-0.15527491691645653
commons-jcs,RASZZ,314,0.95,0.25,0.13422042194005662,0.5631722494444055,-0.15527491691645653
commons-jcs,RASZZ,314,0.99,0.0,0.04694542346940446,0.5097923466174158,0.048276820753329855
commons-jcs,RASZZ,314,0.99,0.05,0.06187721273900656,0.5362499241000918,0.048276820753329855
commons-jcs,RASZZ,314,0.99,0.1,0.0853069941655302,0.5578125462587211,0.048276820753329855
commons-jcs,RASZZ,314,0.99,0.25,0.11692073866831425,0.5838368976207786,0.048276820753329855
commons-jcs,RASZZ,314,0.995,0.0,0.022779507297857958,0.4923346171202418,0.09688945330028574
commons-jcs,RASZZ,314,0.995,0.05,0.03632651573366699,0.5178861605404061,0.09688945330028574
commons-jcs,RASZZ,314,0.995,0.1,0.05867683064455721,0.5386715591901582,0.09688945330028574
commons-jcs,RASZZ,314,0.995,0.25,0.09088395364448916,0.5659999538634933,0.09688945330028574
commons-jcs,RASZZ,314,0.999,0.0,-0.017223051399637763,0.4621432277387077,0.09077104269729602
commons-jcs,RASZZ,314,0.999,0.05,-0.0058602178252958265,0.4861278762669191,0.09077104269729602
commons-jcs,RASZZ,314,0.999,0.1,0.014378888984084971,0.5053604109792239,0.09077104269729602
commons-jcs,RASZZ,314,0.999,0.25,0.04311354708126719,0.5306048566986902,0.09077104269729602
commons-jcs,RASZZ,999,0.9,0.0,-0.03296117659982532,0.330310146385126,-0.18984229912000747
commons-jcs,RASZZ,999,0.9,0.05,-0.02079282828280206,0.34745282486840473,-0.18984229912000747
commons-jcs,RASZZ,999,0.9,0.1,-0.0003021930444685562,0.35871786439982745,-0.18984229912000747
commons-jcs,RASZZ,999,0.9,0.25,0.013405980505972269,0.36382990645138535,-0.18984229912000747
commons-jcs,RASZZ,999,0.95,0.0,-0.033873172016341574,0.37939633143813106,-0.1706407258279899
commons-jcs,RASZZ,999,0.95,0.05,-0.022290703070901967,0.3990865207912493,-0.1706407258279899
commons-jcs,RASZZ,999,0.95,0.1,-0.000861145248768367,0.4139315745926477,-0.1706407258279899
commons-jcs,RASZZ,999,0.95,0.25,0.01655652834976483,0.4246120304840325,-0.1706407258279899
commons-jcs,RASZZ,999,0.99,0.0,-0.049940177315917995,0.4157422878822094,0.0016344574612450597
commons-jcs,RASZZ,999,0.99,0.05,-0.040036628087073145,0.43731878636723553,0.0016344574612450597
commons-jcs,RASZZ,999,0.99,0.1,-0.019813405121744596,0.45469578339223693,0.0016344574612450597
commons-jcs,RASZZ,999,0.99,0.25,0.009776340369362275,0.4806215225843366,0.0016344574612450597
commons-jcs,RASZZ,999,0.995,0.0,-0.06927858832525415,0.40575159228148977,0.0265712239316282
commons-jcs,RASZZ,999,0.995,0.05,-0.06050927852304965,0.4268095863112887,0.0265712239316282
commons-jcs,RASZZ,999,0.995,0.1,-0.04146482473968345,0.4437352730127927,0.0265712239316282
commons-jcs,RASZZ,999,0.995,0.25,-0.011753332352224973,0.47053011458388966,0.0265712239316282
commons-jcs,RASZZ,999,0.999,0.0,-0.10395664009126292,0.3813278195421085,0.001423924843228891
commons-jcs,RASZZ,999,0.999,0.05,-0.09709516998066357,0.40111825068290147,0.001423924843228891
commons-jcs,RASZZ,999,0.999,0.1,-0.0801353953665103,0.4167430951805703,0.001423924843228891
commons-jcs,RASZZ,999,0.999,0.25,-0.054085519901157696,0.44104618354142655,0.001423924843228891
commons-lang,oracle,7,0.9,0.0,0.06766689862495939,0.36976008534353383,-9.200372162332727e-06
commons-lang,oracle,7,0.9,0.05,0.07260402311238254,0.3891590547270301,-9.200372162332727e-06
commons-lang,oracle,7,0.9,0.1,0.07462464284593275,0.3932164822843821,-9.200372162332727e-06
commons-lang,oracle,7,0.9,0.25,0.0743987915163023,0.3924547837318078,-9.200372162332727e-06
commons-lang,oracle,7,0.95,0.0,0.0729084449217191,0.4127150235306594,-0.0007629596602700486
commons-lang,oracle,7,0.95,0.05,0.07884701808884165,0.43436756641706054,-0.0007629596602700486
commons-lang,oracle,7,0.95,0.1,0.08143413243542,0.4374874705733272,-0.0007629596602700486
commons-lang,oracle,7,0.95,0.25,0.0825448454023844,0.43773270418016,-0.0007629596602700486
commons-lang,oracle,7,0.99,0.0,0.08291988590937388,0.528240906128676,0.0238557723808423
commons-lang,oracle,7,0.99,0.05,0.08937097572558571,0.5559543602609142,0.0238557723808423
commons-lang,oracle,7,0.99,0.1,0.09312576354764152,0.5640084199662037,0.0238557723808423
commons-lang,oracle,7,0.99,0.25,0.09887499670689334,0.5677444960200639,0.0238557723808423
commons-lang,oracle,7,0.995,0.0,0.0843484420332101,0.5410326743042376,0.051520243585325094
commons-lang,oracle,7,0.995,0.05,0.09073257116596485,0.5694172314814894,0.051520243585325094
commons-lang,oracle,7,0.995,0.1,0.0948965186601621,0.5786600883357338,0.051520243585325094
commons-lang,oracle,7,0.995,0.25,0.1016305141013831,0.5825341671577492,0.051520243585325094
commons-lang,oracle,7,0.999,0.0,0.07344256397016205,0.5409534725987704,0.10467995665826266
commons-lang,oracle,7,0.999,0.05,0.07911745206629447,0.5693338745642499,0.10467995665826266
commons-lang,oracle,7,0.999,0.1,0.08296449448087936,0.5792423466055536,0.10467995665826266
commons-lang,oracle,7,0.999,0.25,0.08767851088666692,0.5822796483576054,0.10467995665826266
commons-lang,oracle,13,0.9,0.0,0.05856459835513308,0.3884578338790277,-1.826379800252437e-05
commons-lang,oracle,13,0.9,0.05,0.06321438974861401,0.4088377556848044,-1.826379800252437e-05
commons-lang,oracle,13,0.9,0.1,0.06289092004695215,0.4158730250909802,-1.826379800252437e-05
commons-lang,oracle,13,0.9,0.25,0.06079603396874228,0.40808318307156155,-1.826379800252437e-05
commons-lang,oracle,13,0.95,0.0,0.05969028738557532,0.43004737142614624,-0.001431939495257805
commons-lang,oracle,13,0.95,0.05,0.06515528453123143,0.4526092328125587,-0.001431939495257805
commons-lang,oracle,13,0.95,0.1,0.06440492492330313,0.45699354932736314,-0.001431939495257805
commons-lang,oracle,13,0.95,0.25,0.06275271877928215,0.4502010097857144,-0.001431939495257805
commons-lang,oracle,13,0.99,0.0,0.06639797986863913,0.527789931439064,0.018820728793696777
commons-lang,oracle,13,0.99,0.05,0.07212397765456592,0.5554797257860975,0.018820728793696777
commons-lang,oracle,13,0.99,0.1,0.07276859030780594,0.5614084558327613,0.018820728793696777
commons-lang,oracle,13,0.99,0.25,0.07535248429306562,0.5634422788208987,0.018820728793696777
commons-lang,oracle,13,0.995,0.0,0.06851281388065542,0.5375669166114376,0.06345272611778918
commons-lang,oracle,13,0.995,0.05,0.07418582525577858,0.5657696474368514,0.06345272611778918
commons-lang,oracle,13,0.995,0.1,0.07576159335060825,0.572746717186814,0.06345272611778918
commons-lang,oracle,13,0.995,0.25,0.0800043971420706,0.5766665038353959,0.06345272611778918
commons-lang,oracle,13,0.999,0.0,0.06483253019790837,0.536076446222853,0.08624495602814723
commons-lang,oracle,13,0.999,0.05,0.07015789817809427,0.564200981508561,0.08624495602814723
commons-lang,oracle,13,0.999,0.1,0.0722280155356241,0.5718525786125409,0.08624495602814723
commons-lang,oracle,13,0.999,0.25,0.07673311961313609,0.5763428070557352,0.08624495602814723
commons-lang,oracle,21,0.9,0.0,0.05112548179811614,0.36064384199817473,-1.480922847000253e-05
commons-lang,oracle,21,0.9,0.05,0.05520385951796096,0.37956453984139693,-1.480922847000253e-05
commons-lang,oracle,21,0.9,0.1,0.05590057385588358,0.38535264402688296,-1.480922847000253e-05
commons-lang,oracle,21,0.9,0.25,0.05645279922815057,0.3752085547607791,-1.480922847000253e-05
commons-lang,oracle,21,0.95,0.0,0.05235232319881173,0.4084539919103655,-0.0014971309696730454
commons-lang,oracle,21,0.95,0.05,0.057241716637125975,0.4298829854597218,-0.0014971309696730454
commons-lang,oracle,21,0.95,0.1,0.05751559589840225,0.43351908875452877,-0.0014971309696730454
commons-lang,oracle,21,0.95,0.25,0.05871358953195318,0.42520204318039073,-0.0014971309696730454
commons-lang,oracle,21,0.99,0.0,0.060017318437598305,0.5073447942152505,0.013766079342350027
commons-lang,oracle,21,0.99,0.05,0.06529133599844815,0.5339619617245936,0.013766079342350027
commons-lang,oracle,21,0.99,0.1,0.065858458721521,0.5388537838862696,0.013766079342350027
commons-lang,oracle,21,0.99,0.25,0.07053058669452371,0.539573380907793,0.013766079342350027
commons-lang,oracle,21,0.995,0.0,0.06196969431092966,0.5189416108968451,0.06707311058821258
commons-lang,oracle,21,0.995,0.05,0.06720025161025799,0.5461671899158925,0.06707311058821258
commons-lang,oracle,21,0.995,0.1,0.06841224524134658,0.5520755502484351,0.06707311058821258
commons-lang,oracle,21,0.995,0.25,0.07388900374249767,0.554528664477303,0.06707311058821258
commons-lang,oracle,21,0.999,0.0,0.057733169453640085,0.5209020755454596,0.08112065293394893
commons-lang,oracle,21,0.999,0.05,0.06260117261610874,0.5482305077257957,0.08112065293394893
commons-lang,oracle,21,0.999,0.1,0.0641118585452076,0.5549211819702823,0.08112065293394893
commons-lang,oracle,21,0.999,0.25,0.06864740204951368,0.5578199199109724,0.08112065293394893
commons-lang,oracle,42,0.9,0.0,0.04842014965311625,0.3518193846099425,-1.4809228469980377e-05
commons-lang,oracle,42,0.9,0.05,0.05234751914308007,0.37027711907370414,-1.4809228469980377e-05
commons-lang,oracle,42,0.9,0.1,0.05274743773404267,0.3753901093661118,-1.4809228469980377e-05
commons-lang,oracle,42,0.9,0.25,0.058518297745811076,0.3761039252034359,-1.4809228469980377e-05
commons-lang,oracle,42,0.95,0.0,0.049659122988220374,0.3993137817864759,-0.0014971307138045013
commons-lang,oracle,42,0.95,0.05,0.054377951509416725,0.4202632464105094,-0.0014971307138045013
commons-lang,oracle,42,0.95,0.1,0.05449120623800906,0.4233009701495625,-0.0014971307138045013
commons-lang,oracle,42,0.95,0.25,0.06085735394191936,0.4262022379317855,-0.0014971307138045013
commons-lang,oracle,42,0.99,0.0,0.05874467357701198,0.5039123658931154,0.013769743718068241
commons-lang,oracle,42,0.99,0.05,0.06392744314324524,0.5303494556315702,0.013769743718068241
commons-lang,oracle,42,0.99,0.1,0.06431729476780006,0.5349735545743838,0.013769743718068241
commons-lang,oracle,42,0.99,0.25,0.07231078889092979,0.5402409196290486,0.013769743718068241
commons-lang,oracle,42,0.995,0.0,0.06079976810992073,0.5163464656801194,0.06753772763210043
commons-lang,oracle,42,0.995,0.05,0.06594844749413001,0.5434358938689381,0.06753772763210043
commons-lang,oracle,42,0.995,0.1,0.06696818233874183,0.5491150671299083,0.06753772763210043
commons-lang,oracle,42,0.995,0.25,0.07471249013498112,0.5542725667399347,0.06753772763210043
commons-lang,oracle,42,0.999,0.0,0.054757815951321405,0.5165923822641083,0.08274686905226013
commons-lang,oracle,42,0.999,0.05,0.05945243367992868,0.5436947121382977,0.08274686905226013
commons-lang,oracle,42,0.999,0.1,0.06066112719950589,0.5500545576905512,0.08274686905226013
commons-lang,oracle,42,0.999,0.25,0.06589836922503343,0.5538058295998565,0.08274686905226013
commons-lang,oracle,77,0.9,0.0,0.06912566670052907,0.3718570827921317,-1.2420006008436476e-05
commons-lang,oracle,77,0.9,0.05,0.07441408910680385,0.3913660683480465,-1.2420006008436476e-05
commons-lang,oracle,77,0.9,0.1,0.07654867653192646,0.39554694252009076,-1.2420006008436476e-05
commons-lang,oracle,77,0.9,0.25,0.07540005196209479,0.394187681105572,-1.2420006008436476e-05
commons-lang,oracle,77,0.95,0.0,0.07457402633997189,0.4159458211519307,-0.0009517356528574498
commons-lang,oracle,77,0.95,0.05,0.08092809805881263,0.43776786352360236,-0.0009517356528574498
commons-lang,oracle,77,0.95,0.1,0.08374150282786302,0.44110953584007595,-0.0009517356528574498
commons-lang,oracle,77,0.95,0.25,0.0838981652112988,0.4410895850172208,-0.0009517356528574498
commons-lang,oracle,77,0.99,0.0,0.08547331862828816,0.5343468333605175,0.017398361553432738
commons-lang,oracle,77,0.99,0.05,0.09225112807745665,0.5623806268158016,0.017398361553432738
commons-lang,oracle,77,0.99,0.1,0.0967604614135112,0.5711321334201448,0.017398361553432738
commons-lang,oracle,77,0.99,0.25,0.10267381778505684,0.5759184014801602,0.017398361553432738
commons-lang,oracle,77,0.995,0.0,0.08669573105556182,0.5469745552798436,0.04360387381123943
commons-lang,oracle,77,0.995,0.05,0.09336540128078753,0.5756708453122495,0.04360387381123943
commons-lang,oracle,77,0.995,0.1,0.09831686976492546,0.5856470840295943,0.04360387381123943
commons-lang,oracle,77,0.995,0.25,0.10579783758393872,0.5910732716406261,0.04360387381123943
commons-lang,oracle,77,0.999,0.0,0.07475425413866704,0.5444725039960255,0.10399415561556227
commons-lang,oracle,77,0.999,0.05,0.08063658255542448,0.5730375272471464,0.10399415561556227
commons-lang,oracle,77,0.999,0.1,0.08520689212556305,0.5835447720502562,0.10399415561556227
commons-lang,oracle,77,0.999,0.25,0.09118844909962619,0.5882907499002883,0.10399415561556227
commons-lang,oracle,101,0.9,0.0,0.04174682948402728,0.33769593234333556,-1.3238271732194618e-05
commons-lang,oracle,101,0.9,0.05,0.045445377535746664,0.35541269873355663,-1.3238271732194618e-05
commons-lang,oracle,101,0.9,0.1,0.04454296237384981,0.35836899389487686,-1.3238271732194618e-05
commons-lang,oracle,101,0.9,0.25,0.046259794712567796,0.3536669925844513,-1.3238271732194618e-05
commons-lang,oracle,101,0.95,0.0,0.042592600613802954,0.388355959652456,-0.00130081381139402
commons-lang,oracle,101,0.95,0.05,0.04704753684944549,0.40873053676290033,-0.00130081381139402
commons-lang,oracle,101,0.95,0.1,0.04633269809044787,0.4102517452263278,-0.00130081381139402
commons-lang,oracle,101,0.95,0.25,0.04803803712604755,0.40788756779293756,-0.00130081381139402
commons-lang,oracle,101,0.99,0.0,0.05298304259923157,0.4967963621075475,0.019921690079553765
commons-lang,oracle,101,0.99,0.05,0.05793008223495521,0.5228601202046468,0.019921690079553765
commons-lang,oracle,101,0.99,0.1,0.058179295942171104,0.5270379264269109,0.019921690079553765
commons-lang,oracle,101,0.99,0.25,0.060959925931411404,0.5264013665123822,0.019921690079553765
commons-lang,oracle,101,0.995,0.0,0.05547982089175864,0.5100602560572747,0.07212053412389348
commons-lang,oracle,101,0.995,0.05,0.06040631995051548,0.5368198866480144,0.07212053412389348
commons-lang,oracle,101,0.995,0.1,0.06135059968041121,0.5421731324848515,0.07212053412389348
commons-lang,oracle,101,0.995,0.25,0.06391370498820949,0.5412331017752529,0.07212053412389348
commons-lang,oracle,101,0.999,0.0,0.05371107048203521,0.5158700756158746,0.07444844011598092
commons-lang,oracle,101,0.999,0.05,0.058399985435890756,0.5429345106357788,0.07444844011598092
commons-lang,oracle,101,0.999,0.1,0.05979096629570547,0.549325762538544,0.07444844011598092
commons-lang,oracle,101,0.999,0.25,0.06109229995806322,0.5481288013494912,0.07444844011598092
commons-lang,oracle,123,0.9,0.0,0.051602641834648515,0.3608390727938917,-1.4391092522668519e-05
commons-lang,oracle,123,0.9,0.05,0.05581886965556785,0.3797700131602498,-1.4391092522668519e-05
commons-lang,oracle,123,0.9,0.1,0.05416857575726791,0.3800439978617082,-1.4391092522668519e-05
commons-lang,oracle,123,0.9,0.25,0.06026354492980572,0.3819514045229155,-1.4391092522668519e-05
commons-lang,oracle,123,0.95,0.0,0.05315276181109233,0.40827337127757485,-0.0013563129342044186
commons-lang,oracle,123,0.95,0.05,0.05816414331080648,0.429692888806494,-0.0013563129342044186
commons-lang,oracle,123,0.95,0.1,0.055864520950268594,0.42698176573232194,-0.0013563129342044186
commons-lang,oracle,123,0.95,0.25,0.06245703326010111,0.4308128969029068,-0.0013563129342044186
commons-lang,oracle,123,0.99,0.0,0.06276634913432323,0.5121465579280986,0.020424043866491343
commons-lang,oracle,123,0.99,0.05,0.06822884953270936,0.5390156435620435,0.020424043866491343
commons-lang,oracle,123,0.99,0.1,0.06645725776596122,0.5372860717516856,0.020424043866491343
commons-lang,oracle,123,0.99,0.25,0.07415132780771141,0.5422355484238861,0.020424043866491343
commons-lang,oracle,123,0.995,0.0,0.06535889806726294,0.5250978897183161,0.07495410117272887
commons-lang,oracle,123,0.995,0.05,0.07080543769823934,0.5526464496893585,0.07495410117272887
commons-lang,oracle,123,0.995,0.1,0.06981361628222342,0.5520645188385762,0.07495410117272887
commons-lang,oracle,123,0.995,0.25,0.07675695171713745,0.5561077805616628,0.07495410117272887
commons-lang,oracle,123,0.999,0.0,0.06141084320462174,0.5284008716647446,0.08517679414246725
commons-lang,oracle,123,0.999,0.05,0.06650511014897832,0.5561227181753373,0.08517679414246725
commons-lang,oracle,123,0.999,0.1,0.06595346618521444,0.5564795260033522,0.08517679414246725
commons-lang,oracle,123,0.999,0.25,0.06999893074171577,0.5583182033152094,0.08517679414246725
commons-lang,oracle,202,0.9,0.0,0.04973695447449566,0.35198209235379474,-1.9070626745813592e-05
commons-lang,oracle,202,0.9,0.05,0.05374248496148125,0.3704483630621823,-1.9070626745813592e-05
commons-lang,oracle,202,0.9,0.1,0.05272375516858235,0.3741282998084452,-1.9070626745813592e-05
commons-lang,oracle,202,0.9,0.25,0.05648220712852976,0.3731441504294046,-1.9070626745813592e-05
commons-lang,oracle,202,0.95,0.0,0.05056431132316714,0.39787778779636207,-0.0017745336480799634
commons-lang,oracle,202,0.95,0.05,0.055359899104765534,0.41875191491222935,-0.0017745336480799634
commons-lang,oracle,202,0.95,0.1,0.0544865354437688,0.42060910848047894,-0.0017745336480799634
commons-lang,oracle,202,0.95,0.25,0.058072341094942005,0.4207577299032789,-0.0017745336480799634
commons-lang,oracle,202,0.99,0.0,0.058731274737837014,0.5016134510095707,0.0025829400971544188
commons-lang,oracle,202,0.99,0.05,0.06393782173237537,0.5279299312468682,0.0025829400971544188
commons-lang,oracle,202,0.99,0.1,0.0641338185803407,0.5321690237055094,0.0025829400971544188
commons-lang,oracle,202,0.99,0.25,0.06786527315326163,0.5323678834504126,0.0025829400971544188
commons-lang,oracle,202,0.995,0.0,0.06144649678228895,0.5152944232103254,0.04158559583355791
commons-lang,oracle,202,0.995,0.05,0.0666496052215539,0.5423286573950571,0.04158559583355791
commons-lang,oracle,202,0.995,0.1,0.0676354237776666,0.5478024188560349,0.04158559583355791
commons-lang,oracle,202,0.995,0.25,0.071061930115038,0.5476218122450678,0.04158559583355791
commons-lang,oracle,202,0.999,0.0,0.061509970906029186,0.5240732417823518,0.0672723481937844
commons-lang,oracle,202,0.999,0.05,0.06657611891605318,0.551568044966963,0.0672723481937844
commons-lang,oracle,202,0.999,0.1,0.06817820853361481,0.558285966624006,0.0672723481937844
commons-lang,oracle,202,0.999,0.25,0.07060723867488242,0.558374131636499,0.0672723481937844
commons-lang,oracle,314,0.9,0.0,0.039181173648743045,0.34521814175310456,-2.4120834504067156e-05
commons-lang,oracle,314,0.9,0.05,0.04280231254368524,0.3633295508206194,-2.4120834504067156e-05
commons-lang,oracle,314,0.9,0.1,0.04197455773733824,0.3669447878751707,-2.4120834504067156e-05
commons-lang,oracle,314,0.9,0.25,0.0434233171041306,0.36412249690724546,-2.4120834504067156e-05
commons-lang,oracle,314,0.95,0.0,0.04044284328545954,0.39087108825337136,-0.0017734575014397035
commons-lang,oracle,314,0.95,0.05,0.04485558487638989,0.4113776182290889,-0.0017734575014397035
commons-lang,oracle,314,0.95,0.1,0.044225028181753424,0.4132198188097572,-0.0017734575014397035
commons-lang,oracle,314,0.95,0.25,0.045558190179131146,0.4116513136452688,-0.0017734575014397035
commons-lang,oracle,314,0.99,0.0,0.0509862225293557,0.5021581958662399,0.009894577845834205
commons-lang,oracle,314,0.99,0.05,0.055867848849551566,0.5285032554154081,0.009894577845834205
commons-lang,oracle,314,0.99,0.1,0.05648807739354272,0.5333047320659787,0.009894577845834205
commons-lang,oracle,314,0.99,0.25,0.05890647839160465,0.533973288852141,0.009894577845834205
commons-lang,oracle,314,0.995,0.0,0.0549723263644459,0.5175793651618852,0.041416474133567076
commons-lang,oracle,314,0.995,0.05,0.0599055249654367,0.5447334757765463,0.041416474133567076
commons-lang,oracle,314,0.995,0.1,0.06130269889807131,0.5508376665535908,0.041416474133567076
commons-lang,oracle,314,0.995,0.25,0.06400750338933514,0.5518208738393465,0.041416474133567076
commons-lang,oracle,314,0.999,0.0,0.05667028937191376,0.5245611748703821,0.06394475932074392
commons-lang,oracle,314,0.999,0.05,0.061543052752284035,0.5520815768132451,0.06394475932074392
commons-lang,oracle,314,0.999,0.1,0.06355111883666092,0.5592693507965064,0.06394475932074392
commons-lang,oracle,314,0.999,0.25,0.06601548148221777,0.5604697183128222,0.06394475932074392
commons-lang,oracle,999,0.9,0.0,0.03920591813120235,0.3445681840330616,-2.4120980043768473e-05
commons-lang,oracle,999,0.9,0.05,0.042925672080698446,0.36264549393624956,-2.4120980043768473e-05
commons-lang,oracle,999,0.9,0.1,0.04241244522725865,0.36653268553408513,-2.4120980043768473e-05
commons-lang,oracle,999,0.9,0.25,0.04328543038039028,0.3629672939401051,-2.4120980043768473e-05
commons-lang,oracle,999,0.95,0.0,0.04042028971313855,0.3915896866062827,-0.0017745184488634524
commons-lang,oracle,999,0.95,0.05,0.04498482799953749,0.4121339168855205,-0.0017745184488634524
commons-lang,oracle,999,0.95,0.1,0.04462002244156574,0.4142207933670722,-0.0017745184488634524
commons-lang,oracle,999,0.95,0.25,0.04544380236505762,0.41211260138204253,-0.0017745184488634524
commons-lang,oracle,999,0.99,0.0,0.05170130614141293,0.5033710825259244,0.010427978506220941
commons-lang,oracle,999,0.99,0.05,0.05670819656732684,0.5297797745549343,0.010427978506220941
commons-lang,oracle,999,0.99,0.1,0.05761765743676982,0.5348160666818234,0.010427978506220941
commons-lang,oracle,999,0.99,0.25,0.05980470968493236,0.5352472012180013,0.010427978506220941
commons-lang,oracle,999,0.995,0.0,0.05569366482033019,0.5183823232634055,0.04363362902794809
commons-lang,oracle,999,0.995,0.05,0.06073759303807294,0.5455785600032085,0.04363362902794809
commons-lang,oracle,999,0.995,0.1,0.06241463484282345,0.5518918658709071,0.04363362902794809
commons-lang,oracle,999,0.995,0.25,0.06511997660703853,0.5528123967127292,0.04363362902794809
commons-lang,oracle,999,0.999,0.0,0.056977030968512685,0.5248462158606185,0.06539449187534753
commons-lang,oracle,999,0.999,0.05,0.06192733758785623,0.552381572098609,0.06539449187534753
commons-lang,oracle,999,0.999,0.1,0.06417741757026679,0.5597403843515707,0.06539449187534753
commons-lang,oracle,999,0.999,0.25,0.06693603801308746,0.561166104291645,0.06539449187534753
commons-lang,BSZZ,7,0.9,0.0,0.04552421259606139,0.4751588024129129,2.9143905188067875e-05
commons-lang,BSZZ,7,0.9,0.05,0.04906771990195978,0.5000873748188367,2.9143905188067875e-05
commons-lang,BSZZ,7,0.9,0.1,0.044641737396865645,0.5000486720127095,2.9143905188067875e-05
commons-lang,BSZZ,7,0.9,0.25,0.02077254373596461,0.4730965534834557,2.9143905188067875e-05
commons-lang,BSZZ,7,0.95,0.0,0.048738610646141746,0.5018434180872767,0.0022879933636969713
commons-lang,BSZZ,7,0.95,0.05,0.053334273771880054,0.5281719632403844,0.0022879933636969713
commons-lang,BSZZ,7,0.95,0.1,0.04991962134353038,0.5294344514843146,0.0022879933636969713
commons-lang,BSZZ,7,0.95,0.25,0.024661245043082484,0.5068781719987243,0.0022879933636969713
commons-lang,BSZZ,7,0.99,0.0,0.04900025822923489,0.5182766196907785,0.03728721226117762
commons-lang,BSZZ,7,0.99,0.05,0.05363993824031359,0.5454673108337189,0.03728721226117762
commons-lang,BSZZ,7,0.99,0.1,0.05307903581025581,0.548992953234395,0.03728721226117762
commons-lang,BSZZ,7,0.99,0.25,0.03158323870180432,0.5302282275231907,0.03728721226117762
commons-lang,BSZZ,7,0.995,0.0,0.04951303253729097,0.5191542644752796,0.0353559821100873
commons-lang,BSZZ,7,0.995,0.05,0.054026197596283784,0.5463910000805052,0.0353559821100873
commons-lang,BSZZ,7,0.995,0.1,0.05418074193646919,0.5505165104294987,0.0353559821100873
commons-lang,BSZZ,7,0.995,0.25,0.03559190113986674,0.5326846207893359,0.0353559821100873
commons-lang,BSZZ,7,0.999,0.0,0.06748633448867779,0.5432186822051962,0.027337909801215518
commons-lang,BSZZ,7,0.999,0.05,0.07279771423296547,0.5717179253694531,0.027337909801215518
commons-lang,BSZZ,7,0.999,0.1,0.07461303037430791,0.5779735935568101,0.027337909801215518
commons-lang,BSZZ,7,0.999,0.25,0.06352068361864571,0.5661122660286195,0.027337909801215518
commons-lang,BSZZ,13,0.9,0.0,0.0718920880439575,0.5063756972814462,3.0199312320316504e-05
commons-lang,BSZZ,13,0.9,0.05,0.07681895074379018,0.532942022413546,3.0199312320316504e-05
commons-lang,BSZZ,13,0.9,0.1,0.07054176868800455,0.53117476124273,3.0199312320316504e-05
commons-lang,BSZZ,13,0.9,0.25,0.04696019237013439,0.5048382932671027,3.0199312320316504e-05
commons-lang,BSZZ,13,0.95,0.0,0.07504704207253082,0.5331662753849556,0.0024828631354521526
commons-lang,BSZZ,13,0.95,0.05,0.08102294194095098,0.5611381324416638,0.0024828631354521526
commons-lang,BSZZ,13,0.95,0.1,0.07587405026941563,0.5612909162077593,0.0024828631354521526
commons-lang,BSZZ,13,0.95,0.25,0.05095981261671677,0.5392673272952575,0.0024828631354521526
commons-lang,BSZZ,13,0.99,0.0,0.07870572083877475,0.5557919048012704,0.04313990218034036
commons-lang,BSZZ,13,0.99,0.05,0.08490385829976906,0.5849507853083913,0.04313990218034036
commons-lang,BSZZ,13,0.99,0.1,0.08423865864477344,0.5888971659323199,0.04313990218034036
commons-lang,BSZZ,13,0.99,0.25,0.06318972397979111,0.5729783931621155,0.04313990218034036
commons-lang,BSZZ,13,0.995,0.0,0.07979795035535836,0.5554957813075978,0.045617924018715124
commons-lang,BSZZ,13,0.995,0.05,0.08589997320842205,0.5846391260908395,0.045617924018715124
commons-lang,BSZZ,13,0.995,0.1,0.08638592543271649,0.5893782101765137,0.045617924018715124
commons-lang,BSZZ,13,0.995,0.25,0.06838799504406899,0.5741238874685514,0.045617924018715124
commons-lang,BSZZ,13,0.999,0.0,0.09625813941921921,0.5735489777440702,0.056244841969262924
commons-lang,BSZZ,13,0.999,0.05,0.10307899350938432,0.6036394593839576,0.056244841969262924
commons-lang,BSZZ,13,0.999,0.1,0.10546625291405291,0.6103772843243329,0.056244841969262924
commons-lang,BSZZ,13,0.999,0.25,0.09488376018731397,0.5994833078459969,0.056244841969262924
commons-lang,BSZZ,21,0.9,0.0,0.049698153724749144,0.4665166626498109,2.814159660203046e-05
commons-lang,BSZZ,21,0.9,0.05,0.053463163211755926,0.4909918367271494,2.814159660203046e-05
commons-lang,BSZZ,21,0.9,0.1,0.046223048035821314,0.48747558942123215,2.814159660203046e-05
commons-lang,BSZZ,21,0.9,0.25,0.019382237461561275,0.4538216932397422,2.814159660203046e-05
commons-lang,BSZZ,21,0.95,0.0,0.05286506897562399,0.4966077674398853,0.002123377137183227
commons-lang,BSZZ,21,0.95,0.05,0.05768697359927658,0.5226616311694503,0.002123377137183227
commons-lang,BSZZ,21,0.95,0.1,0.05184909669003494,0.5214053516136633,0.002123377137183227
commons-lang,BSZZ,21,0.95,0.25,0.023119930620178426,0.4923307132151657,0.002123377137183227
commons-lang,BSZZ,21,0.99,0.0,0.05211288795817415,0.5199895038067007,0.03214934604795601
commons-lang,BSZZ,21,0.99,0.05,0.05692232707204515,0.5472700591287113,0.03214934604795601
commons-lang,BSZZ,21,0.99,0.1,0.05531253406149605,0.5497405876186525,0.03214934604795601
commons-lang,BSZZ,21,0.99,0.25,0.02897949288185609,0.5265822312007656,0.03214934604795601
commons-lang,BSZZ,21,0.995,0.0,0.051815087382877205,0.5215320467267338,0.031243001043966753
commons-lang,BSZZ,21,0.995,0.05,0.05645399038433913,0.548893529504315,0.031243001043966753
commons-lang,BSZZ,21,0.995,0.1,0.055812430494225,0.5521412639946819,0.031243001043966753
commons-lang,BSZZ,21,0.995,0.25,0.03222316705123203,0.5301611312046189,0.031243001043966753
commons-lang,BSZZ,21,0.999,0.0,0.06968280554798877,0.545762264040363,0.027659526583335012
commons-lang,BSZZ,21,0.999,0.05,0.0751133097215667,0.5743949528308535,0.027659526583335012
commons-lang,BSZZ,21,0.999,0.1,0.0763593421076622,0.5798873502281462,0.027659526583335012
commons-lang,BSZZ,21,0.999,0.25,0.06066767596060888,0.5638525043955702,0.027659526583335012
commons-lang,BSZZ,42,0.9,0.0,0.07518986946630286,0.5165307626035549,2.9172402458767943e-05
commons-lang,BSZZ,42,0.9,0.05,0.08028974586713064,0.543629859684493,2.9172402458767943e-05
commons-lang,BSZZ,42,0.9,0.1,0.07446444127586994,0.54341038352274,2.9172402458767943e-05
commons-lang,BSZZ,42,0.9,0.25,0.05396319070575837,0.5224197804997777,2.9172402458767943e-05
commons-lang,BSZZ,42,0.95,0.0,0.07836671586463916,0.5425100477940782,0.002317181105699051
commons-lang,BSZZ,42,0.95,0.05,0.08451677798801574,0.5709721133997229,0.002317181105699051
commons-lang,BSZZ,42,0.95,0.1,0.07997660079887235,0.5725181534818113,0.002317181105699051
commons-lang,BSZZ,42,0.95,0.25,0.05717930601162591,0.5532707234049187,0.002317181105699051
commons-lang,BSZZ,42,0.99,0.0,0.07994973371311899,0.5574101605150107,0.039629763659188286
commons-lang,BSZZ,42,0.99,0.05,0.08621313664926498,0.5866539406483753,0.039629763659188286
commons-lang,BSZZ,42,0.99,0.1,0.08585752019466679,0.5910007804087148,0.039629763659188286
commons-lang,BSZZ,42,0.99,0.25,0.06492273439474484,0.5744075807668789,0.039629763659188286
commons-lang,BSZZ,42,0.995,0.0,0.08117051676020558,0.5577677487019271,0.04289234958547155
commons-lang,BSZZ,42,0.995,0.05,0.08734454947782702,0.5870302892222693,0.04289234958547155
commons-lang,BSZZ,42,0.995,0.1,0.08806757976215915,0.5920897691544316,0.04289234958547155
commons-lang,BSZZ,42,0.995,0.25,0.06998894730060984,0.5763162703558931,0.04289234958547155
commons-lang,BSZZ,42,0.999,0.0,0.09786679748406873,0.5769085848387399,0.054993594768248874
commons-lang,BSZZ,42,0.999,0.05,0.10477204767263786,0.6071753237810061,0.054993594768248874
commons-lang,BSZZ,42,0.999,0.1,0.1073512318619994,0.6142178435831788,0.054993594768248874
commons-lang,BSZZ,42,0.999,0.25,0.09660243619291252,0.6032114750099941,0.054993594768248874
commons-lang,BSZZ,77,0.9,0.0,0.04862407746865838,0.46053994423918204,2.917168259386664e-05
commons-lang,BSZZ,77,0.9,0.05,0.052332736978387105,0.4847015577618332,2.917168259386664e-05
commons-lang,BSZZ,77,0.9,0.1,0.046224064891477394,0.48250317846144397,2.917168259386664e-05
commons-lang,BSZZ,77,0.9,0.25,0.02922395572105193,0.4590351313053641,2.917168259386664e-05
commons-lang,BSZZ,77,0.95,0.0,0.04941250964325927,0.4917387629631508,0.002312931515189494
commons-lang,BSZZ,77,0.95,0.05,0.05405328034943931,0.5175371808711786,0.002312931515189494
commons-lang,BSZZ,77,0.95,0.1,0.04889868760226856,0.5172985994326926,0.002312931515189494
commons-lang,BSZZ,77,0.95,0.25,0.02999098728000162,0.4976523783480775,0.002312931515189494
commons-lang,BSZZ,77,0.99,0.0,0.048559213009753174,0.5190127048359078,0.04150331971219157
commons-lang,BSZZ,77,0.99,0.05,0.05318221331030753,0.5462420137035838,0.04150331971219157
commons-lang,BSZZ,77,0.99,0.1,0.05161449104425327,0.5490163405427608,0.04150331971219157
commons-lang,BSZZ,77,0.99,0.25,0.03403544798885225,0.5348217040094763,0.04150331971219157
commons-lang,BSZZ,77,0.995,0.0,0.04896806731166332,0.520772437075372,0.048392638843920435
commons-lang,BSZZ,77,0.995,0.05,0.05345760520481627,0.5480940679463948,0.048392638843920435
commons-lang,BSZZ,77,0.995,0.1,0.05279870489328108,0.5515052111718222,0.048392638843920435
commons-lang,BSZZ,77,0.995,0.25,0.03599361741937972,0.5367144926578463,0.048392638843920435
commons-lang,BSZZ,77,0.999,0.0,0.06482853036633436,0.5407218496329544,0.035474114440907055
commons-lang,BSZZ,77,0.999,0.05,0.07000436147118318,0.5690900998086643,0.035474114440907055
commons-lang,BSZZ,77,0.999,0.1,0.07104895043697955,0.5744002684481306,0.035474114440907055
commons-lang,BSZZ,77,0.999,0.25,0.058902470983701875,0.5621728647392226,0.035474114440907055
commons-lang,BSZZ,101,0.9,0.0,0.05330382313667885,0.4783463483440404,2.914374657097341e-05
commons-lang,BSZZ,101,0.9,0.05,0.057276677070143674,0.5034421510930364,2.914374657097341e-05
commons-lang,BSZZ,101,0.9,0.1,0.047528903885810374,0.4950833460499354,2.914374657097341e-05
commons-lang,BSZZ,101,0.9,0.25,0.03102073553221178,0.47476014887797174,2.914374657097341e-05
commons-lang,BSZZ,101,0.95,0.0,0.055937927790302544,0.5101455212581971,0.0022863896588188773
commons-lang,BSZZ,101,0.95,0.05,0.06098806855761847,0.5369096251739055,0.0022863896588188773
commons-lang,BSZZ,101,0.95,0.1,0.05266721903637956,0.5309026246090144,0.0022863896588188773
commons-lang,BSZZ,101,0.95,0.25,0.035282999394844444,0.5152618800053383,0.0022863896588188773
commons-lang,BSZZ,101,0.99,0.0,0.0604335090627132,0.5382281579971292,0.036082464512905046
commons-lang,BSZZ,101,0.99,0.05,0.06572413574633959,0.5664655799693289,0.036082464512905046
commons-lang,BSZZ,101,0.99,0.1,0.06224154018067927,0.5644153942201412,0.036082464512905046
commons-lang,BSZZ,101,0.99,0.25,0.044775775375504326,0.550634752224441,0.036082464512905046
commons-lang,BSZZ,101,0.995,0.0,0.062605595773982,0.5406983730220607,0.03864670315707478
commons-lang,BSZZ,101,0.995,0.05,0.06784574078728316,0.5690653915287126,0.03864670315707478
commons-lang,BSZZ,101,0.995,0.1,0.06563629500032273,0.5677731018398141,0.03864670315707478
commons-lang,BSZZ,101,0.995,0.25,0.04838351114130276,0.5528378900100921,0.03864670315707478
commons-lang,BSZZ,101,0.999,0.0,0.07586842207549423,0.5562038843975486,0.04904783545294986
commons-lang,BSZZ,101,0.999,0.05,0.08165164885517145,0.5853843788643467,0.04904783545294986
commons-lang,BSZZ,101,0.999,0.1,0.08122165569553873,0.5857540631674446,0.04904783545294986
commons-lang,BSZZ,101,0.999,0.25,0.06740573808399695,0.5720562314966762,0.04904783545294986
commons-lang,BSZZ,123,0.9,0.0,0.046433033648152364,0.4608769184289848,2.917168226921248e-05
commons-lang,BSZZ,123,0.9,0.05,0.05004542078108479,0.485056210852767,2.917168226921248e-05
commons-lang,BSZZ,123,0.9,0.1,0.04369729344093389,0.4819714139590924,2.917168226921248e-05
commons-lang,BSZZ,123,0.9,0.25,0.019944790770573446,0.4519655788405673,2.917168226921248e-05
commons-lang,BSZZ,123,0.95,0.0,0.04775279659492523,0.4918332909998381,0.002312789890872367
commons-lang,BSZZ,123,0.95,0.05,0.05237351537822277,0.5176366681951504,0.002312789890872367
commons-lang,BSZZ,123,0.95,0.1,0.04748621238985917,0.516999012875724,0.002312789890872367
commons-lang,BSZZ,123,0.95,0.25,0.021933212509568,0.4913960915708579,0.002312789890872367
commons-lang,BSZZ,123,0.99,0.0,0.048288390742745844,0.5159807265089605,0.03448317812269086
commons-lang,BSZZ,123,0.99,0.05,0.052941840002992166,0.543050966680292,0.03448317812269086
commons-lang,BSZZ,123,0.99,0.1,0.05220393411320842,0.5463560142504682,0.03448317812269086
commons-lang,BSZZ,123,0.99,0.25,0.02916592555616466,0.5269683266471447,0.03448317812269086
commons-lang,BSZZ,123,0.995,0.0,0.04942564971224256,0.5181396908874597,0.02871288417180304
commons-lang,BSZZ,123,0.995,0.05,0.05397432644580694,0.5453231982434837,0.02871288417180304
commons-lang,BSZZ,123,0.995,0.1,0.05415638181897401,0.5493082999701262,0.02871288417180304
commons-lang,BSZZ,123,0.995,0.25,0.03395944421136895,0.5312972899101597,0.02871288417180304
commons-lang,BSZZ,123,0.999,0.0,0.06737723376767027,0.5416477066496502,0.0281914658164545
commons-lang,BSZZ,123,0.999,0.05,0.07271498168539856,0.5700645306780615,0.0281914658164545
commons-lang,BSZZ,123,0.999,0.1,0.07465201641056399,0.5760903956669003,0.0281914658164545
commons-lang,BSZZ,123,0.999,0.25,0.06199415180873039,0.5636202163940971,0.0281914658164545
commons-lang,BSZZ,202,0.9,0.0,0.05453989202458432,0.48121139742727165,2.9143749197655407e-05
commons-lang,BSZZ,202,0.9,0.05,0.05855930130706773,0.50645751115263,2.9143749197655407e-05
commons-lang,BSZZ,202,0.9,0.1,0.05171210498346957,0.5039360291768542,2.9143749197655407e-05
commons-lang,BSZZ,202,0.9,0.25,0.03156580765624379,0.4822896345293171,2.9143749197655407e-05
commons-lang,BSZZ,202,0.95,0.0,0.05381825130607995,0.5063455798222745,0.002286837414223329
commons-lang,BSZZ,202,0.95,0.05,0.05869157757276715,0.5329103248820748,0.002286837414223329
commons-lang,BSZZ,202,0.95,0.1,0.05289328128945319,0.5322678063695583,0.002286837414223329
commons-lang,BSZZ,202,0.95,0.25,0.030500282332793748,0.5136893416785612,0.002286837414223329
commons-lang,BSZZ,202,0.99,0.0,0.04909249315945539,0.5188286894251177,0.0350633620067589
commons-lang,BSZZ,202,0.99,0.05,0.053744297819739655,0.5460483441698598,0.0350633620067589
commons-lang,BSZZ,202,0.99,0.1,0.05180406120260889,0.5483294267877036,0.0350633620067589
commons-lang,BSZZ,202,0.99,0.25,0.028996409292120086,0.5290851254735097,0.0350633620067589
commons-lang,BSZZ,202,0.995,0.0,0.04848987705916215,0.5174768750983587,0.027369089966831846
commons-lang,BSZZ,202,0.995,0.05,0.052954946474120336,0.5446256087086235,0.027369089966831846
commons-lang,BSZZ,202,0.995,0.1,0.05197440042671448,0.5475178450737365,0.027369089966831846
commons-lang,BSZZ,202,0.995,0.25,0.030586970331174912,0.527322169502007,0.027369089966831846
commons-lang,BSZZ,202,0.999,0.0,0.0656575252825626,0.5404745828280679,0.022126149391389217
commons-lang,BSZZ,202,0.999,0.05,0.07087732309894607,0.5688298604808698,0.022126149391389217
commons-lang,BSZZ,202,0.999,0.1,0.07175905597616895,0.5739086883045603,0.022126149391389217
commons-lang,BSZZ,202,0.999,0.25,0.05676955711978059,0.5581438434617773,0.022126149391389217
commons-lang,BSZZ,314,0.9,0.0,0.06873995281767054,0.5022880449552323,2.874424777408492e-05
commons-lang,BSZZ,314,0.9,0.05,0.07350396488027192,0.5286399168635535,2.874424777408492e-05
commons-lang,BSZZ,314,0.9,0.1,0.06992528186575188,0.5293075309086207,2.874424777408492e-05
commons-lang,BSZZ,314,0.9,0.25,0.047842541189044345,0.5055935004090808,2.874424777408492e-05
commons-lang,BSZZ,314,0.95,0.0,0.07347258020097308,0.5305829869459434,0.0022365990549178785
commons-lang,BSZZ,314,0.95,0.05,0.0793756303975968,0.5584193152224409,0.0022365990549178785
commons-lang,BSZZ,314,0.95,0.1,0.0772493478719153,0.561075519178403,0.0022365990549178785
commons-lang,BSZZ,314,0.95,0.25,0.0529868721372496,0.539165513963726,0.0022365990549178785
commons-lang,BSZZ,314,0.99,0.0,0.07625157310750541,0.5527752570690668,0.034972771174184986
commons-lang,BSZZ,314,0.99,0.05,0.08232741612144767,0.5817758731790356,0.034972771174184986
commons-lang,BSZZ,314,0.99,0.1,0.08416503148872088,0.5882050172501148,0.034972771174184986
commons-lang,BSZZ,314,0.99,0.25,0.0638587591297074,0.5715804335146215,0.034972771174184986
commons-lang,BSZZ,314,0.995,0.0,0.0768302627480161,0.5525921709989791,0.033954640119958836
commons-lang,BSZZ,314,0.995,0.05,0.08278155353892877,0.5815831817426335,0.033954640119958836
commons-lang,BSZZ,314,0.995,0.1,0.08537234776141071,0.588676411948779,0.033954640119958836
commons-lang,BSZZ,314,0.995,0.25,0.06904015856733378,0.5741193851664149,0.033954640119958836
commons-lang,BSZZ,314,0.999,0.0,0.09205339925532546,0.5703646931244533,0.04545506368040005
commons-lang,BSZZ,314,0.999,0.05,0.09865754677122378,0.6002881155216242,0.04545506368040005
commons-lang,BSZZ,314,0.999,0.1,0.10272035483854904,0.6092148581860055,0.04545506368040005
commons-lang,BSZZ,314,0.999,0.25,0.09478995082563553,0.6008900584322012,0.04545506368040005
commons-lang,BSZZ,999,0.9,0.0,0.06821919756113373,0.5024402204231792,2.9199551537850712e-05
commons-lang,BSZZ,999,0.9,0.05,0.07297456670722506,0.5288000760143279,2.9199551537850712e-05
commons-lang,BSZZ,999,0.9,0.1,0.067595182647538,0.5276022035393575,2.9199551537850712e-05
commons-lang,BSZZ,999,0.9,0.25,0.046919695073056225,0.5060614702425982,2.9199551537850712e-05
commons-lang,BSZZ,999,0.95,0.0,0.06937898540160178,0.5287420098704703,0.0023330228949724
commons-lang,BSZZ,999,0.95,0.05,0.07513429331761401,0.5564817537417321,0.0023330228949724
commons-lang,BSZZ,999,0.95,0.1,0.07119677039432884,0.5575131636019905,0.0023330228949724
commons-lang,BSZZ,999,0.95,0.25,0.04850715704745973,0.5390912064993197,0.0023330228949724
commons-lang,BSZZ,999,0.99,0.0,0.06861863953920035,0.5440133823154535,0.042609697680743734
commons-lang,BSZZ,999,0.99,0.05,0.0743386881691295,0.5725543183603621,0.042609697680743734
commons-lang,BSZZ,999,0.99,0.1,0.07462492586282864,0.5772738419436596,0.042609697680743734
commons-lang,BSZZ,999,0.99,0.25,0.053844009746648734,0.562450736585694,0.042609697680743734
commons-lang,BSZZ,999,0.995,0.0,0.06895950182062045,0.5437774506319585,0.05177322958637132
commons-lang,BSZZ,999,0.995,0.05,0.07453299603452511,0.5723060088359746,0.05177322958637132
commons-lang,BSZZ,999,0.995,0.1,0.07573959044251562,0.5776371398811878,0.05177322958637132
commons-lang,BSZZ,999,0.995,0.25,0.05805830394257904,0.5637943490536829,0.05177322958637132
commons-lang,BSZZ,999,0.999,0.0,0.07916603058228362,0.5552539517568883,0.059356869047569906
commons-lang,BSZZ,999,0.999,0.05,0.08512226199117205,0.5843846092755056,0.059356869047569906
commons-lang,BSZZ,999,0.999,0.1,0.08766844783902701,0.5911077817082148,0.059356869047569906
commons-lang,BSZZ,999,0.999,0.25,0.07642354849000016,0.5804458784294706,0.059356869047569906
commons-lang,AGSZZ,7,0.9,0.0,0.049600515729523516,0.4639785279070964,2.9216112050381797e-05
commons-lang,AGSZZ,7,0.9,0.05,0.05335788083894987,0.48832054213263715,2.9216112050381797e-05
commons-lang,AGSZZ,7,0.9,0.1,0.04662814539446237,0.4856668484044344,2.9216112050381797e-05
commons-lang,AGSZZ,7,0.9,0.25,0.03105742386239818,0.4733381995502962,2.9216112050381797e-05
commons-lang,AGSZZ,7,0.95,0.0,0.05448355144947454,0.49906978212992686,0.0023355429949233238
commons-lang,AGSZZ,7,0.95,0.05,0.059380615227071484,0.5252528121743187,0.0023355429949233238
commons-lang,AGSZZ,7,0.95,0.1,0.054139019195758795,0.5249997298486365,0.0023355429949233238
commons-lang,AGSZZ,7,0.95,0.25,0.03849091127546821,0.515671990172097,0.0023355429949233238
commons-lang,AGSZZ,7,0.99,0.0,0.05568050905567082,0.5265003972341686,0.048009391946874064
commons-lang,AGSZZ,7,0.99,0.05,0.06067065951067456,0.5541225378901974,0.048009391946874064
commons-lang,AGSZZ,7,0.99,0.1,0.05942423966682171,0.5572559423654802,0.048009391946874064
commons-lang,AGSZZ,7,0.99,0.25,0.04395014274097588,0.54399611341337,0.048009391946874064
commons-lang,AGSZZ,7,0.995,0.0,0.05508520786902681,0.5262429292751755,0.0548200950774377
commons-lang,AGSZZ,7,0.995,0.05,0.059890709669989446,0.5538515622183608,0.0548200950774377
commons-lang,AGSZZ,7,0.995,0.1,0.059516105950115444,0.5575314228689333,0.0548200950774377
commons-lang,AGSZZ,7,0.995,0.25,0.044278215543734116,0.5425960381501558,0.0548200950774377
commons-lang,AGSZZ,7,0.999,0.0,0.06886212172237259,0.5453496907154456,0.04336037704285988
commons-lang,AGSZZ,7,0.999,0.05,0.07424568030770491,0.5739607343970784,0.04336037704285988
commons-lang,AGSZZ,7,0.999,0.1,0.07546478164413685,0.5795026284355373,0.04336037704285988
commons-lang,AGSZZ,7,0.999,0.25,0.0642829035686901,0.567418133563477,0.04336037704285988
commons-lang,AGSZZ,13,0.9,0.0,0.05797894953953613,0.485623774928911,2.96183639395684e-05
commons-lang,AGSZZ,13,0.9,0.05,0.062175877996669626,0.5111013781509879,2.96183639395684e-05
commons-lang,AGSZZ,13,0.9,0.1,0.05761685314916178,0.5104928706103198,2.96183639395684e-05
commons-lang,AGSZZ,13,0.9,0.25,0.041795015810215656,0.49282578805025795,2.96183639395684e-05
commons-lang,AGSZZ,13,0.95,0.0,0.06184546306617635,0.515216675002211,0.0024196353963503807
commons-lang,AGSZZ,13,0.95,0.05,0.06712875971129256,0.5422468302309694,0.0024196353963503807
commons-lang,AGSZZ,13,0.95,0.1,0.06397757835263067,0.5436972322636247,0.0024196353963503807
commons-lang,AGSZZ,13,0.95,0.25,0.046165542252409715,0.5299379246308924,0.0024196353963503807
commons-lang,AGSZZ,13,0.99,0.0,0.06348581737045533,0.5376915845654108,0.0525664331799693
commons-lang,AGSZZ,13,0.99,0.05,0.06888546290897134,0.565900855928644,0.0525664331799693
commons-lang,AGSZZ,13,0.99,0.1,0.06971498737439356,0.5711996667526842,0.0525664331799693
commons-lang,AGSZZ,13,0.99,0.25,0.05307427965699722,0.5595902277064756,0.0525664331799693
commons-lang,AGSZZ,13,0.995,0.0,0.06341735130466246,0.5363394614601944,0.061010896227961124
commons-lang,AGSZZ,13,0.995,0.05,0.06865998789062124,0.5644777954893007,0.061010896227961124
commons-lang,AGSZZ,13,0.995,0.1,0.07024888610820028,0.5704190512078503,0.061010896227961124
commons-lang,AGSZZ,13,0.995,0.25,0.05563295650518278,0.5580985110085688,0.061010896227961124
commons-lang,AGSZZ,13,0.999,0.0,0.0735227578962503,0.5494734913332877,0.058111444386665975
commons-lang,AGSZZ,13,0.999,0.05,0.07915083053820574,0.5783008847105746,0.058111444386665975
commons-lang,AGSZZ,13,0.999,0.1,0.08195435833730771,0.5858503609857176,0.058111444386665975
commons-lang,AGSZZ,13,0.999,0.25,0.07260086928042253,0.5760797669810979,0.058111444386665975
commons-lang,AGSZZ,21,0.9,0.0,0.06663396085446407,0.5052178062211026,2.3597484223944705e-05
commons-lang,AGSZZ,21,0.9,0.05,0.07128748485944245,0.5317233841440814,2.3597484223944705e-05
commons-lang,AGSZZ,21,0.9,0.1,0.0654631794354494,0.5308066381239661,2.3597484223944705e-05
commons-lang,AGSZZ,21,0.9,0.25,0.05408508734361627,0.5156039048504131,2.3597484223944705e-05
commons-lang,AGSZZ,21,0.95,0.0,0.07204529645100953,0.5306165848451746,0.0019638357444747554
commons-lang,AGSZZ,21,0.95,0.05,0.07787346611059158,0.5584546757906145,0.0019638357444747554
commons-lang,AGSZZ,21,0.95,0.1,0.07344395828606193,0.5594449262085446,0.0019638357444747554
commons-lang,AGSZZ,21,0.95,0.25,0.06080344631931998,0.5490298299619683,0.0019638357444747554
commons-lang,AGSZZ,21,0.99,0.0,0.07288668770148912,0.5504886718994666,0.04799553689677865
commons-lang,AGSZZ,21,0.99,0.05,0.0787859964934922,0.5793693253702645,0.04799553689677865
commons-lang,AGSZZ,21,0.99,0.1,0.07846016492575811,0.5836992987904025,0.04799553689677865
commons-lang,AGSZZ,21,0.99,0.25,0.06638983528585689,0.5765156297647703,0.04799553689677865
commons-lang,AGSZZ,21,0.995,0.0,0.07138033206546712,0.5480882790920013,0.06824683340943671
commons-lang,AGSZZ,21,0.995,0.05,0.0770456995167778,0.5768429991577992,0.06824683340943671
commons-lang,AGSZZ,21,0.995,0.1,0.07759454169177,0.5816927992847584,0.06824683340943671
commons-lang,AGSZZ,21,0.995,0.25,0.0656615130459496,0.5726606993875283,0.06824683340943671
commons-lang,AGSZZ,21,0.999,0.0,0.07748821601458981,0.5552606585647475,0.06923648033869835
commons-lang,AGSZZ,21,0.999,0.05,0.08332822063093871,0.5843916679470881,0.06923648033869835
commons-lang,AGSZZ,21,0.999,0.1,0.08506396291526956,0.5904734405804809,0.06923648033869835
commons-lang,AGSZZ,21,0.999,0.25,0.07551429736282814,0.5810627823855319,0.06923648033869835
commons-lang,AGSZZ,42,0.9,0.0,0.07951750092158802,0.5323208738774974,2.85992390312781e-05
commons-lang,AGSZZ,42,0.9,0.05,0.0848444207309171,0.5602483780724175,2.85992390312781e-05
commons-lang,AGSZZ,42,0.9,0.1,0.07944026895426372,0.5613002364937706,2.85992390312781e-05
commons-lang,AGSZZ,42,0.9,0.25,0.06801818489402714,0.5513784917125056,2.85992390312781e-05
commons-lang,AGSZZ,42,0.95,0.0,0.08230577938073697,0.5519543937039588,0.0021909070075009683
commons-lang,AGSZZ,42,0.95,0.05,0.08866249921428106,0.5809119443130287,0.0021909070075009683
commons-lang,AGSZZ,42,0.95,0.1,0.08452425887971385,0.5833060349086302,0.0021909070075009683
commons-lang,AGSZZ,42,0.95,0.25,0.0717753986935992,0.5761795069204445,0.0021909070075009683
commons-lang,AGSZZ,42,0.99,0.0,0.08239373159907366,0.5623227312822057,0.04815904058926999
commons-lang,AGSZZ,42,0.99,0.05,0.08878535562246578,0.5918242428843915,0.04815904058926999
commons-lang,AGSZZ,42,0.99,0.1,0.08866009242075414,0.5965687989273138,0.04815904058926999
commons-lang,AGSZZ,42,0.99,0.25,0.07718160204858833,0.5894935806251842,0.04815904058926999
commons-lang,AGSZZ,42,0.995,0.0,0.08143056177153718,0.5594705108567642,0.06403241100248254
commons-lang,AGSZZ,42,0.995,0.05,0.08761823740361344,0.5888223845209972,0.06403241100248254
commons-lang,AGSZZ,42,0.995,0.1,0.08841832035221549,0.5940535701323253,0.06403241100248254
commons-lang,AGSZZ,42,0.995,0.25,0.0771814785423438,0.584927415569828,0.06403241100248254
commons-lang,AGSZZ,42,0.999,0.0,0.09121645466885803,0.5701333293034786,0.06717303442638309
commons-lang,AGSZZ,42,0.999,0.05,0.0977728034973948,0.6000446135065679,0.06717303442638309
commons-lang,AGSZZ,42,0.999,0.1,0.10000665346400371,0.6067378648570577,0.06717303442638309
commons-lang,AGSZZ,42,0.999,0.25,0.09198403563474776,0.5983547554625913,0.06717303442638309
commons-lang,AGSZZ,77,0.9,0.0,0.05168680228709766,0.435519000695206,-1.4692283431436989e-05
commons-lang,AGSZZ,77,0.9,0.05,0.05555614356681185,0.4583679238086022,-1.4692283431436989e-05
commons-lang,AGSZZ,77,0.9,0.1,0.054120236370695136,0.458165993467622,-1.4692283431436989e-05
commons-lang,AGSZZ,77,0.9,0.25,0.03805775502628734,0.4284530919064482,-1.4692283431436989e-05
commons-lang,AGSZZ,77,0.95,0.0,0.053362718390695146,0.46587964264616377,-0.001782482560938765
commons-lang,AGSZZ,77,0.95,0.05,0.058210731526730036,0.49032139631919897,-0.001782482560938765
commons-lang,AGSZZ,77,0.95,0.1,0.05789587428579888,0.49173971827115043,-0.001782482560938765
commons-lang,AGSZZ,77,0.95,0.25,0.039972679087285794,0.4665467688272786,-0.001782482560938765
commons-lang,AGSZZ,77,0.99,0.0,0.050620809935274444,0.5127437016893033,-0.001122707607018911
commons-lang,AGSZZ,77,0.99,0.05,0.05535196916705075,0.539644115673712,-0.001122707607018911
commons-lang,AGSZZ,77,0.99,0.1,0.057359231344682224,0.545367953241115,-0.001122707607018911
commons-lang,AGSZZ,77,0.99,0.25,0.041573460153831496,0.5301657445893183,-0.001122707607018911
commons-lang,AGSZZ,77,0.995,0.0,0.050759786517184304,0.5188635670056186,0.028842599378747013
commons-lang,AGSZZ,77,0.995,0.05,0.05534332456716713,0.546085051556073,0.028842599378747013
commons-lang,AGSZZ,77,0.995,0.1,0.05772306001947472,0.5526475414703136,0.028842599378747013
commons-lang,AGSZZ,77,0.995,0.25,0.04454652924338295,0.5395978805950351,0.028842599378747013
commons-lang,AGSZZ,77,0.999,0.0,0.06045715358681584,0.5356388090715333,0.04713427791811104
commons-lang,AGSZZ,77,0.999,0.05,0.06540364624311139,0.5637403843081823,0.04713427791811104
commons-lang,AGSZZ,77,0.999,0.1,0.06864264303873467,0.57190975156163,0.04713427791811104
commons-lang,AGSZZ,77,0.999,0.25,0.0610427445061516,0.5635364524188683,0.04713427791811104
commons-lang,AGSZZ,101,0.9,0.0,0.07168190003944803,0.502365167784247,2.897609467414297e-05
commons-lang,AGSZZ,101,0.9,0.05,0.07661893524962674,0.5287210858388619,2.897609467414297e-05
commons-lang,AGSZZ,101,0.9,0.1,0.06826926864739183,0.5223189550216869,2.897609467414297e-05
commons-lang,AGSZZ,101,0.9,0.25,0.053119705285040245,0.5055648725981748,2.897609467414297e-05
commons-lang,AGSZZ,101,0.95,0.0,0.07480848835646958,0.5263037487849436,0.0022533481375854258
commons-lang,AGSZZ,101,0.95,0.05,0.08084864789861454,0.5539155725425372,0.0022533481375854258
commons-lang,AGSZZ,101,0.95,0.1,0.07394312037849743,0.5493264214132645,0.0022533481375854258
commons-lang,AGSZZ,101,0.95,0.25,0.0570968572320173,0.5351621862431103,0.0022533481375854258
commons-lang,AGSZZ,101,0.99,0.0,0.07137479023824403,0.5426054402515268,0.04391791034696667
commons-lang,AGSZZ,101,0.99,0.05,0.07723943663614853,0.5710725104951376,0.04391791034696667
commons-lang,AGSZZ,101,0.99,0.1,0.0745182229633374,0.5694475882708067,0.04391791034696667
commons-lang,AGSZZ,101,0.99,0.25,0.05631730011679113,0.5551613414914326,0.04391791034696667
commons-lang,AGSZZ,101,0.995,0.0,0.07048314484156412,0.5438818361287395,0.05061640920846185
commons-lang,AGSZZ,101,0.995,0.05,0.07613657495305819,0.5724158707785281,0.05061640920846185
commons-lang,AGSZZ,101,0.995,0.1,0.07446844088143123,0.5714170439466839,0.05061640920846185
commons-lang,AGSZZ,101,0.995,0.25,0.056878458102932586,0.5562352298440897,0.05061640920846185
commons-lang,AGSZZ,101,0.999,0.0,0.08613880319532352,0.5649539762439545,0.051049623647114725
commons-lang,AGSZZ,101,0.999,0.05,0.09246085181326189,0.594593532601312,0.051049623647114725
commons-lang,AGSZZ,101,0.999,0.1,0.0926826506348243,0.5955386922869439,0.051049623647114725
commons-lang,AGSZZ,101,0.999,0.25,0.08022978696578405,0.5833624087269362,0.051049623647114725
commons-lang,AGSZZ,123,0.9,0.0,0.06921689330881457,0.44438542184924534,-1.376133649954375e-05
commons-lang,AGSZZ,123,0.9,0.05,0.0740246052307502,0.4676995099150689,-1.376133649954375e-05
commons-lang,AGSZZ,123,0.9,0.1,0.07161513885406769,0.4659598587009333,-1.376133649954375e-05
commons-lang,AGSZZ,123,0.9,0.25,0.057925013301113444,0.44530424052427403,-1.376133649954375e-05
commons-lang,AGSZZ,123,0.95,0.0,0.07224618881713055,0.4807818650074868,-0.0015772314128102186
commons-lang,AGSZZ,123,0.95,0.05,0.0781519207336739,0.5060054438877093,-0.0015772314128102186
commons-lang,AGSZZ,123,0.95,0.1,0.07708360753415867,0.5064370339188299,-0.0015772314128102186
commons-lang,AGSZZ,123,0.95,0.25,0.06267539683912356,0.48962308948618144,-0.0015772314128102186
commons-lang,AGSZZ,123,0.99,0.0,0.07805522950759401,0.546347838412322,-0.0043724176930583876
commons-lang,AGSZZ,123,0.99,0.05,0.08427035623582953,0.5750112485807104,-0.0043724176930583876
commons-lang,AGSZZ,123,0.99,0.1,0.08655408041129203,0.581151888596986,-0.0043724176930583876
commons-lang,AGSZZ,123,0.99,0.25,0.07619056344059912,0.5723995338804602,-0.0043724176930583876
commons-lang,AGSZZ,123,0.995,0.0,0.08020485077696275,0.5556744585901925,0.021226273147673422
commons-lang,AGSZZ,123,0.995,0.05,0.08636831721544687,0.5848271774385967,0.021226273147673422
commons-lang,AGSZZ,123,0.995,0.1,0.08936020688975306,0.591996376375606,0.021226273147673422
commons-lang,AGSZZ,123,0.995,0.25,0.08183317734546094,0.585778651996215,0.021226273147673422
commons-lang,AGSZZ,123,0.999,0.0,0.086017464548231,0.565321814840849,0.06907962521149655
commons-lang,AGSZZ,123,0.999,0.05,0.09233314729599225,0.5949806693592629,0.06907962521149655
commons-lang,AGSZZ,123,0.999,0.1,0.09615121549563907,0.603318337995596,0.06907962521149655
commons-lang,AGSZZ,123,0.999,0.25,0.09295100499025347,0.6001440304342939,0.06907962521149655
commons-lang,AGSZZ,202,0.9,0.0,0.07713317664694537,0.4727190765219638,-1.4459181088798103e-05
commons-lang,AGSZZ,202,0.9,0.05,0.08233791245339528,0.49751965196515796,-1.4459181088798103e-05
commons-lang,AGSZZ,202,0.9,0.1,0.07781289176029155,0.4962126649971561,-1.4459181088798103e-05
commons-lang,AGSZZ,202,0.9,0.25,0.06117086000114901,0.46830111682319003,-1.4459181088798103e-05
commons-lang,AGSZZ,202,0.95,0.0,0.07887177691881128,0.5028015673707719,-0.0016958709279915449
commons-lang,AGSZZ,202,0.95,0.05,0.08505950296950564,0.5291803805472605,-0.0016958709279915449
commons-lang,AGSZZ,202,0.95,0.1,0.08168190851111704,0.5297704985707548,-0.0016958709279915449
commons-lang,AGSZZ,202,0.95,0.25,0.06319902548116012,0.5059686255169092,-0.0016958709279915449
commons-lang,AGSZZ,202,0.99,0.0,0.07841439715320819,0.5456837621180424,-0.007411921461777454
commons-lang,AGSZZ,202,0.99,0.05,0.0846045363725408,0.5743123324099496,-0.007411921461777454
commons-lang,AGSZZ,202,0.99,0.1,0.0848639339994725,0.5787713858856912,-0.007411921461777454
commons-lang,AGSZZ,202,0.99,0.25,0.06772107689434521,0.5644853602809237,-0.007411921461777454
commons-lang,AGSZZ,202,0.995,0.0,0.08010608846746767,0.552129699054731,0.01635785135701865
commons-lang,AGSZZ,202,0.995,0.05,0.08622986021792008,0.5810964468250607,0.01635785135701865
commons-lang,AGSZZ,202,0.995,0.1,0.08744893613968387,0.5864259711945183,0.01635785135701865
commons-lang,AGSZZ,202,0.995,0.25,0.07280855437848756,0.5739920471232502,0.01635785135701865
commons-lang,AGSZZ,202,0.999,0.0,0.09431052727309572,0.5709140176675838,0.05731908173222998
commons-lang,AGSZZ,202,0.999,0.05,0.10103356659766738,0.6008662596437632,0.05731908173222998
commons-lang,AGSZZ,202,0.999,0.1,0.10383844415377556,0.607994450286079,0.05731908173222998
commons-lang,AGSZZ,202,0.999,0.25,0.09548143895065286,0.5996644085717203,0.05731908173222998
commons-lang,AGSZZ,314,0.9,0.0,0.04651302055609612,0.47372909145244635,1.2116048379812201e-05
commons-lang,AGSZZ,314,0.9,0.05,0.050110926282393706,0.4985826559809688,1.2116048379812201e-05
commons-lang,AGSZZ,314,0.9,0.1,0.04452699669139709,0.4968957877250387,1.2116048379812201e-05
commons-lang,AGSZZ,314,0.9,0.25,0.028968425795310882,0.47637546143314446,1.2116048379812201e-05
commons-lang,AGSZZ,314,0.95,0.0,0.049864683756825685,0.5004666203438132,0.001272730810985227
commons-lang,AGSZZ,314,0.95,0.05,0.05452917717438746,0.5267229336408299,0.001272730810985227
commons-lang,AGSZZ,314,0.95,0.1,0.050340777412609714,0.5269105350637923,0.001272730810985227
commons-lang,AGSZZ,314,0.95,0.25,0.03277545208971975,0.5089315205849173,0.001272730810985227
commons-lang,AGSZZ,314,0.99,0.0,0.050819347577772137,0.5256517184808462,0.03766313483590186
commons-lang,AGSZZ,314,0.99,0.05,0.05556092282198718,0.5532293343387565,0.03766313483590186
commons-lang,AGSZZ,314,0.99,0.1,0.05553800380864897,0.5576734704964926,0.03766313483590186
commons-lang,AGSZZ,314,0.99,0.25,0.038622657641318156,0.5431174161702529,0.03766313483590186
commons-lang,AGSZZ,314,0.995,0.0,0.04949417756861317,0.5228444088805819,0.04803166691094754
commons-lang,AGSZZ,314,0.995,0.05,0.05401131713423283,0.5502747429870428,0.04803166691094754
commons-lang,AGSZZ,314,0.995,0.1,0.05472595134398443,0.555341054058081,0.04803166691094754
commons-lang,AGSZZ,314,0.995,0.25,0.03876103039438185,0.539928666783275,0.04803166691094754
commons-lang,AGSZZ,314,0.999,0.0,0.058646781129278715,0.5345420530725892,0.041724233525555765
commons-lang,AGSZZ,314,0.999,0.05,0.0634982950107726,0.5625860884695205,0.041724233525555765
commons-lang,AGSZZ,314,0.999,0.1,0.06540777682309688,0.5692209308075231,0.041724233525555765
commons-lang,AGSZZ,314,0.999,0.25,0.053498997316164726,0.556181067918949,0.041724233525555765
commons-lang,AGSZZ,999,0.9,0.0,0.060231184349977145,0.4914023776043406,2.8801019487875185e-05
commons-lang,AGSZZ,999,0.9,0.05,0.06456747304401204,0.5171831475034694,2.8801019487875185e-05
commons-lang,AGSZZ,999,0.9,0.1,0.05903159505948464,0.5159309602287974,2.8801019487875185e-05
commons-lang,AGSZZ,999,0.9,0.25,0.046647594806814685,0.5019704198950428,2.8801019487875185e-05
commons-lang,AGSZZ,999,0.95,0.0,0.06478952237543047,0.5171307236415469,0.0022724187059737417
commons-lang,AGSZZ,999,0.95,0.05,0.07030405023902393,0.5442612968776153,0.0022724187059737417
commons-lang,AGSZZ,999,0.95,0.1,0.06643396702902894,0.5451426218539416,0.0022724187059737417
commons-lang,AGSZZ,999,0.95,0.25,0.05194227428867618,0.5340867226498596,0.0022724187059737417
commons-lang,AGSZZ,999,0.99,0.0,0.06087591988391255,0.530731752806726,0.05121966957980217
commons-lang,AGSZZ,999,0.99,0.05,0.06618975706081702,0.5585758858855616,0.05121966957980217
commons-lang,AGSZZ,999,0.99,0.1,0.06620074740581913,0.5627550324533933,0.05121966957980217
commons-lang,AGSZZ,999,0.99,0.25,0.050636818408262584,0.5511995902675904,0.05121966957980217
commons-lang,AGSZZ,999,0.995,0.0,0.05933145525417965,0.5299452111623305,0.06718219464556002
commons-lang,AGSZZ,999,0.995,0.05,0.06439982685488571,0.5577480793835374,0.06718219464556002
commons-lang,AGSZZ,999,0.995,0.1,0.06517155442303534,0.5624317762760279,0.06718219464556002
commons-lang,AGSZZ,999,0.995,0.25,0.05049132834611853,0.5499280991644835,0.06718219464556002
commons-lang,AGSZZ,999,0.999,0.0,0.07124301094784187,0.5465912119426877,0.05647548295334005
commons-lang,AGSZZ,999,0.999,0.05,0.07678357170593364,0.5752673903785323,0.05647548295334005
commons-lang,AGSZZ,999,0.999,0.1,0.07895613471586058,0.5815894089316253,0.05647548295334005
commons-lang,AGSZZ,999,0.999,0.25,0.06902836828957927,0.5718205888648772,0.05647548295334005
commons-lang,MASZZ,7,0.9,0.0,0.07562556996897271,0.4748377593266955,-5.470402498718031e-05
commons-lang,MASZZ,7,0.9,0.05,0.08074830481517271,0.4997494886355756,-5.470402498718031e-05
commons-lang,MASZZ,7,0.9,0.1,0.07506578236172627,0.49688734217499153,-5.470402498718031e-05
commons-lang,MASZZ,7,0.9,0.25,0.06974721390494504,0.485360399402468,-5.470402498718031e-05
commons-lang,MASZZ,7,0.95,0.0,0.07846465086629952,0.5033816276453483,-0.0034356159281090136
commons-lang,MASZZ,7,0.95,0.05,0.08461985101883093,0.5297908729099751,-0.0034356159281090136
commons-lang,MASZZ,7,0.95,0.1,0.08014354249624112,0.528917777104613,-0.0034356159281090136
commons-lang,MASZZ,7,0.95,0.25,0.07279088497591772,0.5172009033638711,-0.0034356159281090136
commons-lang,MASZZ,7,0.99,0.0,0.07640591027158328,0.5440192081687029,-0.010899705124953321
commons-lang,MASZZ,7,0.99,0.05,0.0824833912405732,0.5725604498592268,-0.010899705124953321
commons-lang,MASZZ,7,0.99,0.1,0.08195576762826831,0.5761422497158271,-0.010899705124953321
commons-lang,MASZZ,7,0.99,0.25,0.07130455382252182,0.567418531862665,-0.010899705124953321
commons-lang,MASZZ,7,0.995,0.0,0.07738773838000021,0.5499427101856623,0.018191892833191295
commons-lang,MASZZ,7,0.995,0.05,0.08336331267852545,0.578794720503804,0.018191892833191295
commons-lang,MASZZ,7,0.995,0.1,0.08390461897426174,0.5834283985413592,0.018191892833191295
commons-lang,MASZZ,7,0.995,0.25,0.07318342043107454,0.574081841094061,0.018191892833191295
commons-lang,MASZZ,7,0.999,0.0,0.08809065357417929,0.5654586546799047,0.05929887021627825
commons-lang,MASZZ,7,0.999,0.05,0.09448301142008136,0.5951246883178437,0.05929887021627825
commons-lang,MASZZ,7,0.999,0.1,0.09653138419574386,0.6015337794444202,0.05929887021627825
commons-lang,MASZZ,7,0.999,0.25,0.08864510837848406,0.593299104542301,0.05929887021627825
commons-lang,MASZZ,13,0.9,0.0,0.06609852245211868,0.4468074071386694,-1.4247568163666244e-05
commons-lang,MASZZ,13,0.9,0.05,0.07072143346546,0.47024856143024085,-1.4247568163666244e-05
commons-lang,MASZZ,13,0.9,0.1,0.06675817281084717,0.4674768043339716,-1.4247568163666244e-05
commons-lang,MASZZ,13,0.9,0.25,0.058642074507766186,0.46669349995458653,-1.4247568163666244e-05
commons-lang,MASZZ,13,0.95,0.0,0.06824384447782657,0.4774813727328018,-0.0016429829880322978
commons-lang,MASZZ,13,0.95,0.05,0.07386282366421335,0.5025317956907792,-0.0016429829880322978
commons-lang,MASZZ,13,0.95,0.1,0.0711339574024478,0.5018254018745565,-0.0016429829880322978
commons-lang,MASZZ,13,0.95,0.25,0.06224451366752545,0.5005874527088944,-0.0016429829880322978
commons-lang,MASZZ,13,0.99,0.0,0.07157846828860921,0.540552337106646,0.005912584654559137
commons-lang,MASZZ,13,0.99,0.05,0.07740268395682631,0.5689116940339,0.005912584654559137
commons-lang,MASZZ,13,0.99,0.1,0.07870048469368374,0.5743737878920949,0.005912584654559137
commons-lang,MASZZ,13,0.99,0.25,0.06911058490444619,0.5681606162315338,0.005912584654559137
commons-lang,MASZZ,13,0.995,0.0,0.07364651421786214,0.5485348704813222,0.03623085356337489
commons-lang,MASZZ,13,0.995,0.05,0.07942581018388244,0.5773130203683253,0.03623085356337489
commons-lang,MASZZ,13,0.995,0.1,0.08160610197349367,0.5839601576509403,0.03623085356337489
commons-lang,MASZZ,13,0.995,0.25,0.0725700756386718,0.5764040348690996,0.03623085356337489
commons-lang,MASZZ,13,0.999,0.0,0.08277167319392946,0.5612252945337357,0.06603366912939135
commons-lang,MASZZ,13,0.999,0.05,0.08888497783306908,0.5906692305815885,0.06603366912939135
commons-lang,MASZZ,13,0.999,0.1,0.09222288568081474,0.5988990220228118,0.06603366912939135
commons-lang,MASZZ,13,0.999,0.25,0.08613992714931704,0.5923861572428881,0.06603366912939135
commons-lang,MASZZ,21,0.9,0.0,0.06138607605445878,0.44021431488508705,-1.4247909883089647e-05
commons-lang,MASZZ,21,0.9,0.05,0.06576427678740566,0.46330957139093343,-1.4247909883089647e-05
commons-lang,MASZZ,21,0.9,0.1,0.05918776111656708,0.4580088133370097,-1.4247909883089647e-05
commons-lang,MASZZ,21,0.9,0.25,0.04561220411707952,0.43207870770802237,-1.4247909883089647e-05
commons-lang,MASZZ,21,0.95,0.0,0.06454152423284096,0.47543925031218254,-0.001645924626351901
commons-lang,MASZZ,21,0.95,0.05,0.06997601849777965,0.5003825360428464,-0.001645924626351901
commons-lang,MASZZ,21,0.95,0.1,0.06477537982401882,0.4976931560876364,-0.001645924626351901
commons-lang,MASZZ,21,0.95,0.25,0.04912594849405614,0.47395496350256344,-0.001645924626351901
commons-lang,MASZZ,21,0.99,0.0,0.06844647532381708,0.5308868957333367,-0.007364283675781096
commons-lang,MASZZ,21,0.99,0.05,0.07411283429948005,0.558739168178758,-0.007364283675781096
commons-lang,MASZZ,21,0.99,0.1,0.07337901350135176,0.5617432538289786,-0.007364283675781096
commons-lang,MASZZ,21,0.99,0.25,0.05819739087638689,0.5466609468020134,-0.007364283675781096
commons-lang,MASZZ,21,0.995,0.0,0.07262739518863252,0.5426621304492658,0.012922554851248408
commons-lang,MASZZ,21,0.995,0.05,0.07835818814232834,0.5711321748684404,0.012922554851248408
commons-lang,MASZZ,21,0.995,0.1,0.07887407905009924,0.5755431494450443,0.012922554851248408
commons-lang,MASZZ,21,0.995,0.25,0.06533083453163614,0.5622810563697058,0.012922554851248408
commons-lang,MASZZ,21,0.999,0.0,0.08940765493413398,0.5673205223714449,0.053621510711038545
commons-lang,MASZZ,21,0.999,0.05,0.09587299700531896,0.5970842364129103,0.053621510711038545
commons-lang,MASZZ,21,0.999,0.1,0.09823048161096137,0.603789755579504,0.053621510711038545
commons-lang,MASZZ,21,0.999,0.25,0.08989364479669831,0.5949928489921449,0.053621510711038545
commons-lang,MASZZ,42,0.9,0.0,0.06387713852623352,0.45041692476887357,-7.455226587242287e-05
commons-lang,MASZZ,42,0.9,0.05,0.06838350759663578,0.47404744758553197,-7.455226587242287e-05
commons-lang,MASZZ,42,0.9,0.1,0.06174917459379413,0.4695392958546293,-7.455226587242287e-05
commons-lang,MASZZ,42,0.9,0.25,0.046839194893078875,0.44289210425510056,-7.455226587242287e-05
commons-lang,MASZZ,42,0.95,0.0,0.06439415624391255,0.4805503605600016,-0.003786432225840919
commons-lang,MASZZ,42,0.95,0.05,0.0698111666750284,0.5057617938683604,-0.003786432225840919
commons-lang,MASZZ,42,0.95,0.1,0.06432472046234204,0.5034249457443187,-0.003786432225840919
commons-lang,MASZZ,42,0.95,0.25,0.047979780882019166,0.48041899636258484,-0.003786432225840919
commons-lang,MASZZ,42,0.99,0.0,0.061400744850669174,0.5279204853964123,-0.01581611334283784
commons-lang,MASZZ,42,0.99,0.05,0.0666909998422414,0.5556171290825765,-0.01581611334283784
commons-lang,MASZZ,42,0.99,0.1,0.06526411713915102,0.5582404423025311,-0.01581611334283784
commons-lang,MASZZ,42,0.99,0.25,0.04985247624677299,0.5445925317268757,-0.01581611334283784
commons-lang,MASZZ,42,0.995,0.0,0.06349718127743711,0.5346355939454853,0.0028073888783724213
commons-lang,MASZZ,42,0.995,0.05,0.0687440060363738,0.5626845368394704,0.0028073888783724213
commons-lang,MASZZ,42,0.995,0.1,0.06845901338745004,0.5664123167086541,0.0028073888783724213
commons-lang,MASZZ,42,0.995,0.25,0.05399691661537598,0.5530626414893135,0.0028073888783724213
commons-lang,MASZZ,42,0.999,0.0,0.08025055034323261,0.5574318753693507,0.03825459089790063
commons-lang,MASZZ,42,0.999,0.05,0.08623158763678443,0.5866767947435668,0.03825459089790063
commons-lang,MASZZ,42,0.999,0.1,0.08780982009226375,0.5926071822971438,0.03825459089790063
commons-lang,MASZZ,42,0.999,0.25,0.07783192087339344,0.5822531358204127,0.03825459089790063
commons-lang,MASZZ,77,0.9,0.0,0.05991303420635916,0.4437676033935737,-1.4247908860003371e-05
commons-lang,MASZZ,77,0.9,0.05,0.06421395376471592,0.4670492784386813,-1.4247908860003371e-05
commons-lang,MASZZ,77,0.9,0.1,0.06026974568179364,0.46440729660632396,-1.4247908860003371e-05
commons-lang,MASZZ,77,0.9,0.25,0.050755914255975414,0.44839544249971003,-1.4247908860003371e-05
commons-lang,MASZZ,77,0.95,0.0,0.06324854849440129,0.4772552893777723,-0.0016451199718200194
commons-lang,MASZZ,77,0.95,0.05,0.06861520851287096,0.5022938511742665,-0.0016451199718200194
commons-lang,MASZZ,77,0.95,0.1,0.06602312573005686,0.5019356148803809,-0.0016451199718200194
commons-lang,MASZZ,77,0.95,0.25,0.05399789171158533,0.4858532257008122,-0.0016451199718200194
commons-lang,MASZZ,77,0.99,0.0,0.06604726081988763,0.5357910289642704,0.0072798979985344014
commons-lang,MASZZ,77,0.99,0.05,0.07158774820867307,0.5639005902144342,0.0072798979985344014
commons-lang,MASZZ,77,0.99,0.1,0.07291426380600662,0.5694103428609755,0.0072798979985344014
commons-lang,MASZZ,77,0.99,0.25,0.05996829023225183,0.5593672246758459,0.0072798979985344014
commons-lang,MASZZ,77,0.995,0.0,0.06613285274472908,0.5407425413202781,0.04299039807193005
commons-lang,MASZZ,77,0.995,0.05,0.07152291819693686,0.5691118770577475,0.04299039807193005
commons-lang,MASZZ,77,0.995,0.1,0.07356089995130113,0.5755736034824652,0.04299039807193005
commons-lang,MASZZ,77,0.995,0.25,0.06187883109105137,0.5658363310628848,0.04299039807193005
commons-lang,MASZZ,77,0.999,0.0,0.07105930417053745,0.5484595921643233,0.06650668714877477
commons-lang,MASZZ,77,0.999,0.05,0.07656202450722675,0.5772337926748939,0.06650668714877477
commons-lang,MASZZ,77,0.999,0.1,0.07946030994567391,0.5849319201939043,0.06650668714877477
commons-lang,MASZZ,77,0.999,0.25,0.07103933525166596,0.5762635966141811,0.06650668714877477
commons-lang,MASZZ,101,0.9,0.0,0.08537740923128442,0.5071464166493141,-1.3761335024628061e-05
commons-lang,MASZZ,101,0.9,0.05,0.09103296105273284,0.5337531765444217,-1.3761335024628061e-05
commons-lang,MASZZ,101,0.9,0.1,0.08336369073007403,0.5275424352663145,-1.3761335024628061e-05
commons-lang,MASZZ,101,0.9,0.25,0.07017380177655243,0.509502453893465,-1.3761335024628061e-05
commons-lang,MASZZ,101,0.95,0.0,0.0897203926963709,0.5309837837198486,-0.0015762941126838523
commons-lang,MASZZ,101,0.95,0.05,0.09654288539778753,0.5588411392641723,-0.0015762941126838523
commons-lang,MASZZ,101,0.95,0.1,0.09041222791912075,0.5544615994105314,-0.0015762941126838523
commons-lang,MASZZ,101,0.95,0.25,0.07628335839092523,0.5377704249335085,-0.0015762941126838523
commons-lang,MASZZ,101,0.99,0.0,0.09246300463858281,0.5705491460529245,0.005822591799349555
commons-lang,MASZZ,101,0.99,0.05,0.09943401605997193,0.6004822455268106,0.005822591799349555
commons-lang,MASZZ,101,0.99,0.1,0.0979352094885462,0.600481392844013,0.005822591799349555
commons-lang,MASZZ,101,0.99,0.25,0.0857977336110416,0.5914453345699362,0.005822591799349555
commons-lang,MASZZ,101,0.995,0.0,0.09495074078002243,0.575182245149806,0.0362999646580344
commons-lang,MASZZ,101,0.995,0.05,0.10188783065716409,0.6053584139843227,0.0362999646580344
commons-lang,MASZZ,101,0.995,0.1,0.10164282988085577,0.6061820298104589,0.0362999646580344
commons-lang,MASZZ,101,0.995,0.25,0.09058091955701271,0.5974667407795915,0.0362999646580344
commons-lang,MASZZ,101,0.999,0.0,0.10784941593877734,0.589956945999788,0.07558039732786385
commons-lang,MASZZ,101,0.999,0.05,0.11531048287859846,0.6209082497955941,0.07558039732786385
commons-lang,MASZZ,101,0.999,0.1,0.11679613203680256,0.6233097396582091,0.07558039732786385
commons-lang,MASZZ,101,0.999,0.25,0.10967173449292573,0.6165020364114177,0.07558039732786385
commons-lang,MASZZ,123,0.9,0.0,0.06892626160867908,0.4665904189504667,-1.4247908633643044e-05
commons-lang,MASZZ,123,0.9,0.05,0.0737187259263538,0.49106946255368156,-1.4247908633643044e-05
commons-lang,MASZZ,123,0.9,0.1,0.06805253560896907,0.48726459687080587,-1.4247908633643044e-05
commons-lang,MASZZ,123,0.9,0.25,0.059510253497645486,0.47929609448113175,-1.4247908633643044e-05
commons-lang,MASZZ,123,0.95,0.0,0.07063159399940874,0.4947488347411664,-0.001645060846210501
commons-lang,MASZZ,123,0.95,0.05,0.07645261835373202,0.5207051720476863,-0.001645060846210501
commons-lang,MASZZ,123,0.95,0.1,0.0722536982382312,0.5192981391295526,-0.001645060846210501
commons-lang,MASZZ,123,0.95,0.25,0.062413953830618506,0.5091523692316032,-0.001645060846210501
commons-lang,MASZZ,123,0.99,0.0,0.07165001462194064,0.5418354814490505,0.00200162965646481
commons-lang,MASZZ,123,0.99,0.05,0.07752910029981222,0.5702621568317018,0.00200162965646481
commons-lang,MASZZ,123,0.99,0.1,0.07781994457911241,0.5746418919851067,0.00200162965646481
commons-lang,MASZZ,123,0.99,0.25,0.06563385493413255,0.5639219856272638,0.00200162965646481
commons-lang,MASZZ,123,0.995,0.0,0.0723712370605277,0.5459774091998468,0.02249534905220237
commons-lang,MASZZ,123,0.995,0.05,0.07812372341037929,0.5746213852939899,0.02249534905220237
commons-lang,MASZZ,123,0.995,0.1,0.07940232288751958,0.5799313021979775,0.02249534905220237
commons-lang,MASZZ,123,0.995,0.25,0.06759884158133846,0.568747541006645,0.02249534905220237
commons-lang,MASZZ,123,0.999,0.0,0.08447820158691759,0.5623758705337916,0.05071950851061723
commons-lang,MASZZ,123,0.999,0.05,0.09071312895776483,0.5918801700158904,0.05071950851061723
commons-lang,MASZZ,123,0.999,0.1,0.09347706330546483,0.5989169094220562,0.05071950851061723
commons-lang,MASZZ,123,0.999,0.25,0.08580557114745356,0.5906772797377521,0.05071950851061723
commons-lang,MASZZ,202,0.9,0.0,0.06843704448461956,0.47140418814902246,-1.3761321954961156e-05
commons-lang,MASZZ,202,0.9,0.05,0.07318554932331893,0.49613577972862377,-1.3761321954961156e-05
commons-lang,MASZZ,202,0.9,0.1,0.06687719118000676,0.49282755363565045,-1.3761321954961156e-05
commons-lang,MASZZ,202,0.9,0.25,0.052264118027459054,0.4695395459628534,-1.3761321954961156e-05
commons-lang,MASZZ,202,0.95,0.0,0.069749447580509,0.49528557088622127,-0.001575526061225969
commons-lang,MASZZ,202,0.95,0.05,0.0754585827974321,0.5212700673382457,-0.001575526061225969
commons-lang,MASZZ,202,0.95,0.1,0.07031409894519873,0.5197459776652683,-0.001575526061225969
commons-lang,MASZZ,202,0.95,0.25,0.05410803007072927,0.4981603471140323,-0.001575526061225969
commons-lang,MASZZ,202,0.99,0.0,0.06983872525269094,0.5391436202450727,0.006135855878989044
commons-lang,MASZZ,202,0.99,0.05,0.07557895329113859,0.5674290707223044,0.006135855878989044
commons-lang,MASZZ,202,0.99,0.1,0.07467159532203049,0.5707036697961932,0.006135855878989044
commons-lang,MASZZ,202,0.99,0.25,0.05938118345037209,0.5572502596333937,0.006135855878989044
commons-lang,MASZZ,202,0.995,0.0,0.07174832310130769,0.5452987330750586,0.034283285134295814
commons-lang,MASZZ,202,0.995,0.05,0.0774336158463749,0.5739071033320983,0.034283285134295814
commons-lang,MASZZ,202,0.995,0.1,0.07766729961168276,0.5782713803064684,0.034283285134295814
commons-lang,MASZZ,202,0.995,0.25,0.06352092937712067,0.565329803337881,0.034283285134295814
commons-lang,MASZZ,202,0.999,0.0,0.08708888019733166,0.5650197446782678,0.055922085685040784
commons-lang,MASZZ,202,0.999,0.05,0.09343304544632265,0.5946627514887547,0.055922085685040784
commons-lang,MASZZ,202,0.999,0.1,0.09545380114736537,0.6010609142391233,0.055922085685040784
commons-lang,MASZZ,202,0.999,0.25,0.08614659887716541,0.5912887834085111,0.055922085685040784
commons-lang,MASZZ,314,0.9,0.0,0.057057869845532655,0.43704637759960957,-1.4247586036828648e-05
commons-lang,MASZZ,314,0.9,0.05,0.061208997016295535,0.45997543250380746,-1.4247586036828648e-05
commons-lang,MASZZ,314,0.9,0.1,0.05658164103256126,0.45633808634916284,-1.4247586036828648e-05
commons-lang,MASZZ,314,0.9,0.25,0.044629725453193284,0.4446682162586123,-1.4247586036828648e-05
commons-lang,MASZZ,314,0.95,0.0,0.0577480265247287,0.47320278523814047,-0.0016434945796281592
commons-lang,MASZZ,314,0.95,0.05,0.06282610899923824,0.49802873781355506,-0.0016434945796281592
commons-lang,MASZZ,314,0.95,0.1,0.059377352999149535,0.49684000606421763,-0.0016434945796281592
commons-lang,MASZZ,314,0.95,0.25,0.04527506440612248,0.48335412937361383,-0.0016434945796281592
commons-lang,MASZZ,314,0.99,0.0,0.05841297449026807,0.5275203142558528,0.0022576799290349894
commons-lang,MASZZ,314,0.99,0.05,0.06355293923574132,0.5551959634972091,0.0022576799290349894
commons-lang,MASZZ,314,0.99,0.1,0.06410240294926817,0.5598796965503979,0.0022576799290349894
commons-lang,MASZZ,314,0.99,0.25,0.049145353494037106,0.5468449098254285,0.0022576799290349894
commons-lang,MASZZ,314,0.995,0.0,0.060444957980743445,0.5332744495871364,0.026028221635903067
commons-lang,MASZZ,314,0.995,0.05,0.06553661562541141,0.5612519818589891,0.026028221635903067
commons-lang,MASZZ,314,0.995,0.1,0.06698785304318824,0.5670239929969809,0.026028221635903067
commons-lang,MASZZ,314,0.995,0.25,0.05379612256353253,0.5544287020246038,0.026028221635903067
commons-lang,MASZZ,314,0.999,0.0,0.07499491966246602,0.5522441754063863,0.0469547232386112
commons-lang,MASZZ,314,0.999,0.05,0.08070411681333663,0.5812169290257215,0.0469547232386112
commons-lang,MASZZ,314,0.999,0.1,0.08363955902893239,0.5889537012286247,0.0469547232386112
commons-lang,MASZZ,314,0.999,0.25,0.07603203267299326,0.5805592191905458,0.0469547232386112
commons-lang,MASZZ,999,0.9,0.0,0.07540446026478954,0.5262798582538296,2.9603404997477027e-05
commons-lang,MASZZ,999,0.9,0.05,0.08053679462893867,0.5538904286265934,2.9603404997477027e-05
commons-lang,MASZZ,999,0.9,0.1,0.07519759976815797,0.5536050075465626,2.9603404997477027e-05
commons-lang,MASZZ,999,0.9,0.25,0.060991239516859905,0.5425039091526549,2.9603404997477027e-05
commons-lang,MASZZ,999,0.95,0.0,0.07839847957668394,0.5486882488036482,0.0023992494951498734
commons-lang,MASZZ,999,0.95,0.05,0.08462698321687634,0.5774744454796283,0.0023992494951498734
commons-lang,MASZZ,999,0.95,0.1,0.08088709272163913,0.5792606201636283,0.0023992494951498734
commons-lang,MASZZ,999,0.95,0.25,0.06576308211357444,0.570097599803381,0.0023992494951498734
commons-lang,MASZZ,999,0.99,0.0,0.07499378237849823,0.5524153144938035,0.05263851682253047
commons-lang,MASZZ,999,0.99,0.05,0.08104829436901444,0.5813970466969525,0.05263851682253047
commons-lang,MASZZ,999,0.99,0.1,0.0815977129534084,0.5864674253922812,0.05263851682253047
commons-lang,MASZZ,999,0.99,0.25,0.06838187657895305,0.5781154592649269,0.05263851682253047
commons-lang,MASZZ,999,0.995,0.0,0.07335260855192356,0.5487024196320064,0.06724330916923639
commons-lang,MASZZ,999,0.995,0.05,0.07915658124730036,0.5774893597615833,0.06724330916923639
commons-lang,MASZZ,999,0.995,0.1,0.08054694851865651,0.5830187566015703,0.06724330916923639
commons-lang,MASZZ,999,0.995,0.25,0.06834811814422499,0.5735876489463716,0.06724330916923639
commons-lang,MASZZ,999,0.999,0.0,0.08335617695794495,0.5605596470279294,0.06280271795299973
commons-lang,MASZZ,999,0.999,0.05,0.08953223880412438,0.5899686607677853,0.06280271795299973
commons-lang,MASZZ,999,0.999,0.1,0.09227512335912004,0.5969460582706977,0.06280271795299973
commons-lang,MASZZ,999,0.999,0.25,0.0841840507337984,0.5891426003451368,0.06280271795299973
commons-lang,LSZZ,7,0.9,0.0,0.04867711911729706,0.4127115181332338,-4.182264043165364e-05
commons-lang,LSZZ,7,0.9,0.05,0.0532345770472203,0.43436387711363733,-4.182264043165364e-05
commons-lang,LSZZ,7,0.9,0.1,0.05237372650220971,0.4351917571465799,-4.182264043165364e-05
commons-lang,LSZZ,7,0.9,0.25,0.05267586006621798,0.4259098765470491,-4.182264043165364e-05
commons-lang,LSZZ,7,0.95,0.0,0.04742699229389324,0.4486455514461195,-0.002818549948851994
commons-lang,LSZZ,7,0.95,0.05,0.052546884058623816,0.4721831415255331,-0.002818549948851994
commons-lang,LSZZ,7,0.95,0.1,0.053417853680138315,0.4764416080609596,-0.002818549948851994
commons-lang,LSZZ,7,0.95,0.25,0.053299873846637834,0.4698831137023507,-0.002818549948851994
commons-lang,LSZZ,7,0.99,0.0,0.04738970834814763,0.5040992682953183,-0.02031015942695075
commons-lang,LSZZ,7,0.99,0.05,0.052253536478455015,0.5305461636188585,-0.02031015942695075
commons-lang,LSZZ,7,0.99,0.1,0.05751487164487568,0.5426997183713876,-0.02031015942695075
commons-lang,LSZZ,7,0.99,0.25,0.0563272076012774,0.5388806043198927,-0.02031015942695075
commons-lang,LSZZ,7,0.995,0.0,0.04726962815538416,0.5086831629035135,-0.014065259906349685
commons-lang,LSZZ,7,0.995,0.05,0.0519391686208285,0.5353705461398551,-0.014065259906349685
commons-lang,LSZZ,7,0.995,0.1,0.05769794310916521,0.5489642005686597,-0.014065259906349685
commons-lang,LSZZ,7,0.995,0.25,0.056383824166308806,0.545061717244584,-0.014065259906349685
commons-lang,LSZZ,7,0.999,0.0,0.052294620931169364,0.5210018066626539,0.023184654252031884
commons-lang,LSZZ,7,0.999,0.05,0.057055101440074335,0.5483354711029491,0.023184654252031884
commons-lang,LSZZ,7,0.999,0.1,0.06334526429296145,0.5637369917966054,0.023184654252031884
commons-lang,LSZZ,7,0.999,0.25,0.06409050740131976,0.5630699927160778,0.023184654252031884
commons-lang,LSZZ,13,0.9,0.0,0.06456010547626315,0.4466393435991623,-1.5363316749278474e-05
commons-lang,LSZZ,13,0.9,0.05,0.06994932534880725,0.4700716806614368,-1.5363316749278474e-05
commons-lang,LSZZ,13,0.9,0.1,0.07478883654220037,0.4784175549847011,-1.5363316749278474e-05
commons-lang,LSZZ,13,0.9,0.25,0.07700938288091821,0.474961426512735,-1.5363316749278474e-05
commons-lang,LSZZ,13,0.95,0.0,0.0651112027598533,0.479541489187437,-0.0012707079398449996
commons-lang,LSZZ,13,0.95,0.05,0.07131975786690908,0.5046999934057074,-0.0012707079398449996
commons-lang,LSZZ,13,0.95,0.1,0.0785297415798969,0.5163278004403316,-0.0012707079398449996
commons-lang,LSZZ,13,0.95,0.25,0.08118835609603822,0.515074849062629,-0.0012707079398449996
commons-lang,LSZZ,13,0.99,0.0,0.06548523858731382,0.5286329131324607,0.0009780186767684167
commons-lang,LSZZ,13,0.99,0.05,0.07142571779190494,0.5563669333889671,0.0009780186767684167
commons-lang,LSZZ,13,0.99,0.1,0.08237650912473268,0.5759348028021327,0.0009780186767684167
commons-lang,LSZZ,13,0.99,0.25,0.08746904419260705,0.5799756023591874,0.0009780186767684167
commons-lang,LSZZ,13,0.995,0.0,0.06514929472350686,0.532558666753774,0.01655767195882257
commons-lang,LSZZ,13,0.995,0.05,0.07085564492460306,0.5604986464345816,0.01655767195882257
commons-lang,LSZZ,13,0.995,0.1,0.08161501795089651,0.581280427653,0.01655767195882257
commons-lang,LSZZ,13,0.995,0.25,0.0887457963381632,0.5877387161013785,0.01655767195882257
commons-lang,LSZZ,13,0.999,0.0,0.06053146463954694,0.5309472552647715,0.06190742871109581
commons-lang,LSZZ,13,0.999,0.05,0.06580226795168038,0.5588026943924518,0.06190742871109581
commons-lang,LSZZ,13,0.999,0.1,0.07585639151437819,0.5803107364105554,0.06190742871109581
commons-lang,LSZZ,13,0.999,0.25,0.08541876280504981,0.5900392143926764,0.06190742871109581
commons-lang,LSZZ,21,0.9,0.0,0.05467310551745214,0.42593292425713053,-1.674801712521324e-05
commons-lang,LSZZ,21,0.9,0.05,0.059581393961197646,0.4482789266640979,-1.674801712521324e-05
commons-lang,LSZZ,21,0.9,0.1,0.061358762609424015,0.45470934571422994,-1.674801712521324e-05
commons-lang,LSZZ,21,0.9,0.25,0.06097302759352938,0.4474951740655105,-1.674801712521324e-05
commons-lang,LSZZ,21,0.95,0.0,0.05534463176515961,0.4596295490925714,-0.00171183307816216
commons-lang,LSZZ,21,0.95,0.05,0.06102355022974049,0.4837433999488992,-0.00171183307816216
commons-lang,LSZZ,21,0.95,0.1,0.06493815094492206,0.4934553796168696,-0.00171183307816216
commons-lang,LSZZ,21,0.95,0.25,0.06501762409268648,0.4885427660717779,-0.00171183307816216
commons-lang,LSZZ,21,0.99,0.0,0.0588330443542614,0.5188874514370609,-0.00639307349367702
commons-lang,LSZZ,21,0.99,0.05,0.064402500661507,0.5461101890523339,-0.00639307349367702
commons-lang,LSZZ,21,0.99,0.1,0.07285298042717271,0.5642419930643428,-0.00639307349367702
commons-lang,LSZZ,21,0.99,0.25,0.07527504429077178,0.5652001598841888,-0.00639307349367702
commons-lang,LSZZ,21,0.995,0.0,0.05887821261765072,0.5242799690756232,0.01021748064255302
commons-lang,LSZZ,21,0.995,0.05,0.0642393918612103,0.5517856179317707,0.01021748064255302
commons-lang,LSZZ,21,0.995,0.1,0.07292885470889139,0.5713480437244443,0.01021748064255302
commons-lang,LSZZ,21,0.995,0.25,0.0766934272820398,0.5740315310376412,0.01021748064255302
commons-lang,LSZZ,21,0.999,0.0,0.05859606835364701,0.5276355042931866,0.04813517723506804
commons-lang,LSZZ,21,0.999,0.05,0.06375317855707041,0.5553171968261152,0.04813517723506804
commons-lang,LSZZ,21,0.999,0.1,0.07236535006852271,0.5760505956871108,0.04813517723506804
commons-lang,LSZZ,21,0.999,0.25,0.07856091046634646,0.5820697382845192,0.04813517723506804
commons-lang,LSZZ,42,0.9,0.0,0.05114480694689831,0.42294010101957064,-3.1449965752447776e-05
commons-lang,LSZZ,42,0.9,0.05,0.055831728825343714,0.44512908894970055,-3.1449965752447776e-05
commons-lang,LSZZ,42,0.9,0.1,0.05797131866951132,0.4516845953277168,-3.1449965752447776e-05
commons-lang,LSZZ,42,0.9,0.25,0.06684951487920104,0.46133921021216195,-3.1449965752447776e-05
commons-lang,LSZZ,42,0.95,0.0,0.05127642087819591,0.45477437336341664,-0.0022175551339974364
commons-lang,LSZZ,42,0.95,0.05,0.056598267776027104,0.47863350390499254,-0.0022175551339974364
commons-lang,LSZZ,42,0.95,0.1,0.06063015109373807,0.48831423037222343,-0.0022175551339974364
commons-lang,LSZZ,42,0.95,0.25,0.06925099228971388,0.49895351032850577,-0.0022175551339974364
commons-lang,LSZZ,42,0.99,0.0,0.04976961808441392,0.5060953967466502,-0.006164746420978049
commons-lang,LSZZ,42,0.99,0.05,0.0547583050027282,0.5326470162852903,-0.006164746420978049
commons-lang,LSZZ,42,0.99,0.1,0.06246730925998032,0.550020893085261,-0.006164746420978049
commons-lang,LSZZ,42,0.99,0.25,0.07080999579004361,0.5592613695964043,-0.006164746420978049
commons-lang,LSZZ,42,0.995,0.0,0.048762572452806095,0.5115408267305942,0.014898505875364315
commons-lang,LSZZ,42,0.995,0.05,0.053510438248281805,0.5383781334856909,0.014898505875364315
commons-lang,LSZZ,42,0.995,0.1,0.06134249885469453,0.5571373682337412,0.014898505875364315
commons-lang,LSZZ,42,0.995,0.25,0.07011126274969817,0.5661370929570707,0.014898505875364315
commons-lang,LSZZ,42,0.999,0.0,0.04282323823101016,0.509569105998586,0.0500725982390815
commons-lang,LSZZ,42,0.999,0.05,0.04708681528737222,0.5363029690570016,0.0500725982390815
commons-lang,LSZZ,42,0.999,0.1,0.05450042513671936,0.5559013970320618,0.0500725982390815
commons-lang,LSZZ,42,0.999,0.25,0.06281597961049457,0.5644507051246557,0.0500725982390815
commons-lang,LSZZ,77,0.9,0.0,0.05464936763215089,0.43257334760390787,-3.471378538850723e-05
commons-lang,LSZZ,77,0.9,0.05,0.05952015160964535,0.4552677309592352,-3.471378538850723e-05
commons-lang,LSZZ,77,0.9,0.1,0.06176398683429663,0.4623840235716089,-3.471378538850723e-05
commons-lang,LSZZ,77,0.9,0.25,0.06618610700300136,0.46040278699334775,-3.471378538850723e-05
commons-lang,LSZZ,77,0.95,0.0,0.05477028110513225,0.46558051522472016,-0.002468553762171427
commons-lang,LSZZ,77,0.95,0.05,0.060275428716748125,0.49000657557681454,-0.002468553762171427
commons-lang,LSZZ,77,0.95,0.1,0.06445771107022134,0.5003110721796935,-0.002468553762171427
commons-lang,LSZZ,77,0.95,0.25,0.06913909134383081,0.5003053002887838,-0.002468553762171427
commons-lang,LSZZ,77,0.99,0.0,0.056816353879938365,0.5182566994698664,-0.008390606286710208
commons-lang,LSZZ,77,0.99,0.05,0.062174738386957924,0.545446345525003,-0.008390606286710208
commons-lang,LSZZ,77,0.99,0.1,0.07029086429752864,0.5635224234267976,-0.008390606286710208
commons-lang,LSZZ,77,0.99,0.25,0.07680760443544743,0.5688759699361821,-0.008390606286710208
commons-lang,LSZZ,77,0.995,0.0,0.05699779337041181,0.5228003744402577,0.01345454535887084
commons-lang,LSZZ,77,0.995,0.05,0.06217770904033121,0.5502283983385768,0.01345454535887084
commons-lang,LSZZ,77,0.995,0.1,0.07049285910450569,0.5696407466588936,0.01345454535887084
commons-lang,LSZZ,77,0.995,0.25,0.07804801675993853,0.5765415956874326,0.01345454535887084
commons-lang,LSZZ,77,0.999,0.0,0.05360696638837561,0.521463751421386,0.05437344467492985
commons-lang,LSZZ,77,0.999,0.05,0.058436297350193206,0.5488216511769214,0.05437344467492985
commons-lang,LSZZ,77,0.999,0.1,0.06648535127608604,0.5691127133631135,0.05437344467492985
commons-lang,LSZZ,77,0.999,0.25,0.07502439580264916,0.5779750587542861,0.05437344467492985
commons-lang,LSZZ,101,0.9,0.0,0.05083662719063194,0.4237889750520745,-5.510367431395353e-05
commons-lang,LSZZ,101,0.9,0.05,0.05549749243530962,0.44602249802538435,-5.510367431395353e-05
commons-lang,LSZZ,101,0.9,0.1,0.059090469858567814,0.45291889138471214,-5.510367431395353e-05
commons-lang,LSZZ,101,0.9,0.25,0.06073452267746276,0.44851203809354356,-5.510367431395353e-05
commons-lang,LSZZ,101,0.95,0.0,0.05092824800652033,0.45720133023703863,-0.0033259709413798115
commons-lang,LSZZ,101,0.95,0.05,0.05635778900113906,0.48118778783189214,-0.0033259709413798115
commons-lang,LSZZ,101,0.95,0.1,0.06214105684243923,0.49133782567377177,-0.0033259709413798115
commons-lang,LSZZ,101,0.95,0.25,0.06395368316800788,0.4892188202702709,-0.0033259709413798115
commons-lang,LSZZ,101,0.99,0.0,0.051941822650931266,0.5080768295378502,-0.02238412045605983
commons-lang,LSZZ,101,0.99,0.05,0.05714998635025165,0.534732402303395,-0.02238412045605983
commons-lang,LSZZ,101,0.99,0.1,0.06682090272238612,0.5528605238255935,-0.02238412045605983
commons-lang,LSZZ,101,0.99,0.25,0.07086181642574663,0.5551035462024947,-0.02238412045605983
commons-lang,LSZZ,101,0.995,0.0,0.05148384867407772,0.5126303581247723,-0.011677509818655804
commons-lang,LSZZ,101,0.995,0.05,0.056456488763963274,0.53952482569034,-0.011677509818655804
commons-lang,LSZZ,101,0.995,0.1,0.06603582497137066,0.5589479240495181,-0.011677509818655804
commons-lang,LSZZ,101,0.995,0.25,0.0717799867087976,0.5631131465008704,-0.011677509818655804
commons-lang,LSZZ,101,0.999,0.0,0.04880055161454098,0.5164077051598631,0.03907764712344319
commons-lang,LSZZ,101,0.999,0.05,0.05344264501775842,0.5435003461962544,0.03907764712344319
commons-lang,LSZZ,101,0.999,0.1,0.06252405456276554,0.5640113409360745,0.03907764712344319
commons-lang,LSZZ,101,0.999,0.25,0.0705292552466958,0.5717770051070552,0.03907764712344319
commons-lang,LSZZ,123,0.9,0.0,0.041511504842774334,0.3960257638901945,-2.450017656276922e-05
commons-lang,LSZZ,123,0.9,0.05,0.04569215921537156,0.41680272704359717,-2.450017656276922e-05
commons-lang,LSZZ,123,0.9,0.1,0.04702440828391695,0.4219670030131381,-2.450017656276922e-05
commons-lang,LSZZ,123,0.9,0.25,0.05472867431288861,0.4270885638647769,-2.450017656276922e-05
commons-lang,LSZZ,123,0.95,0.0,0.04160468073571398,0.4348733620427786,-0.0021812145344825115
commons-lang,LSZZ,123,0.95,0.05,0.046415206442134,0.45768841258596593,-0.0021812145344825115
commons-lang,LSZZ,123,0.95,0.1,0.04972665565318778,0.46642413658823245,-0.0021812145344825115
commons-lang,LSZZ,123,0.95,0.25,0.05718572275174765,0.4713848176686497,-0.0021812145344825115
commons-lang,LSZZ,123,0.99,0.0,0.04511782128027859,0.5012289915739803,-0.010241843433351838
commons-lang,LSZZ,123,0.99,0.05,0.04985921013130118,0.5275253016601019,-0.010241843433351838
commons-lang,LSZZ,123,0.99,0.1,0.057077910653183794,0.5446038876500339,-0.010241843433351838
commons-lang,LSZZ,123,0.99,0.25,0.0652033834177625,0.5521603439304276,-0.010241843433351838
commons-lang,LSZZ,123,0.995,0.0,0.04410087714944702,0.5063042311324246,0.005062723237692596
commons-lang,LSZZ,123,0.995,0.05,0.048601677804036895,0.5328668068883973,0.005062723237692596
commons-lang,LSZZ,123,0.995,0.1,0.055948917112094335,0.5512789520682815,0.005062723237692596
commons-lang,LSZZ,123,0.995,0.25,0.0646194525646695,0.559472629699339,0.005062723237692596
commons-lang,LSZZ,123,0.999,0.0,0.040975644458735326,0.5072942306339188,0.035965092618170075
commons-lang,LSZZ,123,0.999,0.05,0.045140352637804824,0.5339087453924513,0.035965092618170075
commons-lang,LSZZ,123,0.999,0.1,0.05225510096806356,0.5533233662061537,0.035965092618170075
commons-lang,LSZZ,123,0.999,0.25,0.061184988969539965,0.5626344878491121,0.035965092618170075
commons-lang,LSZZ,202,0.9,0.0,0.05449753208516859,0.4254952503940016,-1.3878048907583072e-05
commons-lang,LSZZ,202,0.9,0.05,0.05936035021333535,0.44781829082587404,-1.3878048907583072e-05
commons-lang,LSZZ,202,0.9,0.1,0.061656267488968935,0.4548164724622572,-1.3878048907583072e-05
commons-lang,LSZZ,202,0.9,0.25,0.06181880555849512,0.45126730249588987,-1.3878048907583072e-05
commons-lang,LSZZ,202,0.95,0.0,0.05573357901256032,0.4563403151759853,-0.0015715644110342378
commons-lang,LSZZ,202,0.95,0.05,0.06128926476324012,0.4802816007647998,-0.0015715644110342378
commons-lang,LSZZ,202,0.95,0.1,0.06556187957695726,0.4903116644121466,-0.0015715644110342378
commons-lang,LSZZ,202,0.95,0.25,0.06497864541458916,0.48652992519543864,-0.0015715644110342378
commons-lang,LSZZ,202,0.99,0.0,0.05702249994522538,0.5141624852378726,-0.0036812640250388014
commons-lang,LSZZ,202,0.99,0.05,0.06239169963043086,0.5411373338076014,-0.0036812640250388014
commons-lang,LSZZ,202,0.99,0.1,0.07040411570324952,0.5589973375584161,-0.0036812640250388014
commons-lang,LSZZ,202,0.99,0.25,0.07286462509606531,0.560152000993252,-0.0036812640250388014
commons-lang,LSZZ,202,0.995,0.0,0.05697492207783596,0.5197705628736405,0.01333949770418306
commons-lang,LSZZ,202,0.995,0.05,0.06215363783591514,0.5470396317518038,0.01333949770418306
commons-lang,LSZZ,202,0.995,0.1,0.07034090142858515,0.566264559177467,0.01333949770418306
commons-lang,LSZZ,202,0.995,0.25,0.07541859408046862,0.5701911076234982,0.01333949770418306
commons-lang,LSZZ,202,0.999,0.0,0.05609146093941941,0.5224973366975757,0.04812574758534069
commons-lang,LSZZ,202,0.999,0.05,0.06105113759196884,0.5499094621251691,0.04812574758534069
commons-lang,LSZZ,202,0.999,0.1,0.06912402416457054,0.570235575532125,0.04812574758534069
commons-lang,LSZZ,202,0.999,0.25,0.07723834162022039,0.5783409895856552,0.04812574758534069
commons-lang,LSZZ,314,0.9,0.0,0.044192422681648726,0.40812783523920143,-5.5636680228159045e-05
commons-lang,LSZZ,314,0.9,0.05,0.04851459699850004,0.4295397174141046,-5.5636680228159045e-05
commons-lang,LSZZ,314,0.9,0.1,0.050719858481876996,0.43588169421028533,-5.5636680228159045e-05
commons-lang,LSZZ,314,0.9,0.25,0.06086625362924332,0.44428322983825846,-5.5636680228159045e-05
commons-lang,LSZZ,314,0.95,0.0,0.04357578675923633,0.4432277656790015,-0.003344856530756754
commons-lang,LSZZ,314,0.95,0.05,0.048493630165537566,0.4664811188588995,-0.003344856530756754
commons-lang,LSZZ,314,0.95,0.1,0.05258740505679237,0.47607526197378675,-0.003344856530756754
commons-lang,LSZZ,314,0.95,0.25,0.06244622131986474,0.4850108770616756,-0.003344856530756754
commons-lang,LSZZ,314,0.99,0.0,0.0453057736107536,0.5030994970768932,-0.015305040725694928
commons-lang,LSZZ,314,0.99,0.05,0.05006027088635191,0.5294939407377866,-0.015305040725694928
commons-lang,LSZZ,314,0.99,0.1,0.05774196489043191,0.5468788969199018,-0.015305040725694928
commons-lang,LSZZ,314,0.99,0.25,0.06699820064062009,0.55666358014412,-0.015305040725694928
commons-lang,LSZZ,314,0.995,0.0,0.04442943178168868,0.507649351150012,0.0027855733109571268
commons-lang,LSZZ,314,0.995,0.05,0.048949965135007226,0.5342824968324656,0.0027855733109571268
commons-lang,LSZZ,314,0.995,0.1,0.05668557732712634,0.5529314282290754,0.0027855733109571268
commons-lang,LSZZ,314,0.995,0.25,0.06543896346256912,0.5617353511810169,0.0027855733109571268
commons-lang,LSZZ,314,0.999,0.0,0.04125723917235146,0.5083741705219372,0.037475347653113215
commons-lang,LSZZ,314,0.999,0.05,0.04543865817813519,0.5350453428853711,0.037475347653113215
commons-lang,LSZZ,314,0.999,0.1,0.05286338812343787,0.5546453564963211,0.037475347653113215
commons-lang,LSZZ,314,0.999,0.25,0.06084192755485863,0.5628605436071142,0.037475347653113215
commons-lang,LSZZ,999,0.9,0.0,0.04905138131879395,0.40866155163177786,-2.7064230918612154e-05
commons-lang,LSZZ,999,0.9,0.05,0.05365843255134762,0.43010143452490196,-2.7064230918612154e-05
commons-lang,LSZZ,999,0.9,0.1,0.05318263318688364,0.43078020007129364,-2.7064230918612154e-05
commons-lang,LSZZ,999,0.9,0.25,0.05654857341720825,0.4340875495216845,-2.7064230918612154e-05
commons-lang,LSZZ,999,0.95,0.0,0.04934951521453988,0.44427810494887576,-0.002174248560609873
commons-lang,LSZZ,999,0.95,0.05,0.05468784749436679,0.46758656277675015,-0.002174248560609873
commons-lang,LSZZ,999,0.95,0.1,0.05612025225145621,0.4717043501181845,-0.002174248560609873
commons-lang,LSZZ,999,0.95,0.25,0.05898935201072607,0.4746520347839791,-0.002174248560609873
commons-lang,LSZZ,999,0.99,0.0,0.05128393579627885,0.508096781466608,-0.010752363761472592
commons-lang,LSZZ,999,0.99,0.05,0.056440296570174575,0.5347534009834665,-0.010752363761472592
commons-lang,LSZZ,999,0.99,0.1,0.06251931074571847,0.5474640798151427,-0.010752363761472592
commons-lang,LSZZ,999,0.99,0.25,0.06562000560563322,0.5500498635489995,-0.010752363761472592
commons-lang,LSZZ,999,0.995,0.0,0.05025765806316265,0.5142385926569053,0.005478930080404557
commons-lang,LSZZ,999,0.995,0.05,0.05515357698752889,0.5412174341007983,0.005478930080404557
commons-lang,LSZZ,999,0.995,0.1,0.06162463682018243,0.5554447538479422,0.005478930080404557
commons-lang,LSZZ,999,0.995,0.25,0.06506734801287703,0.5580929861010816,0.005478930080404557
commons-lang,LSZZ,999,0.999,0.0,0.04641019678456135,0.5152845815527837,0.04168345847462077
commons-lang,LSZZ,999,0.999,0.05,0.050917837960644724,0.5423182994080875,0.04168345847462077
commons-lang,LSZZ,999,0.999,0.1,0.05733226789894792,0.5576587310905005,0.04168345847462077
commons-lang,LSZZ,999,0.999,0.25,0.06109091625922332,0.5606960462705889,0.04168345847462077
commons-lang,RSZZ,7,0.9,0.0,0.0493611381714051,0.43726932766919824,-1.5569012409939534e-05
commons-lang,RSZZ,7,0.9,0.05,0.05399742554224742,0.4602100793512406,-1.5569012409939534e-05
commons-lang,RSZZ,7,0.9,0.1,0.05108664797679381,0.4560046332705197,-1.5569012409939534e-05
commons-lang,RSZZ,7,0.9,0.25,0.06282876899606464,0.4724439430602045,-1.5569012409939534e-05
commons-lang,RSZZ,7,0.95,0.0,0.05147625026057034,0.4708971200697551,-0.0016995848347944216
commons-lang,RSZZ,7,0.95,0.05,0.056974321555674286,0.4956021089993275,-0.0016995848347944216
commons-lang,RSZZ,7,0.95,0.1,0.05364296899674171,0.4917216223284581,-0.0016995848347944216
commons-lang,RSZZ,7,0.95,0.25,0.06702381311434363,0.5086786999977138,-0.0016995848347944216
commons-lang,RSZZ,7,0.99,0.0,0.05073595152025408,0.5241626041943338,-5.069462415558354e-05
commons-lang,RSZZ,7,0.99,0.05,0.055890870106589614,0.5516620956586237,-5.069462415558354e-05
commons-lang,RSZZ,7,0.99,0.1,0.05431183611744008,0.5511446093223374,-5.069462415558354e-05
commons-lang,RSZZ,7,0.99,0.25,0.0678019993462577,0.5677547059164059,-5.069462415558354e-05
commons-lang,RSZZ,7,0.995,0.0,0.04984446373897046,0.5273313799082758,0.027988865829847217
commons-lang,RSZZ,7,0.995,0.05,0.05473946321492319,0.5549971169612445,0.027988865829847217
commons-lang,RSZZ,7,0.995,0.1,0.05385264464590989,0.555069403252048,0.027988865829847217
commons-lang,RSZZ,7,0.995,0.25,0.06496630275037629,0.5688318463781407,0.027988865829847217
commons-lang,RSZZ,7,0.999,0.0,0.044183663114354246,0.5229320587081555,0.05412642192995001
commons-lang,RSZZ,7,0.999,0.05,0.04859072095402252,0.5503669912458398,0.05412642192995001
commons-lang,RSZZ,7,0.999,0.1,0.04806771987981235,0.550739149821946,0.05412642192995001
commons-lang,RSZZ,7,0.999,0.25,0.054282637705353694,0.5582644763923877,0.05412642192995001
commons-lang,RSZZ,13,0.9,0.0,0.03270904805166875,0.4089818321701511,-1.6861065147043965e-05
commons-lang,RSZZ,13,0.9,0.05,0.036477494051689784,0.430438518154264,-1.6861065147043965e-05
commons-lang,RSZZ,13,0.9,0.1,0.04004538712800503,0.4331425302700825,-1.6861065147043965e-05
commons-lang,RSZZ,13,0.9,0.25,0.03855452813992975,0.43243283082149414,-1.6861065147043965e-05
commons-lang,RSZZ,13,0.95,0.0,0.0308170050348817,0.44499967436330634,-0.001783287753232171
commons-lang,RSZZ,13,0.95,0.05,0.03525754451603829,0.46834598836747837,-0.001783287753232171
commons-lang,RSZZ,13,0.95,0.1,0.03781198861295194,0.47024617068505026,-0.001783287753232171
commons-lang,RSZZ,13,0.95,0.25,0.038613085895202875,0.47286092860796064,-0.001783287753232171
commons-lang,RSZZ,13,0.99,0.0,0.027376920634168894,0.4999269328626696,1.3872820549215951e-05
commons-lang,RSZZ,13,0.99,0.05,0.0313236558282549,0.526154932176273,1.3872820549215951e-05
commons-lang,RSZZ,13,0.99,0.1,0.03272318458398547,0.5285191547894618,1.3872820549215951e-05
commons-lang,RSZZ,13,0.99,0.25,0.04114363310640921,0.5387582003942888,1.3872820549215951e-05
commons-lang,RSZZ,13,0.995,0.0,0.025846630590364034,0.501080639834014,0.02170479615646918
commons-lang,RSZZ,13,0.995,0.05,0.029495786633032726,0.5273691668440934,0.02170479615646918
commons-lang,RSZZ,13,0.995,0.1,0.030740302004253983,0.5297440368744563,0.02170479615646918
commons-lang,RSZZ,13,0.995,0.25,0.04069571232202086,0.5411678877349125,0.02170479615646918
commons-lang,RSZZ,13,0.999,0.0,0.02170792227626718,0.49770687702378263,0.030325896013534425
commons-lang,RSZZ,13,0.999,0.05,0.024946105395457382,0.5238184040707589,0.030325896013534425
commons-lang,RSZZ,13,0.999,0.1,0.025948195893197912,0.5261820553457335,0.030325896013534425
commons-lang,RSZZ,13,0.999,0.25,0.0353622663349597,0.5367097527412622,0.030325896013534425
commons-lang,RSZZ,21,0.9,0.0,0.03139817354826283,0.4198690410693186,-1.689822629917886e-05
commons-lang,RSZZ,21,0.9,0.05,0.03509205795411932,0.44189690993789676,-1.689822629917886e-05
commons-lang,RSZZ,21,0.9,0.1,0.039473574763515276,0.44426140800293307,-1.689822629917886e-05
commons-lang,RSZZ,21,0.9,0.25,0.05241554837334056,0.46493196990808694,-1.689822629917886e-05
commons-lang,RSZZ,21,0.95,0.0,0.032599171791777445,0.4522425686836669,-0.0018093290564110875
commons-lang,RSZZ,21,0.95,0.05,0.037106882358990095,0.47596887147175015,-0.0018093290564110875
commons-lang,RSZZ,21,0.95,0.1,0.04101152631754198,0.4784745523629205,-0.0018093290564110875
commons-lang,RSZZ,21,0.95,0.25,0.0564476805448713,0.4998688828397249,-0.0018093290564110875
commons-lang,RSZZ,21,0.99,0.0,0.03410733096757695,0.5076878921989513,-0.0010484143825847164
commons-lang,RSZZ,21,0.99,0.05,0.03838985116972382,0.5343230598860993,-0.0010484143825847164
commons-lang,RSZZ,21,0.99,0.1,0.041892676976427956,0.5390487201384234,-0.0010484143825847164
commons-lang,RSZZ,21,0.99,0.25,0.06003377835434327,0.560837088148745,-0.0010484143825847164
commons-lang,RSZZ,21,0.995,0.0,0.03189224814499284,0.5086853505593567,0.02303968695374871
commons-lang,RSZZ,21,0.995,0.05,0.035845408589428834,0.5353728485681425,0.02303968695374871
commons-lang,RSZZ,21,0.995,0.1,0.03903941502117976,0.5402193357208971,0.02303968695374871
commons-lang,RSZZ,21,0.995,0.25,0.055978522783252056,0.5601738035464359,0.02303968695374871
commons-lang,RSZZ,21,0.999,0.0,0.018939444233905346,0.4954066311852898,0.04556443918280394
commons-lang,RSZZ,21,0.999,0.05,0.022022097821781196,0.5213974789043337,0.04556443918280394
commons-lang,RSZZ,21,0.999,0.1,0.024315467579587358,0.5257234561505357,0.04556443918280394
commons-lang,RSZZ,21,0.999,0.25,0.03638840682464472,0.5397680226660824,0.04556443918280394
commons-lang,RSZZ,42,0.9,0.0,0.020737874163329277,0.4029135066008574,-2.11678664138067e-05
commons-lang,RSZZ,42,0.9,0.05,0.023870832616037518,0.4240518259829655,-2.11678664138067e-05
commons-lang,RSZZ,42,0.9,0.1,0.019892881477756606,0.4186316240695413,-2.11678664138067e-05
commons-lang,RSZZ,42,0.9,0.25,0.020583137614514736,0.42423688889817207,-2.11678664138067e-05
commons-lang,RSZZ,42,0.95,0.0,0.020165325332761743,0.43296671924238195,-0.0020956116469147803
commons-lang,RSZZ,42,0.95,0.05,0.024014978270565333,0.4556817403157149,-0.0020956116469147803
commons-lang,RSZZ,42,0.95,0.1,0.01938623122311437,0.45021300993679714,-0.0020956116469147803
commons-lang,RSZZ,42,0.95,0.25,0.021208052225420364,0.4547663933539619,-0.0020956116469147803
commons-lang,RSZZ,42,0.99,0.0,0.02126472172858534,0.48822387250662524,-0.018450938366521348
commons-lang,RSZZ,42,0.99,0.05,0.024870594589404434,0.5138378863779407,-0.018450938366521348
commons-lang,RSZZ,42,0.99,0.1,0.02178887393340018,0.5115031816547506,-0.018450938366521348
commons-lang,RSZZ,42,0.99,0.25,0.02649664297543253,0.5187182865019127,-0.018450938366521348
commons-lang,RSZZ,42,0.995,0.0,0.023020841422981893,0.4956413056055894,-0.0014099714498156445
commons-lang,RSZZ,42,0.995,0.05,0.026506503775015875,0.5216444652048899,-0.0014099714498156445
commons-lang,RSZZ,42,0.995,0.1,0.02419715557948233,0.5200533820123284,-0.0014099714498156445
commons-lang,RSZZ,42,0.995,0.25,0.028319114023670544,0.526387989397281,-0.0014099714498156445
commons-lang,RSZZ,42,0.999,0.0,0.02676958254595877,0.5033823573082055,0.020802944106536006
commons-lang,RSZZ,42,0.999,0.05,0.03026149244701209,0.52979164085362,0.020802944106536006
commons-lang,RSZZ,42,0.999,0.1,0.028810813927700116,0.529137253498405,0.020802944106536006
commons-lang,RSZZ,42,0.999,0.25,0.031147757173073585,0.532750221572037,0.020802944106536006
commons-lang,RSZZ,77,0.9,0.0,0.028231943150484783,0.41249697968582,-2.1771197131903333e-05
commons-lang,RSZZ,77,0.9,0.05,0.03175971550427776,0.4341380831929102,-2.1771197131903333e-05
commons-lang,RSZZ,77,0.9,0.1,0.035106790609984014,0.43544302429478726,-2.1771197131903333e-05
commons-lang,RSZZ,77,0.9,0.25,0.04629459273064601,0.4485614117907195,-2.1771197131903333e-05
commons-lang,RSZZ,77,0.95,0.0,0.029107473091134574,0.44969579956024425,-0.0021529056680156446
commons-lang,RSZZ,77,0.95,0.05,0.03343199634615468,0.4732884895052695,-0.0021529056680156446
commons-lang,RSZZ,77,0.95,0.1,0.036445394210947744,0.4750682352986166,-0.0021529056680156446
commons-lang,RSZZ,77,0.95,0.25,0.04931487601438715,0.49108233945049384,-0.0021529056680156446
commons-lang,RSZZ,77,0.99,0.0,0.02821570669126688,0.5009743665550184,-0.009634342889449178
commons-lang,RSZZ,77,0.99,0.05,0.032189130688913964,0.5272573180793512,-0.009634342889449178
commons-lang,RSZZ,77,0.99,0.1,0.035044933369058014,0.5312723230883175,-0.009634342889449178
commons-lang,RSZZ,77,0.99,0.25,0.051582720121718176,0.5503759594052048,-0.009634342889449178
commons-lang,RSZZ,77,0.995,0.0,0.025492502513916517,0.5008780666651602,0.014279387698884644
commons-lang,RSZZ,77,0.995,0.05,0.029109908845130497,0.5271559659442966,0.014279387698884644
commons-lang,RSZZ,77,0.995,0.1,0.03171640745597235,0.5313162851471732,0.014279387698884644
commons-lang,RSZZ,77,0.995,0.25,0.04776102586996213,0.5495670255525616,0.014279387698884644
commons-lang,RSZZ,77,0.999,0.0,0.016704317320291904,0.49243859955529934,0.03184522826739771
commons-lang,RSZZ,77,0.999,0.05,0.019669707957719405,0.518273733456109,0.03184522826739771
commons-lang,RSZZ,77,0.999,0.1,0.02168420844046462,0.5222662588091783,0.03184522826739771
commons-lang,RSZZ,77,0.999,0.25,0.03449365320819842,0.5368154086464337,0.03184522826739771
commons-lang,RSZZ,101,0.9,0.0,0.03253158000904547,0.42695609423535613,-1.691714219881349e-05
commons-lang,RSZZ,101,0.9,0.05,0.03628890498768963,0.44935577588967474,-1.691714219881349e-05
commons-lang,RSZZ,101,0.9,0.1,0.04055546565281501,0.4539475493394525,-1.691714219881349e-05
commons-lang,RSZZ,101,0.9,0.25,0.04855145552909873,0.4694984194010182,-1.691714219881349e-05
commons-lang,RSZZ,101,0.95,0.0,0.03196584244255749,0.4575470311529923,-0.001829184296695045
commons-lang,RSZZ,101,0.95,0.05,0.03646034882156592,0.4815516254850174,-0.001829184296695045
commons-lang,RSZZ,101,0.95,0.1,0.03976083321853076,0.48484934739979296,-0.001829184296695045
commons-lang,RSZZ,101,0.95,0.25,0.050254047507619366,0.5013060276486376,-0.001829184296695045
commons-lang,RSZZ,101,0.99,0.0,0.02977984512629459,0.5057246002709616,-0.0019463377621183155
commons-lang,RSZZ,101,0.99,0.05,0.03384970093031811,0.5322567664673821,-0.0019463377621183155
commons-lang,RSZZ,101,0.99,0.1,0.03572704636740163,0.535329872786776,-0.0019463377621183155
commons-lang,RSZZ,101,0.99,0.25,0.05115897861989121,0.5536180486039346,-0.0019463377621183155
commons-lang,RSZZ,101,0.995,0.0,0.027776331883493665,0.5058283164952057,0.023973947916991905
commons-lang,RSZZ,101,0.995,0.05,0.03152462465747558,0.5323659240249081,0.023973947916991905
commons-lang,RSZZ,101,0.995,0.1,0.033124227071288294,0.5352910401080081,0.023973947916991905
commons-lang,RSZZ,101,0.995,0.25,0.048623746904343644,0.5531715823676548,0.023973947916991905
commons-lang,RSZZ,101,0.999,0.0,0.016419746665538842,0.4932904712739259,0.04245264464099279
commons-lang,RSZZ,101,0.999,0.05,0.019378936878701684,0.5191702974875171,0.04245264464099279
commons-lang,RSZZ,101,0.999,0.1,0.020241764623326587,0.5214683722865822,0.04245264464099279
commons-lang,RSZZ,101,0.999,0.25,0.03206600901609034,0.5349992047698751,0.04245264464099279
commons-lang,RSZZ,123,0.9,0.0,0.008874767992488382,0.37756316324727374,-1.69141470530316e-05
commons-lang,RSZZ,123,0.9,0.05,0.011401850907711024,0.3973715106987436,-1.69141470530316e-05
commons-lang,RSZZ,123,0.9,0.1,0.01702875574162885,0.402746595292571,-1.69141470530316e-05
commons-lang,RSZZ,123,0.9,0.25,0.017920225394228096,0.40777846246044236,-1.69141470530316e-05
commons-lang,RSZZ,123,0.95,0.0,0.00790689310811285,0.4151978601768233,-0.0018282783192036507
commons-lang,RSZZ,123,0.95,0.05,0.011183921984297312,0.4369806617741894,-0.0018282783192036507
commons-lang,RSZZ,123,0.95,0.1,0.016603366422977408,0.4417412262480152,-0.0018282783192036507
commons-lang,RSZZ,123,0.95,0.25,0.018497518081300433,0.44749219027133413,-0.0018282783192036507
commons-lang,RSZZ,123,0.99,0.0,0.0068107893046536186,0.473085999997345,-0.005146338949700135
commons-lang,RSZZ,123,0.99,0.05,0.009701588740222774,0.4979058255909668,-0.005146338949700135
commons-lang,RSZZ,123,0.99,0.1,0.014009614852192426,0.5035166906579223,-0.005146338949700135
commons-lang,RSZZ,123,0.99,0.25,0.02293170175103849,0.513993112233732,-0.005146338949700135
commons-lang,RSZZ,123,0.995,0.0,0.004295282862216345,0.4735259029134117,0.008960173972086111
commons-lang,RSZZ,123,0.995,0.05,0.006831462698230182,0.49836880742641587,0.008960173972086111
commons-lang,RSZZ,123,0.995,0.1,0.010448226636949002,0.503841149642906,0.008960173972086111
commons-lang,RSZZ,123,0.995,0.25,0.021239508642419278,0.5156340711316018,0.008960173972086111
commons-lang,RSZZ,123,0.999,0.0,-0.0031122331425512697,0.4682782633226044,0.012405086220641667
commons-lang,RSZZ,123,0.999,0.05,-0.0011622364640090012,0.49284585742815057,0.012405086220641667
commons-lang,RSZZ,123,0.999,0.1,0.0015187915869893888,0.4980462540237584,0.012405086220641667
commons-lang,RSZZ,123,0.999,0.25,0.011893298053060669,0.5096756506829122,0.012405086220641667
commons-lang,RSZZ,202,0.9,0.0,0.014247757557695844,0.3926974591466154,-1.689810329360828e-05
commons-lang,RSZZ,202,0.9,0.05,0.01704022070461403,0.41329980723371185,-1.689810329360828e-05
commons-lang,RSZZ,202,0.9,0.1,0.020294672843960332,0.414044411182651,-1.689810329360828e-05
commons-lang,RSZZ,202,0.9,0.25,0.025301587349518803,0.4248603420921403,-1.689810329360828e-05
commons-lang,RSZZ,202,0.95,0.0,0.013213621294070914,0.4269657517424375,-0.0018118403603310472
commons-lang,RSZZ,202,0.95,0.05,0.016698562357458965,0.4493659400649759,-0.0018118403603310472
commons-lang,RSZZ,202,0.95,0.1,0.01938102265823418,0.45034707351518144,-0.0018118403603310472
commons-lang,RSZZ,202,0.95,0.25,0.026416586677625007,0.4616194084614317,-0.0018118403603310472
commons-lang,RSZZ,202,0.99,0.0,0.006782581620080129,0.47692940718961685,-0.004449717245764071
commons-lang,RSZZ,202,0.99,0.05,0.009628668328450166,0.5019508720120427,-0.004449717245764071
commons-lang,RSZZ,202,0.99,0.1,0.011472528413021271,0.5048179046279109,-0.004449717245764071
commons-lang,RSZZ,202,0.99,0.25,0.02233230151994874,0.517908026373846,-0.004449717245764071
commons-lang,RSZZ,202,0.995,0.0,0.002826533568770142,0.47502200365189556,0.011281769710032788
commons-lang,RSZZ,202,0.995,0.05,0.005252728511224783,0.49994339909339874,0.011281769710032788
commons-lang,RSZZ,202,0.995,0.1,0.006698367861854791,0.5027724900811785,0.011281769710032788
commons-lang,RSZZ,202,0.995,0.25,0.01745905085271016,0.5151640502992908,0.011281769710032788
commons-lang,RSZZ,202,0.999,0.0,-0.005784531248752203,0.46724116493295753,0.014902633276022835
commons-lang,RSZZ,202,0.999,0.05,-0.004000529480140295,0.49175434905563664,0.014902633276022835
commons-lang,RSZZ,202,0.999,0.1,-0.003191395640100055,0.49439476402863464,0.014902633276022835
commons-lang,RSZZ,202,0.999,0.25,0.004918785849753412,0.5037390511485521,0.014902633276022835
commons-lang,RSZZ,314,0.9,0.0,0.005463939268997362,0.37124589430238697,-1.6914147143276165e-05
commons-lang,RSZZ,314,0.9,0.05,0.00780300699895977,0.39072281466989967,-1.6914147143276165e-05
commons-lang,RSZZ,314,0.9,0.1,0.005543359378541373,0.3853609379409661,-1.6914147143276165e-05
commons-lang,RSZZ,314,0.9,0.25,0.012539992522826431,0.38974702076473067,-1.6914147143276165e-05
commons-lang,RSZZ,314,0.95,0.0,0.005203760071820345,0.41067228294921915,-0.0018282890721062824
commons-lang,RSZZ,314,0.95,0.05,0.00830053484027467,0.4322176561773242,-0.0018282890721062824
commons-lang,RSZZ,314,0.95,0.1,0.005674436484405465,0.42779681364920347,-0.0018282890721062824
commons-lang,RSZZ,314,0.95,0.25,0.0126426639411227,0.4336026055515897,-0.0018282890721062824
commons-lang,RSZZ,314,0.99,0.0,0.00505002311119543,0.469204945588445,-0.00479149773513883
commons-lang,RSZZ,314,0.99,0.05,0.007825407424955291,0.49382115684228767,-0.00479149773513883
commons-lang,RSZZ,314,0.99,0.1,0.0067200036309291306,0.49340500185398734,-0.00479149773513883
commons-lang,RSZZ,314,0.99,0.25,0.01278219406797528,0.5001080049101447,-0.00479149773513883
commons-lang,RSZZ,314,0.995,0.0,0.004083195928391344,0.47089154488229484,0.009487673903436912
commons-lang,RSZZ,314,0.995,0.05,0.006590562417720101,0.49559624131709795,0.009487673903436912
commons-lang,RSZZ,314,0.995,0.1,0.005817288990268976,0.4955893066359693,0.009487673903436912
commons-lang,RSZZ,314,0.995,0.25,0.010237843169019935,0.5001511919050522,0.009487673903436912
commons-lang,RSZZ,314,0.999,0.0,0.0027622691511575734,0.4731268259882316,0.006415493767771635
commons-lang,RSZZ,314,0.999,0.05,0.005006493864634828,0.49794879346297755,0.006415493767771635
commons-lang,RSZZ,314,0.999,0.1,0.0044785882393154385,0.4985039923494217,0.006415493767771635
commons-lang,RSZZ,314,0.999,0.25,0.0061866089079983125,0.49999159590748854,0.006415493767771635
commons-lang,RSZZ,999,0.9,0.0,0.010526033566330075,0.37850498513533953,-1.7412097622543928e-05
commons-lang,RSZZ,999,0.9,0.05,0.013130677317563393,0.3983627440151801,-1.7412097622543928e-05
commons-lang,RSZZ,999,0.9,0.1,0.01879492202980578,0.4045143757815772,-1.7412097622543928e-05
commons-lang,RSZZ,999,0.9,0.25,0.021765905593475406,0.41147817958009025,-1.7412097622543928e-05
commons-lang,RSZZ,999,0.95,0.0,0.009332446784010625,0.4155601964727043,-0.0018782408440777664
commons-lang,RSZZ,999,0.95,0.05,0.012645827590538025,0.4373620075602479,-0.0018782408440777664
commons-lang,RSZZ,999,0.95,0.1,0.017249115580886012,0.44183247073075804,-0.0018782408440777664
commons-lang,RSZZ,999,0.95,0.25,0.02293853809116849,0.45065695708786035,-0.0018782408440777664
commons-lang,RSZZ,999,0.99,0.0,0.0048156000889342234,0.4738110009835074,-0.005253102737965117
commons-lang,RSZZ,999,0.99,0.05,0.0075786857116998734,0.49866886278625794,-0.005253102737965117
commons-lang,RSZZ,999,0.99,0.1,0.009716638526178894,0.5018645515853337,-0.005253102737965117
commons-lang,RSZZ,999,0.99,0.25,0.02250903455354724,0.5162871037799125,-0.005253102737965117
commons-lang,RSZZ,999,0.995,0.0,0.0007509594637428145,0.47243497537126444,0.009072895758611052
commons-lang,RSZZ,999,0.995,0.05,0.0030835046142669007,0.49722064582675785,0.009072895758611052
commons-lang,RSZZ,999,0.995,0.1,0.004510541224140735,0.4999499735739945,0.009072895758611052
commons-lang,RSZZ,999,0.995,0.25,0.017619407110884517,0.5143991224190911,0.009072895758611052
commons-lang,RSZZ,999,0.999,0.0,-0.008532095645217463,0.46446468826510734,0.011586605928545735
commons-lang,RSZZ,999,0.999,0.05,-0.006880414706948824,0.48883220824498536,0.011586605928545735
commons-lang,RSZZ,999,0.999,0.1,-0.0063449681582961924,0.49101463591410877,0.011586605928545735
commons-lang,RSZZ,999,0.999,0.25,0.004027586847362177,0.5029224060077971,0.011586605928545735
commons-lang,RASZZ,7,0.9,0.0,0.0495351726549036,0.4310634733147341,-1.4435241511889328e-05
commons-lang,RASZZ,7,0.9,0.05,0.05328910962712905,0.453678643130608,-1.4435241511889328e-05
commons-lang,RASZZ,7,0.9,0.1,0.04608621273004979,0.4482656230693,-1.4435241511889328e-05
commons-lang,RASZZ,7,0.9,0.25,0.04079882724118133,0.43734540578055603,-1.4435241511889328e-05
commons-lang,RASZZ,7,0.95,0.0,0.051557515913127176,0.46500327302500644,-0.001683496920156009
commons-lang,RASZZ,7,0.95,0.05,0.05630106914149357,0.4893990491354995,-0.001683496920156009
commons-lang,RASZZ,7,0.95,0.1,0.05025679214982559,0.4862895186430359,-0.001683496920156009
commons-lang,RASZZ,7,0.95,0.25,0.04374862500645539,0.4785014055433852,-0.001683496920156009
commons-lang,RASZZ,7,0.99,0.0,0.05292187864710257,0.5179579223324691,-0.00487653606706429
commons-lang,RASZZ,7,0.99,0.05,0.05776730123948025,0.5451318934438499,-0.00487653606706429
commons-lang,RASZZ,7,0.99,0.1,0.05587118480257314,0.547195015279696,-0.00487653606706429
commons-lang,RASZZ,7,0.99,0.25,0.04712816445088538,0.5400557427562918,-0.00487653606706429
commons-lang,RASZZ,7,0.995,0.0,0.05487862257857654,0.5269013755752215,0.019766776690904434
commons-lang,RASZZ,7,0.995,0.05,0.059673286157991286,0.5545445530247546,0.019766776690904434
commons-lang,RASZZ,7,0.995,0.1,0.05890291122475674,0.5578355356687822,0.019766776690904434
commons-lang,RASZZ,7,0.995,0.25,0.048579435855124795,0.5483414040653694,0.019766776690904434
commons-lang,RASZZ,7,0.999,0.0,0.06577594162690868,0.5431721495922297,0.04526735651911566
commons-lang,RASZZ,7,0.999,0.05,0.0709975878924506,0.5716689514850513,0.04526735651911566
commons-lang,RASZZ,7,0.999,0.1,0.07174560799991657,0.5767793336511889,0.04526735651911566
commons-lang,RASZZ,7,0.999,0.25,0.062080329331890574,0.5665633854126018,0.04526735651911566
commons-lang,RASZZ,13,0.9,0.0,0.05459955312936214,0.43018433347615814,-1.4692064119513326e-05
commons-lang,RASZZ,13,0.9,0.05,0.05861918606409021,0.45275338039373036,-1.4692064119513326e-05
commons-lang,RASZZ,13,0.9,0.1,0.05398584212649843,0.44901294136951353,-1.4692064119513326e-05
commons-lang,RASZZ,13,0.9,0.25,0.036033811707553064,0.4157399081481628,-1.4692064119513326e-05
commons-lang,RASZZ,13,0.95,0.0,0.055404470602721904,0.46579222578873625,-0.001780033836494291
commons-lang,RASZZ,13,0.95,0.05,0.06034984917460476,0.490229393253016,-0.001780033836494291
commons-lang,RASZZ,13,0.95,0.1,0.05687278978733901,0.48884183386971897,-0.001780033836494291
commons-lang,RASZZ,13,0.95,0.25,0.03701731133854588,0.4594502077796536,-0.001780033836494291
commons-lang,RASZZ,13,0.99,0.0,0.0555406977025839,0.5208505575707646,-0.010333894969180657
commons-lang,RASZZ,13,0.99,0.05,0.06052351314154479,0.5481762869293159,-0.010333894969180657
commons-lang,RASZZ,13,0.99,0.1,0.06088673951227365,0.5524902924031192,-0.010333894969180657
commons-lang,RASZZ,13,0.99,0.25,0.042442271129539806,0.5339976394098573,-0.010333894969180657
commons-lang,RASZZ,13,0.995,0.0,0.05828615869897942,0.5288145190651649,0.009111406468898858
commons-lang,RASZZ,13,0.995,0.05,0.06325959411314058,0.5565580670345531,0.009111406468898858
commons-lang,RASZZ,13,0.995,0.1,0.06454478677126291,0.5620560336873894,0.009111406468898858
commons-lang,RASZZ,13,0.995,0.25,0.04846174995769772,0.5456800060986644,0.009111406468898858
commons-lang,RASZZ,13,0.999,0.0,0.07639563718973381,0.5535311093227456,0.03785942932119372
commons-lang,RASZZ,13,0.999,0.05,0.08217443160958206,0.5825713802124183,0.03785942932119372
commons-lang,RASZZ,13,0.999,0.1,0.08514078658000779,0.5903528058269908,0.03785942932119372
commons-lang,RASZZ,13,0.999,0.25,0.07579174730901946,0.5799838051607812,0.03785942932119372
commons-lang,RASZZ,21,0.9,0.0,0.0670805834669782,0.4581482725309082,-1.1109770436008447e-05
commons-lang,RASZZ,21,0.9,0.05,0.0717575389312448,0.48218441018938896,-1.1109770436008447e-05
commons-lang,RASZZ,21,0.9,0.1,0.06551286119429629,0.4779287236439468,-1.1109770436008447e-05
commons-lang,RASZZ,21,0.9,0.25,0.05533690937701419,0.45637943919216717,-1.1109770436008447e-05
commons-lang,RASZZ,21,0.95,0.0,0.06830631945601429,0.4893295619012651,-0.0010913983041778731
commons-lang,RASZZ,21,0.95,0.05,0.0739383286777164,0.5150015842909805,-0.0010913983041778731
commons-lang,RASZZ,21,0.95,0.1,0.06895707717441225,0.5131216391059628,-0.0010913983041778731
commons-lang,RASZZ,21,0.95,0.25,0.05685318070638393,0.49455240605130557,-0.0010913983041778731
commons-lang,RASZZ,21,0.99,0.0,0.06605910330542794,0.5329430168067163,0.008098046759153887
commons-lang,RASZZ,21,0.99,0.05,0.07160021199441188,0.5609031609000852,0.008098046759153887
commons-lang,RASZZ,21,0.99,0.1,0.07072727106865541,0.5640270635808917,0.008098046759153887
commons-lang,RASZZ,21,0.99,0.25,0.05869271276216857,0.553645612229391,0.008098046759153887
commons-lang,RASZZ,21,0.995,0.0,0.06810200943802279,0.5400043794829619,0.03508455883438176
commons-lang,RASZZ,21,0.995,0.05,0.07359538406804252,0.5683349885448117,0.03508455883438176
commons-lang,RASZZ,21,0.995,0.1,0.07384756565931723,0.5725910871109788,0.03508455883438176
commons-lang,RASZZ,21,0.995,0.25,0.06214584222702734,0.5620950497691951,0.03508455883438176
commons-lang,RASZZ,21,0.999,0.0,0.08270663333951016,0.5600453213952259,0.05695578073182256
commons-lang,RASZZ,21,0.999,0.05,0.08882041525613847,0.589427351727198,0.05695578073182256
commons-lang,RASZZ,21,0.999,0.1,0.09078740899052064,0.5957089206755031,0.05695578073182256
commons-lang,RASZZ,21,0.999,0.25,0.08259989089610154,0.5872366320350468,0.05695578073182256
commons-lang,RASZZ,42,0.9,0.0,0.061869715386044195,0.44912480414786143,-2.6011251203146906e-05
commons-lang,RASZZ,42,0.9,0.05,0.06627076768056984,0.4726875375806453,-2.6011251203146906e-05
commons-lang,RASZZ,42,0.9,0.1,0.05951945543808068,0.46810408967289135,-2.6011251203146906e-05
commons-lang,RASZZ,42,0.9,0.25,0.042070470824547034,0.44046998408403604,-2.6011251203146906e-05
commons-lang,RASZZ,42,0.95,0.0,0.06257547553181811,0.47821669439210684,-0.0024743855481871974
commons-lang,RASZZ,42,0.95,0.05,0.0678970713066454,0.5033056950195551,-0.0024743855481871974
commons-lang,RASZZ,42,0.95,0.1,0.06230464450491277,0.5008328563868627,-0.0024743855481871974
commons-lang,RASZZ,42,0.95,0.25,0.04293671830667023,0.4761504507051797,-0.0024743855481871974
commons-lang,RASZZ,42,0.99,0.0,0.06199607520676654,0.5255711014492616,-0.009753235214370212
commons-lang,RASZZ,42,0.99,0.05,0.06731756341092382,0.5531444878422042,-0.009753235214370212
commons-lang,RASZZ,42,0.99,0.1,0.06592537259266883,0.5556308946261038,-0.009753235214370212
commons-lang,RASZZ,42,0.99,0.25,0.0483939864498602,0.5405954453661714,-0.009753235214370212
commons-lang,RASZZ,42,0.995,0.0,0.06381662191820885,0.5329481479997088,0.010874989813186317
commons-lang,RASZZ,42,0.995,0.05,0.06908020570402755,0.5609085612942699,0.010874989813186317
commons-lang,RASZZ,42,0.995,0.1,0.06881382792633939,0.5645380080618115,0.010874989813186317
commons-lang,RASZZ,42,0.995,0.25,0.05303222127706799,0.5503269443089143,0.010874989813186317
commons-lang,RASZZ,42,0.999,0.0,0.08400351406226161,0.5600731102630446,0.034765733435892614
commons-lang,RASZZ,42,0.999,0.05,0.09018144558850263,0.5894565985008791,0.034765733435892614
commons-lang,RASZZ,42,0.999,0.1,0.09197837575324284,0.5955408996182728,0.034765733435892614
commons-lang,RASZZ,42,0.999,0.25,0.08236917130869563,0.5856891012014481,0.034765733435892614
commons-lang,RASZZ,77,0.9,0.0,0.05082469490048674,0.42823757130284257,-1.7790502690236897e-05
commons-lang,RASZZ,77,0.9,0.05,0.054648806866759436,0.4507044839412051,-1.7790502690236897e-05
commons-lang,RASZZ,77,0.9,0.1,0.05017499094960687,0.4471575153577716,-1.7790502690236897e-05
commons-lang,RASZZ,77,0.9,0.25,0.032340070109057616,0.4145479255257576,-1.7790502690236897e-05
commons-lang,RASZZ,77,0.95,0.0,0.051139053335450574,0.4629320143229575,-0.0019629155954585488
commons-lang,RASZZ,77,0.95,0.05,0.05587040485213907,0.487219124610018,-0.0019629155954585488
commons-lang,RASZZ,77,0.95,0.1,0.052572661410219726,0.48602622332117945,-0.0019629155954585488
commons-lang,RASZZ,77,0.95,0.25,0.03298721290726172,0.4580106954504885,-0.0019629155954585488
commons-lang,RASZZ,77,0.99,0.0,0.05000929979417247,0.5121702109585757,-0.014075644945245129
commons-lang,RASZZ,77,0.99,0.05,0.054708376962537525,0.5390405375171964,-0.014075644945245129
commons-lang,RASZZ,77,0.99,0.1,0.05510030709618681,0.5431738263406211,-0.014075644945245129
commons-lang,RASZZ,77,0.99,0.25,0.0377860097417904,0.5263934920132776,-0.014075644945245129
commons-lang,RASZZ,77,0.995,0.0,0.05216212647246958,0.5202927984650108,0.0007203047342954746
commons-lang,RASZZ,77,0.995,0.05,0.05681923641659713,0.5475892657364824,0.0007203047342954746
commons-lang,RASZZ,77,0.995,0.1,0.05804309736905706,0.5528593174602846,0.0007203047342954746
commons-lang,RASZZ,77,0.995,0.25,0.04295156300473954,0.5379804794031516,0.0007203047342954746
commons-lang,RASZZ,77,0.999,0.0,0.07180549773414578,0.5476264727816958,0.025211438988458606
commons-lang,RASZZ,77,0.999,0.05,0.07734736612025517,0.5763569647957657,0.025211438988458606
commons-lang,RASZZ,77,0.999,0.1,0.08028913474565637,0.5840065436705145,0.025211438988458606
commons-lang,RASZZ,77,0.999,0.25,0.07193494935274158,0.5749765227735296,0.025211438988458606
commons-lang,RASZZ,101,0.9,0.0,0.06353382799779676,0.45756528276744984,-2.633323329924373e-05
commons-lang,RASZZ,101,0.9,0.05,0.06804338548299696,0.48157083464606826,-2.633323329924373e-05
commons-lang,RASZZ,101,0.9,0.1,0.059101216849705575,0.4724708353803231,-2.633323329924373e-05
commons-lang,RASZZ,101,0.9,0.25,0.04548774631418428,0.451352085613559,-2.633323329924373e-05
commons-lang,RASZZ,101,0.95,0.0,0.06509281837511299,0.4862192053267646,-0.00253851978573425
commons-lang,RASZZ,101,0.95,0.05,0.0706232582585409,0.5117280470099838,-0.00253851978573425
commons-lang,RASZZ,101,0.95,0.1,0.06305746990946316,0.5047399259166795,-0.00253851978573425
commons-lang,RASZZ,101,0.95,0.25,0.04787635883058389,0.4858513360720727,-0.00253851978573425
commons-lang,RASZZ,101,0.99,0.0,0.06360544373159635,0.5309461621027032,-0.009588297049181238
commons-lang,RASZZ,101,0.99,0.05,0.06906248173425664,0.5588015438790945,-0.009588297049181238
commons-lang,RASZZ,101,0.99,0.1,0.06588204887019872,0.5564928932749119,-0.009588297049181238
commons-lang,RASZZ,101,0.99,0.25,0.051471566948707255,0.5457249422662062,-0.009588297049181238
commons-lang,RASZZ,101,0.995,0.0,0.06555969707062076,0.5380945648263735,0.013898203914277431
commons-lang,RASZZ,101,0.995,0.05,0.07095482506580869,0.5663249780111673,0.013898203914277431
commons-lang,RASZZ,101,0.995,0.1,0.0689971101752016,0.5649873710449254,0.013898203914277431
commons-lang,RASZZ,101,0.995,0.25,0.05492607272413857,0.5538578058444766,0.013898203914277431
commons-lang,RASZZ,101,0.999,0.0,0.0830131679246154,0.5618397720022622,0.04174736726751992
commons-lang,RASZZ,101,0.999,0.05,0.0891712342596524,0.5913159457903994,0.04174736726751992
commons-lang,RASZZ,101,0.999,0.1,0.08920959243558786,0.5920789541742382,0.04174736726751992
commons-lang,RASZZ,101,0.999,0.25,0.07895268523507354,0.5827409293542111,0.04174736726751992
commons-lang,RASZZ,123,0.9,0.0,0.07765684377336468,0.46787260975211725,-2.6207761877402883e-05
commons-lang,RASZZ,123,0.9,0.05,0.08290734643218559,0.49241892178448626,-2.6207761877402883e-05
commons-lang,RASZZ,123,0.9,0.1,0.07774991624755924,0.48868877363477903,-2.6207761877402883e-05
commons-lang,RASZZ,123,0.9,0.25,0.061081081022631364,0.46044676749551067,-2.6207761877402883e-05
commons-lang,RASZZ,123,0.95,0.0,0.07926030672252624,0.4957584265065396,-0.002497199935622431
commons-lang,RASZZ,123,0.95,0.05,0.08553402497370216,0.5217677306975953,-0.002497199935622431
commons-lang,RASZZ,123,0.95,0.1,0.08183792871894043,0.5204195300578702,-0.002497199935622431
commons-lang,RASZZ,123,0.95,0.25,0.06317827178563683,0.49565996161422593,-0.002497199935622431
commons-lang,RASZZ,123,0.99,0.0,0.077744842363779,0.5426834976170073,-0.008831293978602156
commons-lang,RASZZ,123,0.99,0.05,0.08394368504476722,0.5711546630361201,-0.008831293978602156
commons-lang,RASZZ,123,0.99,0.1,0.08458969525831857,0.5755838149191373,-0.008831293978602156
commons-lang,RASZZ,123,0.99,0.25,0.06791558783173586,0.5618725718177657,-0.008831293978602156
commons-lang,RASZZ,123,0.995,0.0,0.07912757336602698,0.5492693943097264,0.014642034673878772
commons-lang,RASZZ,123,0.995,0.05,0.08523452188291646,0.5780860800090669,0.014642034673878772
commons-lang,RASZZ,123,0.995,0.1,0.0869068356039533,0.5835878318617382,0.014642034673878772
commons-lang,RASZZ,123,0.995,0.25,0.07285181461598962,0.5717681441317858,0.014642034673878772
commons-lang,RASZZ,123,0.999,0.0,0.09539062847954927,0.5705468470560796,0.05291194700719562
commons-lang,RASZZ,123,0.999,0.05,0.1021980617632322,0.6004798259161644,0.05291194700719562
commons-lang,RASZZ,123,0.999,0.1,0.1055978996108234,0.607992715368436,0.05291194700719562
commons-lang,RASZZ,123,0.999,0.25,0.09833022404884081,0.600731398143969,0.05291194700719562
commons-lang,RASZZ,202,0.9,0.0,0.0726546803344779,0.46510436511192615,-1.4821351364850947e-05
commons-lang,RASZZ,202,0.9,0.05,0.07762445780904365,0.4895054448838386,-1.4821351364850947e-05
commons-lang,RASZZ,202,0.9,0.1,0.071561875369393,0.48583010709725205,-1.4821351364850947e-05
commons-lang,RASZZ,202,0.9,0.25,0.0652866185280957,0.47114313080538894,-1.4821351364850947e-05
commons-lang,RASZZ,202,0.95,0.0,0.0771938171599957,0.49748448440314397,-0.0017785531159975618
commons-lang,RASZZ,202,0.95,0.05,0.08329351129140446,0.5235843439180909,-0.0017785531159975618
commons-lang,RASZZ,202,0.95,0.1,0.07858283567602405,0.5221883922674919,-0.0017785531159975618
commons-lang,RASZZ,202,0.95,0.25,0.07102463917935188,0.5103264121887069,-0.0017785531159975618
commons-lang,RASZZ,202,0.99,0.0,0.07955920300752176,0.545354585010172,-0.009023459484189061
commons-lang,RASZZ,202,0.99,0.05,0.08580940293810513,0.5739658854644454,-0.009023459484189061
commons-lang,RASZZ,202,0.99,0.1,0.08546848961836147,0.5776024181641617,-0.009023459484189061
commons-lang,RASZZ,202,0.99,0.25,0.07828329910488005,0.5725822151337923,-0.009023459484189061
commons-lang,RASZZ,202,0.995,0.0,0.08204272196298172,0.5541237725770825,0.012755179937134022
commons-lang,RASZZ,202,0.995,0.05,0.08826809660508109,0.5831951367534058,0.012755179937134022
commons-lang,RASZZ,202,0.995,0.1,0.08910166931625074,0.5880736782045262,0.012755179937134022
commons-lang,RASZZ,202,0.995,0.25,0.0818468817192173,0.5824619599362238,0.012755179937134022
commons-lang,RASZZ,202,0.999,0.0,0.09448458589681687,0.5721889850099137,0.06298120022232101
commons-lang,RASZZ,202,0.999,0.05,0.10121675697477767,0.6022081164460948,0.06298120022232101
commons-lang,RASZZ,202,0.999,0.1,0.10366848510612768,0.6090240547346926,0.06298120022232101
commons-lang,RASZZ,202,0.999,0.25,0.09879419991500277,0.6040982931362328,0.06298120022232101
commons-lang,RASZZ,314,0.9,0.0,0.05604240400078713,0.4404979231140687,-2.5657537152177777e-05
commons-lang,RASZZ,314,0.9,0.05,0.06014025611127977,0.4636080587471358,-2.5657537152177777e-05
commons-lang,RASZZ,314,0.9,0.1,0.05545372554694605,0.4601718456579653,-2.5657537152177777e-05
commons-lang,RASZZ,314,0.9,0.25,0.04558290293857309,0.44046390082189235,-2.5657537152177777e-05
commons-lang,RASZZ,314,0.95,0.0,0.057034716674404344,0.47062301599602335,-0.002401151408258663
commons-lang,RASZZ,314,0.95,0.05,0.062075376299623564,0.49531362442119575,-0.002401151408258663
commons-lang,RASZZ,314,0.95,0.1,0.058585053356196654,0.49397456091650127,-0.002401151408258663
commons-lang,RASZZ,314,0.95,0.25,0.04614290370870322,0.4763696808648645,-0.002401151408258663
commons-lang,RASZZ,314,0.99,0.0,0.05698893270279221,0.5231745642055665,-0.007859456485398902
commons-lang,RASZZ,314,0.99,0.05,0.062054186996458864,0.5506222194705165,-0.007859456485398902
commons-lang,RASZZ,314,0.99,0.1,0.06252066704690536,0.5550527111784189,-0.007859456485398902
commons-lang,RASZZ,314,0.99,0.25,0.05018622998301112,0.5462811778785729,-0.007859456485398902
commons-lang,RASZZ,314,0.995,0.0,0.05855023050605945,0.5295577484608893,0.014002860852505895
commons-lang,RASZZ,314,0.995,0.05,0.06354248380253413,0.5573402889685857,0.014002860852505895
commons-lang,RASZZ,314,0.995,0.1,0.06488330913284901,0.5628957155395068,0.014002860852505895
commons-lang,RASZZ,314,0.995,0.25,0.054018760856764436,0.554392175934518,0.014002860852505895
commons-lang,RASZZ,314,0.999,0.0,0.07121075474479568,0.5471798578990497,0.04147430491927763
commons-lang,RASZZ,314,0.999,0.05,0.07672142073373249,0.5758869188593685,0.04147430491927763
commons-lang,RASZZ,314,0.999,0.1,0.0794363470421897,0.5833285763953728,0.04147430491927763
commons-lang,RASZZ,314,0.999,0.25,0.07286216907214332,0.5768982526223515,0.04147430491927763
commons-lang,RASZZ,999,0.9,0.0,0.06742978008337654,0.43871451021449487,-1.3554308595540378e-05
commons-lang,RASZZ,999,0.9,0.05,0.07214373349508003,0.4617310814699877,-1.3554308595540378e-05
commons-lang,RASZZ,999,0.9,0.1,0.06633982743047925,0.4563429355941551,-1.3554308595540378e-05
commons-lang,RASZZ,999,0.9,0.25,0.06261921166872611,0.44214681183235066,-1.3554308595540378e-05
commons-lang,RASZZ,999,0.95,0.0,0.07081639468861205,0.4772707360866772,-0.001548333016260876
commons-lang,RASZZ,999,0.95,0.05,0.07664711436445325,0.5023101082741385,-0.001548333016260876
commons-lang,RASZZ,999,0.95,0.1,0.07246539050215335,0.4999345463676362,-0.001548333016260876
commons-lang,RASZZ,999,0.95,0.25,0.06647254563131351,0.4873039178735182,-0.001548333016260876
commons-lang,RASZZ,999,0.99,0.0,0.07726991845407007,0.543948847659808,0.0016759279503003423
commons-lang,RASZZ,999,0.99,0.05,0.08344384488598458,0.5724863979801381,0.0016759279503003423
commons-lang,RASZZ,999,0.99,0.1,0.08412590150872931,0.5770634074236568,0.0016759279503003423
commons-lang,RASZZ,999,0.99,0.25,0.07784958612006257,0.5733106431807757,0.0016759279503003423
commons-lang,RASZZ,999,0.995,0.0,0.08034964393440105,0.5546274182848211,0.035014116912880894
commons-lang,RASZZ,999,0.995,0.05,0.08652070675264444,0.5837252055610187,0.035014116912880894
commons-lang,RASZZ,999,0.995,0.1,0.08831881460566572,0.5895998718279852,0.035014116912880894
commons-lang,RASZZ,999,0.995,0.25,0.08226469636048206,0.585999449605778,0.035014116912880894
commons-lang,RASZZ,999,0.999,0.0,0.08848122920926708,0.566456265644703,0.07581014458502862
commons-lang,RASZZ,999,0.999,0.05,0.0949261700817477,0.5961746376104656,0.07581014458502862
commons-lang,RASZZ,999,0.999,0.1,0.09796770851967951,0.603495650741031,0.07581014458502862
commons-lang,RASZZ,999,0.999,0.25,0.09363768792043094,0.5996667653837451,0.07581014458502862
commons-math,oracle,7,0.9,0.0,0.11267253769047145,0.5290915420562152,0.012393309387884032
commons-math,oracle,7,0.9,0.05,0.12038293648410167,0.5568947838740712,0.012393309387884032
commons-math,oracle,7,0.9,0.1,0.12677523002988564,0.5721098125160575,0.012393309387884032
commons-math,oracle,7,0.9,0.25,0.12225325733084955,0.568670767442582,0.012393309387884032
commons-math,oracle,7,0.95,0.0,0.12196260691813361,0.5537283178606561,0.04937516776115648
commons-math,oracle,7,0.95,0.05,0.13020444809379386,0.5828261980933338,0.04937516776115648
commons-math,oracle,7,0.95,0.1,0.13775716892588608,0.5946641352161275,0.04937516776115648
commons-math,oracle,7,0.95,0.25,0.13400806259926326,0.5918027134164149,0.04937516776115648
commons-math,oracle,7,0.99,0.0,0.1330459167414156,0.5760164195215051,0.11328322632346913
commons-math,oracle,7,0.99,0.05,0.14089967047143512,0.6062855176453802,0.11328322632346913
commons-math,oracle,7,0.99,0.1,0.14965411925699246,0.6172133671961637,0.11328322632346913
commons-math,oracle,7,0.99,0.25,0.1505714645836595,0.6186022249815057,0.11328322632346913
commons-math,oracle,7,0.995,0.0,0.13520141977962674,0.5786468075930017,0.14956238608020134
commons-math,oracle,7,0.995,0.05,0.1429758834413424,0.6090541300312222,0.14956238608020134
commons-math,oracle,7,0.995,0.1,0.15153656971922302,0.6204948019886386,0.14956238608020134
commons-math,oracle,7,0.995,0.25,0.15565719972885952,0.6236663432158364,0.14956238608020134
commons-math,oracle,7,0.999,0.0,0.1304881638144908,0.5744677584166834,0.1687402650638273
commons-math,oracle,7,0.999,0.05,0.13787099709052977,0.6046554759177953,0.1687402650638273
commons-math,oracle,7,0.999,0.1,0.1456629587816408,0.6162086669806739,0.1687402650638273
commons-math,oracle,7,0.999,0.25,0.15296725099120934,0.6203726186122434,0.1687402650638273
commons-math,oracle,13,0.9,0.0,0.11133456789134204,0.5281184173452493,0.006864713274864247
commons-math,oracle,13,0.9,0.05,0.1189746576837631,0.555870522413588,0.006864713274864247
commons-math,oracle,13,0.9,0.1,0.1265174979388858,0.5732643786623777,0.006864713274864247
commons-math,oracle,13,0.9,0.25,0.12180451305345662,0.5697125272184377,0.006864713274864247
commons-math,oracle,13,0.95,0.0,0.12156756443630758,0.5527514641099996,0.021421581283703153
commons-math,oracle,13,0.95,0.05,0.12978864651684444,0.58179801163578,0.021421581283703153
commons-math,oracle,13,0.95,0.1,0.13895329211351437,0.5971997760785057,0.021421581283703153
commons-math,oracle,13,0.95,0.25,0.13530213572900132,0.5947476859914144,0.021421581283703153
commons-math,oracle,13,0.99,0.0,0.13172866189688992,0.572369534404609,0.0626865494299188
commons-math,oracle,13,0.99,0.05,0.13951319517625593,0.602446992290969,0.0626865494299188
commons-math,oracle,13,0.99,0.1,0.15050823885477826,0.6184467084092108,0.0626865494299188
commons-math,oracle,13,0.99,0.25,0.15213733775649682,0.6211532791503703,0.0626865494299188
commons-math,oracle,13,0.995,0.0,0.13381761370307324,0.5745663606135002,0.1283711412976742
commons-math,oracle,13,0.995,0.05,0.1415193597121386,0.6047592595633862,0.1283711412976742
commons-math,oracle,13,0.995,0.1,0.15223076624363724,0.6215068569697817,0.1283711412976742
commons-math,oracle,13,0.995,0.25,0.1576666386173738,0.6268719327345185,0.1283711412976742
commons-math,oracle,13,0.999,0.0,0.12661223415223935,0.5669633669185888,0.17413789790379874
commons-math,oracle,13,0.999,0.05,0.133791391124458,0.5967567360037226,0.17413789790379874
commons-math,oracle,13,0.999,0.1,0.1434360406500244,0.6135786981808303,0.17413789790379874
commons-math,oracle,13,0.999,0.25,0.15250526172998494,0.6208949175710753,0.17413789790379874
commons-math,oracle,21,0.9,0.0,0.11140434889030118,0.5291616948992609,0.011935240450150935
commons-math,oracle,21,0.9,0.05,0.1190481056058048,0.5569686231802418,0.011935240450150935
commons-math,oracle,21,0.9,0.1,0.1255702850653299,0.5736463240170185,0.011935240450150935
commons-math,oracle,21,0.9,0.25,0.11993583108879072,0.569913358906721,0.011935240450150935
commons-math,oracle,21,0.95,0.0,0.11865495348318486,0.5478619403026451,0.04236789180930997
commons-math,oracle,21,0.95,0.05,0.12672298071363605,0.5766515481459998,0.04236789180930997
commons-math,oracle,21,0.95,0.1,0.13491016958247298,0.591080899006867,0.04236789180930997
commons-math,oracle,21,0.95,0.25,0.1297714445739536,0.5867928904069076,0.04236789180930997
commons-math,oracle,21,0.99,0.0,0.12408470653653189,0.561382938301735,0.09452906955760788
commons-math,oracle,21,0.99,0.05,0.13146755745578498,0.5908830613340615,0.09452906955760788
commons-math,oracle,21,0.99,0.1,0.14178157635430233,0.6060057210564347,0.09452906955760788
commons-math,oracle,21,0.99,0.25,0.1403209558566678,0.605053189789203,0.09452906955760788
commons-math,oracle,21,0.995,0.0,0.12539783797436024,0.5622689707699245,0.12406785721845534
commons-math,oracle,21,0.995,0.05,0.13265713302356383,0.5918156539397951,0.12406785721845534
commons-math,oracle,21,0.995,0.1,0.14273468387676683,0.6077134577461953,0.12406785721845534
commons-math,oracle,21,0.995,0.25,0.14477452516979275,0.6090811145739152,0.12406785721845534
commons-math,oracle,21,0.999,0.0,0.12515835089660637,0.5621452489761173,0.1448721876813033
commons-math,oracle,21,0.999,0.05,0.1322611077291173,0.5916854306870191,0.1448721876813033
commons-math,oracle,21,0.999,0.1,0.14174320383162312,0.6081606147625432,0.1448721876813033
commons-math,oracle,21,0.999,0.25,0.1491116012432608,0.6134158436759984,0.1448721876813033
commons-math,oracle,42,0.9,0.0,0.13444604002711627,0.551609145863106,0.009348201189838132
commons-math,oracle,42,0.9,0.05,0.14330061502196628,0.580595665684932,0.009348201189838132
commons-math,oracle,42,0.9,0.1,0.1517679784099329,0.5989913613876503,0.009348201189838132
commons-math,oracle,42,0.9,0.25,0.1523296634893102,0.6013082721309461,0.009348201189838132
commons-math,oracle,42,0.95,0.0,0.14125219249524615,0.5699381145612696,0.04061306991673193
commons-math,oracle,42,0.95,0.05,0.15050768248162527,0.599887803718607,0.04061306991673193
commons-math,oracle,42,0.95,0.1,0.16061450178573036,0.6160354944357818,0.04061306991673193
commons-math,oracle,42,0.95,0.25,0.16162458627494283,0.617744431026069,0.04061306991673193
commons-math,oracle,42,0.99,0.0,0.1448909718214624,0.5805713208060105,0.11055454287802716
commons-math,oracle,42,0.99,0.05,0.1533671715831393,0.611079774526797,0.11055454287802716
commons-math,oracle,42,0.99,0.1,0.16525611476669796,0.6276167553884763,0.11055454287802716
commons-math,oracle,42,0.99,0.25,0.16983020247999378,0.632110737989597,0.11055454287802716
commons-math,oracle,42,0.995,0.0,0.14484185332065622,0.5793122969704745,0.14508261505017506
commons-math,oracle,42,0.995,0.05,0.1531229123135475,0.6097545902230407,0.14508261505017506
commons-math,oracle,42,0.995,0.1,0.16460755247989364,0.6268611844343323,0.14508261505017506
commons-math,oracle,42,0.995,0.25,0.1724409772240046,0.6331980339790074,0.14508261505017506
commons-math,oracle,42,0.999,0.0,0.13629032276564168,0.5712418580824472,0.18206179993932375
commons-math,oracle,42,0.999,0.05,0.14397805380617248,0.6012600576836424,0.18206179993932375
commons-math,oracle,42,0.999,0.1,0.15430563830552532,0.6184098091841062,0.18206179993932375
commons-math,oracle,42,0.999,0.25,0.16549932371660656,0.6267249175616346,0.18206179993932375
commons-math,oracle,77,0.9,0.0,0.12468324766028795,0.5385931409625119,0.019120164376202984
commons-math,oracle,77,0.9,0.05,0.1336109775336139,0.5668956824876009,0.019120164376202984
commons-math,oracle,77,0.9,0.1,0.13951497790650963,0.5816061036233786,0.019120164376202984
commons-math,oracle,77,0.9,0.25,0.13940879081949972,0.5843780607357604,0.019120164376202984
commons-math,oracle,77,0.95,0.0,0.13232766732849027,0.5595203496255383,0.0423837872752766
commons-math,oracle,77,0.95,0.05,0.1416457237868301,0.5889225954489979,0.0423837872752766
commons-math,oracle,77,0.95,0.1,0.14895509941002918,0.6002627497081475,0.0423837872752766
commons-math,oracle,77,0.95,0.25,0.14842490662473476,0.6001909120739366,0.0423837872752766
commons-math,oracle,77,0.99,0.0,0.1403313925529873,0.5803305619395419,0.06972192662961736
commons-math,oracle,77,0.99,0.05,0.14884313003250485,0.6108263640179336,0.06972192662961736
commons-math,oracle,77,0.99,0.1,0.1579636841225894,0.621871266834652,0.06972192662961736
commons-math,oracle,77,0.99,0.25,0.16103497769977307,0.6242396017105313,0.06972192662961736
commons-math,oracle,77,0.995,0.0,0.14165764286519192,0.582620740281057,0.11888422937407893
commons-math,oracle,77,0.995,0.05,0.1499942707085009,0.6132368889860225,0.11888422937407893
commons-math,oracle,77,0.995,0.1,0.15900953926307834,0.6249235030123911,0.11888422937407893
commons-math,oracle,77,0.995,0.25,0.16511586725385255,0.6293020354593293,0.11888422937407893
commons-math,oracle,77,0.999,0.0,0.13984707682555805,0.5823185434715207,0.16244649929721242
commons-math,oracle,77,0.999,0.05,0.14790414772062457,0.6129188120304163,0.16244649929721242
commons-math,oracle,77,0.999,0.1,0.15642036486433397,0.6250387239122056,0.16244649929721242
commons-math,oracle,77,0.999,0.25,0.16647715024729076,0.6318203234471117,0.16244649929721242
commons-math,oracle,101,0.9,0.0,0.10575671269992486,0.504517028734085,0.0059022485817611684
commons-math,oracle,101,0.9,0.05,0.11353782755956068,0.5310289039695233,0.0059022485817611684
commons-math,oracle,101,0.9,0.1,0.11978789049613611,0.5463658774000119,0.0059022485817611684
commons-math,oracle,101,0.9,0.25,0.11398160988991067,0.5378855098875605,0.0059022485817611684
commons-math,oracle,101,0.95,0.0,0.11278042482428119,0.5310636119999822,0.013197601843166505
commons-math,oracle,101,0.95,0.05,0.1209095728125309,0.5589704841599813,0.013197601843166505
commons-math,oracle,101,0.95,0.1,0.12874909172438662,0.5724257044214417,0.013197601843166505
commons-math,oracle,101,0.95,0.25,0.1232409197541035,0.5651223740248302,0.013197601843166505
commons-math,oracle,101,0.99,0.0,0.12168678087606216,0.555662987387331,0.04373269591878221
commons-math,oracle,101,0.99,0.05,0.12912356314095105,0.5848625326069005,0.04373269591878221
commons-math,oracle,101,0.99,0.1,0.13932124897120116,0.599642097288383,0.04373269591878221
commons-math,oracle,101,0.99,0.25,0.13794196386121113,0.5978842869863168,0.04373269591878221
commons-math,oracle,101,0.995,0.0,0.1234632775645096,0.5575834161745539,0.097641796713806
commons-math,oracle,101,0.995,0.05,0.1307657579330945,0.5868838780441187,0.097641796713806
commons-math,oracle,101,0.995,0.1,0.14081047679832712,0.602544064421291,0.097641796713806
commons-math,oracle,101,0.995,0.25,0.14276505887585136,0.6031129206515767,0.097641796713806
commons-math,oracle,101,0.999,0.0,0.12068626242391943,0.5566002577801861,0.15351657301949337
commons-math,oracle,101,0.999,0.05,0.12767200401790305,0.5858490556400076,0.15351657301949337
commons-math,oracle,101,0.999,0.1,0.137015329652645,0.6020672432364546,0.15351657301949337
commons-math,oracle,101,0.999,0.25,0.14347984698152072,0.6061375600568493,0.15351657301949337
commons-math,oracle,123,0.9,0.0,0.1303455573037171,0.5659072743691024,0.01218999365888598
commons-math,oracle,123,0.9,0.05,0.13917423361754716,0.5956451468261454,0.01218999365888598
commons-math,oracle,123,0.9,0.1,0.1473411772792315,0.6148207027933824,0.01218999365888598
commons-math,oracle,123,0.9,0.25,0.14561102145484148,0.6197927370882876,0.01218999365888598
commons-math,oracle,123,0.95,0.0,0.1381279867720291,0.5774902366142726,0.04684078794401876
commons-math,oracle,123,0.95,0.05,0.1473724935196097,0.6078367823814539,0.04684078794401876
commons-math,oracle,123,0.95,0.1,0.15719602236625926,0.6243467601106064,0.04684078794401876
commons-math,oracle,123,0.95,0.25,0.1557368436075223,0.6263836561920058,0.04684078794401876
commons-math,oracle,123,0.99,0.0,0.13835013130382343,0.5777433999839376,0.10565715904363134
commons-math,oracle,123,0.99,0.05,0.14655426478709535,0.6081032492379954,0.10565715904363134
commons-math,oracle,123,0.99,0.1,0.15803015457524433,0.6244441405610811,0.10565715904363134
commons-math,oracle,123,0.99,0.25,0.16063860872218988,0.6275502725324416,0.10565715904363134
commons-math,oracle,123,0.995,0.0,0.13836392998300592,0.5762553570985124,0.14028613482176058
commons-math,oracle,123,0.995,0.05,0.14636221654235038,0.6065370111578067,0.14028613482176058
commons-math,oracle,123,0.995,0.1,0.1574602604023856,0.6234514961623097,0.14028613482176058
commons-math,oracle,123,0.995,0.25,0.1636614628266223,0.6289292388411512,0.14028613482176058
commons-math,oracle,123,0.999,0.0,0.13510659971311445,0.5727145097109443,0.1686234774970236
commons-math,oracle,123,0.999,0.05,0.1427790873252765,0.602810095711441,0.1686234774970236
commons-math,oracle,123,0.999,0.1,0.15304716725875067,0.620046129325401,0.1686234774970236
commons-math,oracle,123,0.999,0.25,0.16410101393087195,0.6291290783104674,0.1686234774970236
commons-math,oracle,202,0.9,0.0,0.11641787625433692,0.5227349710418547,0.006494386356852351
commons-math,oracle,202,0.9,0.05,0.1243250889175977,0.5502041812848385,0.006494386356852351
commons-math,oracle,202,0.9,0.1,0.13524958143481516,0.5747420786722955,0.006494386356852351
commons-math,oracle,202,0.9,0.25,0.13194249545136555,0.5807112916662229,0.006494386356852351
commons-math,oracle,202,0.95,0.0,0.12455164716257279,0.5454333565020112,0.01803379278963716
commons-math,oracle,202,0.95,0.05,0.1329295398648036,0.574095344647607,0.01803379278963716
commons-math,oracle,202,0.95,0.1,0.14525559998934337,0.5962434054048896,0.01803379278963716
commons-math,oracle,202,0.95,0.25,0.1438760882906484,0.602993585754245,0.01803379278963716
commons-math,oracle,202,0.99,0.0,0.13515434975107898,0.5714583637702105,0.05534044283437483
commons-math,oracle,202,0.99,0.05,0.1431188995686651,0.6014879405330373,0.05534044283437483
commons-math,oracle,202,0.99,0.1,0.15537319785947254,0.6201432883026915,0.05534044283437483
commons-math,oracle,202,0.99,0.25,0.16011548745191714,0.6288037914407623,0.05534044283437483
commons-math,oracle,202,0.995,0.0,0.13733560080425586,0.5749622722733999,0.12312301744615964
commons-math,oracle,202,0.995,0.05,0.14522221358648144,0.6051759759928648,0.12312301744615964
commons-math,oracle,202,0.995,0.1,0.15680195883555506,0.6237198406077318,0.12312301744615964
commons-math,oracle,202,0.995,0.25,0.16566015896357383,0.634572109983234,0.12312301744615964
commons-math,oracle,202,0.999,0.0,0.1286620149862049,0.5662776773593027,0.17700017708909008
commons-math,oracle,202,0.999,0.05,0.1359488859316594,0.5960350141303407,0.17700017708909008
commons-math,oracle,202,0.999,0.1,0.14612852749577154,0.6140036747126949,0.17700017708909008
commons-math,oracle,202,0.999,0.25,0.15878010483080748,0.6268099418405803,0.17700017708909008
commons-math,oracle,314,0.9,0.0,0.12933028740890856,0.5425145729137758,0.007301936003821568
commons-math,oracle,314,0.9,0.05,0.13791603461911545,0.5710231818433624,0.007301936003821568
commons-math,oracle,314,0.9,0.1,0.14461754601461835,0.5864307448379569,0.007301936003821568
commons-math,oracle,314,0.9,0.25,0.14703495470934927,0.5892889634343276,0.007301936003821568
commons-math,oracle,314,0.95,0.0,0.13652539261884983,0.5619121737602476,0.02158407703906722
commons-math,oracle,314,0.95,0.05,0.14553249390584186,0.5914401075970607,0.02158407703906722
commons-math,oracle,314,0.95,0.1,0.1534854810485598,0.6033010458982643,0.02158407703906722
commons-math,oracle,314,0.95,0.25,0.15633387425377404,0.605026526005387,0.02158407703906722
commons-math,oracle,314,0.99,0.0,0.14284344991318693,0.5780036244016803,0.05871775857248063
commons-math,oracle,314,0.99,0.05,0.15121205440595836,0.6083771481937685,0.05871775857248063
commons-math,oracle,314,0.99,0.1,0.16042889649988448,0.6192905790436858,0.05871775857248063
commons-math,oracle,314,0.99,0.25,0.16595222596796094,0.6229455124171964,0.05871775857248063
commons-math,oracle,314,0.995,0.0,0.14399162311603367,0.5790224776479387,0.11836510999918935
commons-math,oracle,314,0.995,0.05,0.1522280033452311,0.6094495411792422,0.11836510999918935
commons-math,oracle,314,0.995,0.1,0.1612339545888401,0.6208363636552992,0.11836510999918935
commons-math,oracle,314,0.995,0.25,0.1690556689603066,0.6254185131084877,0.11836510999918935
commons-math,oracle,314,0.999,0.0,0.1372461125066044,0.5751859439681425,0.1776686938604189
commons-math,oracle,314,0.999,0.05,0.14498406936097402,0.6054114014158802,0.1776686938604189
commons-math,oracle,314,0.999,0.1,0.15313162350301568,0.6169667576077561,0.1776686938604189
commons-math,oracle,314,0.999,0.25,0.1628179028968564,0.6220940934050142,0.1776686938604189
commons-math,oracle,999,0.9,0.0,0.11773131236902061,0.5324626293361553,0.012053526436144693
commons-math,oracle,999,0.9,0.05,0.12570754481242555,0.5604430184855848,0.012053526436144693
commons-math,oracle,999,0.9,0.1,0.1368144042551414,0.5856276896871391,0.012053526436144693
commons-math,oracle,999,0.9,0.25,0.13428131029025403,0.5936415391318169,0.012053526436144693
commons-math,oracle,999,0.95,0.0,0.1260832545506659,0.5540545995842631,0.04782541603232384
commons-math,oracle,999,0.95,0.05,0.13454163171956512,0.5831696256016322,0.04782541603232384
commons-math,oracle,999,0.95,0.1,0.1471494542317488,0.605951261448659,0.04782541603232384
commons-math,oracle,999,0.95,0.25,0.14643978314569311,0.6145000539721364,0.04782541603232384
commons-math,oracle,999,0.99,0.0,0.1342871011409884,0.5736291114472707,0.11642358792826293
commons-math,oracle,999,0.99,0.05,0.14220607789435802,0.603772758872343,0.11642358792826293
commons-math,oracle,999,0.99,0.1,0.15457414016105164,0.6226773961936187,0.11642358792826293
commons-math,oracle,999,0.99,0.25,0.15932322636537705,0.6318809955193115,0.11642358792826293
commons-math,oracle,999,0.995,0.0,0.13525407306619203,0.5748073472085501,0.15581186031185038
commons-math,oracle,999,0.995,0.05,0.1430313036064958,0.6050129097677445,0.15581186031185038
commons-math,oracle,999,0.995,0.1,0.15461215012198354,0.6236378287533079,0.15581186031185038
commons-math,oracle,999,0.995,0.25,0.1632780847358863,0.6346291282737782,0.15581186031185038
commons-math,oracle,999,0.999,0.0,0.12656855399218353,0.5650680507000195,0.17548601367315778
commons-math,oracle,999,0.999,0.05,0.13374541561481496,0.5947618227760205,0.17548601367315778
commons-math,oracle,999,0.999,0.1,0.1438872744152847,0.6127194436539799,0.17548601367315778
commons-math,oracle,999,0.999,0.25,0.1564666688348593,0.6255484803786876,0.17548601367315778
commons-math,BSZZ,7,0.9,0.0,0.07246918607595994,0.47794803674781133,0.007411104804854197
commons-math,BSZZ,7,0.9,0.05,0.07528141149067638,0.4935392403589641,0.007411104804854197
commons-math,BSZZ,7,0.9,0.1,0.08918771856689614,0.5090370050828114,0.007411104804854197
commons-math,BSZZ,7,0.9,0.25,0.09085622066637951,0.5090873929563091,0.007411104804854197
commons-math,BSZZ,7,0.95,0.0,0.07592323946743902,0.5059606825826604,0.03309666227840393
commons-math,BSZZ,7,0.95,0.05,0.07957487416408993,0.5237099321629394,0.03309666227840393
commons-math,BSZZ,7,0.95,0.1,0.09190789083108362,0.5369295972445299,0.03309666227840393
commons-math,BSZZ,7,0.95,0.25,0.09341617147718391,0.5365590146077934,0.03309666227840393
commons-math,BSZZ,7,0.99,0.0,0.07756714908993613,0.534142859835562,0.04980112849636816
commons-math,BSZZ,7,0.99,0.05,0.08276228402664813,0.5557614848442703,0.04980112849636816
commons-math,BSZZ,7,0.99,0.1,0.09047616259507274,0.5658866964952405,0.04980112849636816
commons-math,BSZZ,7,0.99,0.25,0.09337938574440256,0.5687838705285211,0.04980112849636816
commons-math,BSZZ,7,0.995,0.0,0.0764236776986997,0.5359582307734506,0.0479498806158779
commons-math,BSZZ,7,0.995,0.05,0.08165755597260527,0.5580725592955528,0.0479498806158779
commons-math,BSZZ,7,0.995,0.1,0.0887242111884698,0.5679470117070592,0.0479498806158779
commons-math,BSZZ,7,0.995,0.25,0.09621464277860636,0.5755721693569927,0.0479498806158779
commons-math,BSZZ,7,0.999,0.0,0.06713400634940028,0.529175614303191,0.07084558091157904
commons-math,BSZZ,7,0.999,0.05,0.07189811400430245,0.5512079578275706,0.07084558091157904
commons-math,BSZZ,7,0.999,0.1,0.07805010114145022,0.5605116161491578,0.07084558091157904
commons-math,BSZZ,7,0.999,0.25,0.09265579478759071,0.5762433757508302,0.07084558091157904
commons-math,BSZZ,13,0.9,0.0,0.09321929043984345,0.5162922359449478,0.008616033801361899
commons-math,BSZZ,13,0.9,0.05,0.09687182718534718,0.5329662930614241,0.008616033801361899
commons-math,BSZZ,13,0.9,0.1,0.11080426674560304,0.5481433479054815,0.008616033801361899
commons-math,BSZZ,13,0.9,0.25,0.10373706140175919,0.5427944743621721,0.008616033801361899
commons-math,BSZZ,13,0.95,0.0,0.09737497695738222,0.5371993761995247,0.0386274424704161
commons-math,BSZZ,13,0.95,0.05,0.10187561108532577,0.5560204014099585,0.0386274424704161
commons-math,BSZZ,13,0.95,0.1,0.11360653921862782,0.5679407353392343,0.0386274424704161
commons-math,BSZZ,13,0.95,0.25,0.10752026684696311,0.5624630549806554,0.0386274424704161
commons-math,BSZZ,13,0.99,0.0,0.09717278418289653,0.5565786186123393,0.054723329579950644
commons-math,BSZZ,13,0.99,0.05,0.10327504203322094,0.5791557540493528,0.054723329579950644
commons-math,BSZZ,13,0.99,0.1,0.11051510143211304,0.5876387314967413,0.054723329579950644
commons-math,BSZZ,13,0.99,0.25,0.10806664640245386,0.5865749498724819,0.054723329579950644
commons-math,BSZZ,13,0.995,0.0,0.09476502089290562,0.555931282587178,0.059546710892239375
commons-math,BSZZ,13,0.995,0.05,0.10087103771098882,0.5789227710543372,0.059546710892239375
commons-math,BSZZ,13,0.995,0.1,0.10768230165446974,0.5873774909843629,0.059546710892239375
commons-math,BSZZ,13,0.995,0.25,0.11032559627430379,0.5907203581572558,0.059546710892239375
commons-math,BSZZ,13,0.999,0.0,0.0838607073500775,0.5464703804030906,0.0909244041462256
commons-math,BSZZ,13,0.999,0.05,0.08943547998021749,0.5692761168938225,0.0909244041462256
commons-math,BSZZ,13,0.999,0.1,0.09553620731823932,0.5774308916138756,0.0909244041462256
commons-math,BSZZ,13,0.999,0.25,0.10628642825791007,0.5884935095359162,0.0909244041462256
commons-math,BSZZ,21,0.9,0.0,0.07473246495184423,0.4899265819374441,0.0021344325680308775
commons-math,BSZZ,21,0.9,0.05,0.07746721091765045,0.5053088873363552,0.0021344325680308775
commons-math,BSZZ,21,0.9,0.1,0.0904728331659281,0.5192932278383908,0.0021344325680308775
commons-math,BSZZ,21,0.9,0.25,0.0956257923316561,0.5221629313646734,0.0021344325680308775
commons-math,BSZZ,21,0.95,0.0,0.0801168864271901,0.51843812384019,0.017383063871010525
commons-math,BSZZ,21,0.95,0.05,0.0837498049712318,0.53633826839588,0.017383063871010525
commons-math,BSZZ,21,0.95,0.1,0.09473839589476493,0.5474879538191022,0.017383063871010525
commons-math,BSZZ,21,0.95,0.25,0.09968705207893076,0.5491329030448783,0.017383063871010525
commons-math,BSZZ,21,0.99,0.0,0.0824447499211043,0.5432361980196286,0.04689555413227415
commons-math,BSZZ,21,0.99,0.05,0.08778998863367841,0.5651470385849808,0.04689555413227415
commons-math,BSZZ,21,0.99,0.1,0.09436510771753902,0.5731927246969162,0.04689555413227415
commons-math,BSZZ,21,0.99,0.25,0.10069992892197063,0.5783690140204916,0.04689555413227415
commons-math,BSZZ,21,0.995,0.0,0.08009181801978262,0.5429483650565002,0.05412592260689209
commons-math,BSZZ,21,0.995,0.05,0.08543994356598393,0.5652862814792713,0.05412592260689209
commons-math,BSZZ,21,0.995,0.1,0.09155981402140856,0.5733074240699227,0.05412592260689209
commons-math,BSZZ,21,0.995,0.25,0.10145913634894295,0.5821586062397591,0.05412592260689209
commons-math,BSZZ,21,0.999,0.0,0.06609655336411399,0.5313042976201664,0.08071568860009679
commons-math,BSZZ,21,0.999,0.05,0.0707480339971342,0.5533365499603837,0.08071568860009679
commons-math,BSZZ,21,0.999,0.1,0.0759468605288149,0.5608958702258837,0.08071568860009679
commons-math,BSZZ,21,0.999,0.25,0.09041505194748237,0.5752094680571588,0.08071568860009679
commons-math,BSZZ,42,0.9,0.0,0.06870752697229021,0.4806162653504054,0.0021752126616069655
commons-math,BSZZ,42,0.9,0.05,0.07084520835806733,0.49515254327474084,0.0021752126616069655
commons-math,BSZZ,42,0.9,0.1,0.08569634773765938,0.5088129889686124,0.0021752126616069655
commons-math,BSZZ,42,0.9,0.25,0.09813696990044354,0.5201778636018706,0.0021752126616069655
commons-math,BSZZ,42,0.95,0.0,0.07201231627816813,0.5090091145768318,0.01785677160874488
commons-math,BSZZ,42,0.95,0.05,0.0750017243384919,0.5260912958534708,0.01785677160874488
commons-math,BSZZ,42,0.95,0.1,0.08799524269319747,0.5378366008501558,0.01785677160874488
commons-math,BSZZ,42,0.95,0.25,0.10047511187677412,0.5480733629363792,0.01785677160874488
commons-math,BSZZ,42,0.99,0.0,0.0712765170406175,0.5342873402760215,0.04249471608687102
commons-math,BSZZ,42,0.99,0.05,0.07594324492972203,0.5555372990668462,0.04249471608687102
commons-math,BSZZ,42,0.99,0.1,0.08452392863938606,0.5650042116684312,0.04249471608687102
commons-math,BSZZ,42,0.99,0.25,0.09765009238546107,0.5767772294523854,0.04249471608687102
commons-math,BSZZ,42,0.995,0.0,0.06782391827109928,0.533385252666154,0.0458065058869172
commons-math,BSZZ,42,0.995,0.05,0.07245650253310834,0.5550640033468555,0.0458065058869172
commons-math,BSZZ,42,0.995,0.1,0.08027631735610413,0.5643466083608591,0.0458065058869172
commons-math,BSZZ,42,0.995,0.25,0.0962464418578866,0.5791408219066178,0.0458065058869172
commons-math,BSZZ,42,0.999,0.0,0.04959233138808053,0.517631569507111,0.07709452373656549
commons-math,BSZZ,42,0.999,0.05,0.05332189320884499,0.5388174867835471,0.07709452373656549
commons-math,BSZZ,42,0.999,0.1,0.05966098440149751,0.5472214416050671,0.07709452373656549
commons-math,BSZZ,42,0.999,0.25,0.07857979172868215,0.5659097701669451,0.07709452373656549
commons-math,BSZZ,77,0.9,0.0,0.0711064596649448,0.4875876401651132,0.0024455231846460877
commons-math,BSZZ,77,0.9,0.05,0.07341593910087638,0.5026482680316541,0.0024455231846460877
commons-math,BSZZ,77,0.9,0.1,0.08843404987885133,0.5169284466364678,0.0024455231846460877
commons-math,BSZZ,77,0.9,0.25,0.09263759909415392,0.5149685419618647,0.0024455231846460877
commons-math,BSZZ,77,0.95,0.0,0.07326450032129575,0.5113346867870716,0.021390445126633257
commons-math,BSZZ,77,0.95,0.05,0.07637282976018435,0.5286526643994495,0.021390445126633257
commons-math,BSZZ,77,0.95,0.1,0.08944432067565276,0.5405743316968156,0.021390445126633257
commons-math,BSZZ,77,0.95,0.25,0.09306377161072833,0.5395131250498505,0.021390445126633257
commons-math,BSZZ,77,0.99,0.0,0.07084019037003035,0.532829000003739,0.0505408265372603
commons-math,BSZZ,77,0.99,0.05,0.07550248462224637,0.5540458651740963,0.0505408265372603
commons-math,BSZZ,77,0.99,0.1,0.08408973491496055,0.5634652231355125,0.0505408265372603
commons-math,BSZZ,77,0.99,0.25,0.08889448109155015,0.5676585604180041,0.0505408265372603
commons-math,BSZZ,77,0.995,0.0,0.06870833063876067,0.5327906377066884,0.05258968157682042
commons-math,BSZZ,77,0.995,0.05,0.07340074582006616,0.554471331713909,0.05258968157682042
commons-math,BSZZ,77,0.995,0.1,0.08131683126877591,0.5637930086526923,0.05258968157682042
commons-math,BSZZ,77,0.995,0.25,0.09000830233407416,0.5720560517439153,0.05258968157682042
commons-math,BSZZ,77,0.999,0.0,0.05875628425010382,0.5250304994036309,0.06884392213464079
commons-math,BSZZ,77,0.999,0.05,0.06297715231232077,0.5466305991177385,0.06884392213464079
commons-math,BSZZ,77,0.999,0.1,0.0699030685457807,0.555562257525831,0.06884392213464079
commons-math,BSZZ,77,0.999,0.25,0.08474169249164455,0.5706430402127355,0.06884392213464079
commons-math,BSZZ,101,0.9,0.0,0.08199369275672538,0.5045891623935526,0.00428038649552889
commons-math,BSZZ,101,0.9,0.05,0.0878559156968817,0.5256394188009367,0.00428038649552889
commons-math,BSZZ,101,0.9,0.1,0.10468523555545942,0.5436636748019189,0.00428038649552889
commons-math,BSZZ,101,0.9,0.25,0.10796883938960547,0.550071145283867,0.00428038649552889
commons-math,BSZZ,101,0.95,0.0,0.08537111809842453,0.5254591658587326,0.027198263264882262
commons-math,BSZZ,101,0.95,0.05,0.09180968018787856,0.5471905596175131,0.027198263264882262
commons-math,BSZZ,101,0.95,0.1,0.1074648685975315,0.5629911611179507,0.027198263264882262
commons-math,BSZZ,101,0.95,0.25,0.11067827689854344,0.5667750113210444,0.027198263264882262
commons-math,BSZZ,101,0.99,0.0,0.08356230374263288,0.5425442079357884,0.05011550269656874
commons-math,BSZZ,101,0.99,0.05,0.09052143861947046,0.5662643816821761,0.05011550269656874
commons-math,BSZZ,101,0.99,0.1,0.10335744807326376,0.580332249213163,0.05011550269656874
commons-math,BSZZ,101,0.99,0.25,0.1077333381820191,0.5847063982332715,0.05011550269656874
commons-math,BSZZ,101,0.995,0.0,0.08023945595536364,0.5410801765496089,0.05448939295134983
commons-math,BSZZ,101,0.995,0.05,0.08695554567810151,0.5649518613449946,0.05448939295134983
commons-math,BSZZ,101,0.995,0.1,0.09924179673400424,0.5789975274710405,0.05448939295134983
commons-math,BSZZ,101,0.995,0.25,0.10816025150158648,0.58780163726454,0.05448939295134983
commons-math,BSZZ,101,0.999,0.0,0.06383467113998641,0.5267492326305591,0.0877142427545844
commons-math,BSZZ,101,0.999,0.05,0.06956052320607704,0.5500206609636148,0.0877142427545844
commons-math,BSZZ,101,0.999,0.1,0.08049956934601078,0.5633715649175838,0.0877142427545844
commons-math,BSZZ,101,0.999,0.25,0.09644714203126402,0.5796990938171206,0.0877142427545844
commons-math,BSZZ,123,0.9,0.0,0.07311326947062362,0.49331066660769046,0.005807584344950332
commons-math,BSZZ,123,0.9,0.05,0.07563754338151948,0.5089435689124892,0.005807584344950332
commons-math,BSZZ,123,0.9,0.1,0.09072668345808693,0.5235412065040947,0.005807584344950332
commons-math,BSZZ,123,0.9,0.25,0.09883261593154745,0.5335150374808887,0.005807584344950332
commons-math,BSZZ,123,0.95,0.0,0.077567139481493,0.5185549829002698,0.02743193800594612
commons-math,BSZZ,123,0.95,0.05,0.08099944817888718,0.5364455717764979,0.02743193800594612
commons-math,BSZZ,123,0.95,0.1,0.09451106625909135,0.5490330182671685,0.02743193800594612
commons-math,BSZZ,123,0.95,0.25,0.10241891970185474,0.5565828903308379,0.02743193800594612
commons-math,BSZZ,123,0.99,0.0,0.07700895115943365,0.5395393769705997,0.05002514406809897
commons-math,BSZZ,123,0.99,0.05,0.08203071024393924,0.561190252392713,0.05002514406809897
commons-math,BSZZ,123,0.99,0.1,0.0913423529306125,0.5715337419641283,0.05002514406809897
commons-math,BSZZ,123,0.99,0.25,0.09979787456800351,0.5793089025653276,0.05002514406809897
commons-math,BSZZ,123,0.995,0.0,0.07342336274398127,0.5374387889295985,0.05037459962148772
commons-math,BSZZ,123,0.995,0.05,0.07838965692269294,0.5594270965913885,0.05037459962148772
commons-math,BSZZ,123,0.995,0.1,0.0869034744396884,0.5695384693910184,0.05037459962148772
commons-math,BSZZ,123,0.995,0.25,0.0986076894217577,0.5804901349112662,0.05037459962148772
commons-math,BSZZ,123,0.999,0.0,0.060698264097446344,0.5254665438361951,0.07103037629578757
commons-math,BSZZ,123,0.999,0.05,0.06504060289051827,0.5471389289804088,0.07103037629578757
commons-math,BSZZ,123,0.999,0.1,0.07234868330840873,0.5565683759480143,0.07103037629578757
commons-math,BSZZ,123,0.999,0.25,0.08905570629291547,0.5730437431374873,0.07103037629578757
commons-math,BSZZ,202,0.9,0.0,0.08258846200543286,0.5056256425994312,0.003211157422766271
commons-math,BSZZ,202,0.9,0.05,0.085745478412703,0.5218641927326935,0.003211157422766271
commons-math,BSZZ,202,0.9,0.1,0.10170496371732428,0.5372433066975375,0.003211157422766271
commons-math,BSZZ,202,0.9,0.25,0.10564176067995153,0.5378507066505361,0.003211157422766271
commons-math,BSZZ,202,0.95,0.0,0.0873643679342088,0.5294736739958887,0.021352723988793804
commons-math,BSZZ,202,0.95,0.05,0.0914363418654252,0.5479845951495541,0.021352723988793804
commons-math,BSZZ,202,0.95,0.1,0.1055602144311189,0.5611926474042326,0.021352723988793804
commons-math,BSZZ,202,0.95,0.25,0.10967583512943183,0.5626201543684894,0.021352723988793804
commons-math,BSZZ,202,0.99,0.0,0.08898264292903685,0.5492778558201559,0.043684786166727226
commons-math,BSZZ,202,0.99,0.05,0.09470572600180843,0.5715243568731212,0.043684786166727226
commons-math,BSZZ,202,0.99,0.1,0.10460615752348916,0.5822918374807119,0.043684786166727226
commons-math,BSZZ,202,0.99,0.25,0.11016473223417268,0.5878882017774396,0.043684786166727226
commons-math,BSZZ,202,0.995,0.0,0.08692990109381751,0.5484144450603594,0.04108577850235517
commons-math,BSZZ,202,0.995,0.05,0.0926627540741624,0.5710555524582493,0.04108577850235517
commons-math,BSZZ,202,0.995,0.1,0.10187783924239326,0.5816676127669055,0.04108577850235517
commons-math,BSZZ,202,0.995,0.25,0.11076990209615159,0.5907471636744559,0.04108577850235517
commons-math,BSZZ,202,0.999,0.0,0.07528020105193997,0.5374555185880293,0.0770830299068721
commons-math,BSZZ,202,0.999,0.05,0.08043312540895108,0.5598249132925405,0.0770830299068721
commons-math,BSZZ,202,0.999,0.1,0.08852816295839845,0.5698369950588302,0.0770830299068721
commons-math,BSZZ,202,0.999,0.25,0.10300706200490443,0.5849375491404151,0.0770830299068721
commons-math,BSZZ,314,0.9,0.0,0.08636418119125984,0.5155204503627904,0.0057242531440352944
commons-math,BSZZ,314,0.9,0.05,0.08980384459609636,0.5324218572012035,0.0057242531440352944
commons-math,BSZZ,314,0.9,0.1,0.1039001210741839,0.5479906600432768,0.0057242531440352944
commons-math,BSZZ,314,0.9,0.25,0.10302588725723173,0.5477423776413449,0.0057242531440352944
commons-math,BSZZ,314,0.95,0.0,0.09007828307922625,0.5361158705138988,0.02583510175042266
commons-math,BSZZ,314,0.95,0.05,0.0943154965285886,0.5550912061877186,0.02583510175042266
commons-math,BSZZ,314,0.95,0.1,0.1061817028907857,0.5673460209384893,0.02583510175042266
commons-math,BSZZ,314,0.95,0.25,0.10631075695249631,0.5673315329843931,0.02583510175042266
commons-math,BSZZ,314,0.99,0.0,0.08974658686612058,0.5526247913301099,0.056164136287716916
commons-math,BSZZ,314,0.99,0.05,0.09550626837001447,0.5750988784442103,0.056164136287716916
commons-math,BSZZ,314,0.99,0.1,0.10260194989443713,0.5838463809416441,0.056164136287716916
commons-math,BSZZ,314,0.99,0.25,0.1047284767378037,0.5870211120347516,0.056164136287716916
commons-math,BSZZ,314,0.995,0.0,0.08689763712219642,0.5507700157685266,0.07224837852781633
commons-math,BSZZ,314,0.995,0.05,0.09262645995687625,0.5735740675767126,0.07224837852781633
commons-math,BSZZ,314,0.995,0.1,0.0992276169445802,0.5822095773367992,0.07224837852781633
commons-math,BSZZ,314,0.995,0.25,0.10543215076917882,0.5890280456767274,0.07224837852781633
commons-math,BSZZ,314,0.999,0.0,0.07235342869210364,0.5365363672422463,0.10047360290925256
commons-math,BSZZ,314,0.999,0.05,0.07735102194584567,0.5588869228257143,0.10047360290925256
commons-math,BSZZ,314,0.999,0.1,0.08298724580651314,0.5669019511829961,0.10047360290925256
commons-math,BSZZ,314,0.999,0.25,0.09525831234177976,0.5796959978235505,0.10047360290925256
commons-math,BSZZ,999,0.9,0.0,0.0846766483009012,0.5057422597331713,-0.010750942444095732
commons-math,BSZZ,999,0.9,0.05,0.08765658622899043,0.521729811413804,-0.010750942444095732
commons-math,BSZZ,999,0.9,0.1,0.10358434666539636,0.5374717422312841,-0.010750942444095732
commons-math,BSZZ,999,0.9,0.25,0.10547261681207783,0.5388675732421693,-0.010750942444095732
commons-math,BSZZ,999,0.95,0.0,0.0880073967140257,0.5269829773109708,-0.05131244021497785
commons-math,BSZZ,999,0.95,0.05,0.09185560647317827,0.5450788592225518,-0.05131244021497785
commons-math,BSZZ,999,0.95,0.1,0.1061213658613748,0.5585569061243096,-0.05131244021497785
commons-math,BSZZ,999,0.95,0.25,0.10794832997063387,0.5595386571840769,-0.05131244021497785
commons-math,BSZZ,999,0.99,0.0,0.09013179053091643,0.5491295689653344,-0.0747190364553907
commons-math,BSZZ,999,0.99,0.05,0.09579477015028694,0.5711743783720737,-0.0747190364553907
commons-math,BSZZ,999,0.99,0.1,0.1058324461790178,0.582064612709334,-0.0747190364553907
commons-math,BSZZ,999,0.99,0.25,0.10827021571377103,0.5852358669467776,-0.0747190364553907
commons-math,BSZZ,999,0.995,0.0,0.08805704476902841,0.5493480302837894,-0.011976380247311047
commons-math,BSZZ,999,0.995,0.05,0.0937562445480331,0.5718754723240518,-0.011976380247311047
commons-math,BSZZ,999,0.995,0.1,0.1030455925974097,0.5825616578606195,-0.011976380247311047
commons-math,BSZZ,999,0.995,0.25,0.10919244289519006,0.5894269325497868,-0.011976380247311047
commons-math,BSZZ,999,0.999,0.0,0.07497571118334422,0.5367166511746937,0.08144487003027516
commons-math,BSZZ,999,0.999,0.05,0.08004127475658493,0.5589119992345333,0.08144487003027516
commons-math,BSZZ,999,0.999,0.1,0.08808044297923313,0.5688133178122337,0.08144487003027516
commons-math,BSZZ,999,0.999,0.25,0.10042233053015223,0.5817984411622161,0.08144487003027516
commons-math,AGSZZ,7,0.9,0.0,0.05220068058258362,0.4415300496554286,0.006077519664026368
commons-math,AGSZZ,7,0.9,0.05,0.05614313940290896,0.4595336779745972,0.006077519664026368
commons-math,AGSZZ,7,0.9,0.1,0.06696265654798905,0.47324987977686495,0.006077519664026368
commons-math,AGSZZ,7,0.9,0.25,0.06973479337717584,0.47358694808044444,0.006077519664026368
commons-math,AGSZZ,7,0.95,0.0,0.051185920948652604,0.46960377313768364,0.012211904588144997
commons-math,AGSZZ,7,0.95,0.05,0.05538687737046139,0.4883958862312853,0.012211904588144997
commons-math,AGSZZ,7,0.95,0.1,0.06726691482724324,0.5013287912581238,0.012211904588144997
commons-math,AGSZZ,7,0.95,0.25,0.0696095623058446,0.5002922169457032,0.012211904588144997
commons-math,AGSZZ,7,0.99,0.0,0.04741638952333288,0.5058382183145531,-0.05286474585534624
commons-math,AGSZZ,7,0.99,0.05,0.05202162861709216,0.5272546369297304,-0.05286474585534624
commons-math,AGSZZ,7,0.99,0.1,0.06438307713280554,0.5411834263785402,-0.05286474585534624
commons-math,AGSZZ,7,0.99,0.25,0.07069364115717379,0.5466800144741623,-0.05286474585534624
commons-math,AGSZZ,7,0.995,0.0,0.046651449381759934,0.5109612136118472,-0.04197217009659267
commons-math,AGSZZ,7,0.995,0.05,0.0512092145659982,0.5328826011573351,-0.04197217009659267
commons-math,AGSZZ,7,0.995,0.1,0.063188860036513,0.5471914601539077,-0.04197217009659267
commons-math,AGSZZ,7,0.995,0.25,0.07525509012943361,0.5589721362983627,-0.04197217009659267
commons-math,AGSZZ,7,0.999,0.0,0.029935198139289496,0.49856631814255375,0.045319632196572195
commons-math,AGSZZ,7,0.999,0.05,0.033549431906640156,0.5200133807665126,0.045319632196572195
commons-math,AGSZZ,7,0.999,0.1,0.04403653364253242,0.5336512644054964,0.045319632196572195
commons-math,AGSZZ,7,0.999,0.25,0.06315783674818944,0.5534054932770169,0.045319632196572195
commons-math,AGSZZ,13,0.9,0.0,0.07334436293325727,0.48443000914366197,0.0020979695067555753
commons-math,AGSZZ,13,0.9,0.05,0.07829068028004216,0.5045931329711736,0.0020979695067555753
commons-math,AGSZZ,13,0.9,0.1,0.0899707318546231,0.5206685639499677,0.0020979695067555753
commons-math,AGSZZ,13,0.9,0.25,0.08845381258691745,0.5215501512604134,0.0020979695067555753
commons-math,AGSZZ,13,0.95,0.0,0.07534711736997252,0.5123857406694973,0.016541246085131866
commons-math,AGSZZ,13,0.95,0.05,0.08072475186787997,0.5333320760139398,0.016541246085131866
commons-math,AGSZZ,13,0.95,0.1,0.09386415729089499,0.5486810888654486,0.016541246085131866
commons-math,AGSZZ,13,0.95,0.25,0.09243011111665711,0.5477213022414518,0.016541246085131866
commons-math,AGSZZ,13,0.99,0.0,0.0721032285015457,0.5328744813913676,0.04489102961637881
commons-math,AGSZZ,13,0.99,0.05,0.07795894307184799,0.5556517415415602,0.04489102961637881
commons-math,AGSZZ,13,0.99,0.1,0.09163323115276613,0.5710530280853294,0.04489102961637881
commons-math,AGSZZ,13,0.99,0.25,0.09322735271679018,0.5732968422994187,0.04489102961637881
commons-math,AGSZZ,13,0.995,0.0,0.06818918781335433,0.531466226498056,0.0592569037138752
commons-math,AGSZZ,13,0.995,0.05,0.0738413469326965,0.5544150456916266,0.0592569037138752
commons-math,AGSZZ,13,0.995,0.1,0.086951555705843,0.5698039257348736,0.0592569037138752
commons-math,AGSZZ,13,0.995,0.25,0.09365068975843101,0.5769008866577113,0.0592569037138752
commons-math,AGSZZ,13,0.999,0.0,0.04676136332255095,0.5135204162729795,0.09124444738281692
commons-math,AGSZZ,13,0.999,0.05,0.051230211725225204,0.535711650557505,0.09124444738281692
commons-math,AGSZZ,13,0.999,0.1,0.06258146275386316,0.5501034850337826,0.09124444738281692
commons-math,AGSZZ,13,0.999,0.25,0.07602870116389807,0.5642373072125539,0.09124444738281692
commons-math,AGSZZ,21,0.9,0.0,0.048150584761438305,0.4432457502711353,0.004174928323694782
commons-math,AGSZZ,21,0.9,0.05,0.05184574948147105,0.461267145516238,0.004174928323694782
commons-math,AGSZZ,21,0.9,0.1,0.06112768694657394,0.4748189816141737,0.004174928323694782
commons-math,AGSZZ,21,0.9,0.25,0.06389569457678429,0.47728441834304247,0.004174928323694782
commons-math,AGSZZ,21,0.95,0.0,0.04784233380826794,0.4737366405435549,0.0047522644530811784
commons-math,AGSZZ,21,0.95,0.05,0.0518623978361753,0.4927022558420119,0.0047522644530811784
commons-math,AGSZZ,21,0.95,0.1,0.06225133834493849,0.5052786118669484,0.0047522644530811784
commons-math,AGSZZ,21,0.95,0.25,0.0646703794765327,0.5067909556486982,0.0047522644530811784
commons-math,AGSZZ,21,0.99,0.0,0.043077348733734346,0.5053869672758604,-0.018523791592482897
commons-math,AGSZZ,21,0.99,0.05,0.047475911625194794,0.5267855647916919,-0.018523791592482897
commons-math,AGSZZ,21,0.99,0.1,0.05878909177480058,0.5400049361375369,-0.018523791592482897
commons-math,AGSZZ,21,0.99,0.25,0.06359705873184976,0.5451895122867872,-0.018523791592482897
commons-math,AGSZZ,21,0.995,0.0,0.04105528237601045,0.5074105852185389,-0.004467986841147386
commons-math,AGSZZ,21,0.995,0.05,0.04533912951766798,0.5291556298289445,-0.004467986841147386
commons-math,AGSZZ,21,0.995,0.1,0.056412150367940284,0.5427236970455412,-0.004467986841147386
commons-math,AGSZZ,21,0.995,0.25,0.06641582223776009,0.5531227742647791,-0.004467986841147386
commons-math,AGSZZ,21,0.999,0.0,0.025044049540705892,0.4944971102712958,0.04826101748693414
commons-math,AGSZZ,21,0.999,0.05,0.02841925400488913,0.51574267532834,0.04826101748693414
commons-math,AGSZZ,21,0.999,0.1,0.03822777887858804,0.5287571316262039,0.04826101748693414
commons-math,AGSZZ,21,0.999,0.25,0.05523829539836449,0.5466445997772053,0.04826101748693414
commons-math,AGSZZ,42,0.9,0.0,0.058836020499923466,0.46532734255632874,-0.008238255403542446
commons-math,AGSZZ,42,0.9,0.05,0.0629099777161068,0.4844527797507014,-0.008238255403542446
commons-math,AGSZZ,42,0.9,0.1,0.07419570711362614,0.4991995065600044,-0.008238255403542446
commons-math,AGSZZ,42,0.9,0.25,0.07835579604119357,0.5074463783460139,-0.008238255403542446
commons-math,AGSZZ,42,0.95,0.0,0.05965309719486024,0.49327886409314653,-0.04363572101953405
commons-math,AGSZZ,42,0.95,0.05,0.06410092029207369,0.5131602624516981,-0.04363572101953405
commons-math,AGSZZ,42,0.95,0.1,0.07610375866014277,0.5270080502033289,-0.04363572101953405
commons-math,AGSZZ,42,0.95,0.25,0.07968934688731444,0.5318460540934837,-0.04363572101953405
commons-math,AGSZZ,42,0.99,0.0,0.055527656835969635,0.516154034418437,-0.08252057541390181
commons-math,AGSZZ,42,0.99,0.05,0.060443751937252356,0.5379850922335074,-0.08252057541390181
commons-math,AGSZZ,42,0.99,0.1,0.07279439569069952,0.5520443029466594,-0.08252057541390181
commons-math,AGSZZ,42,0.99,0.25,0.07928896297730571,0.5586341321297476,-0.08252057541390181
commons-math,AGSZZ,42,0.995,0.0,0.05264979166575773,0.5171240577993539,-0.03373887700848841
commons-math,AGSZZ,42,0.995,0.05,0.057428441214241545,0.53925843295926,-0.03373887700848841
commons-math,AGSZZ,42,0.995,0.1,0.06931791118479111,0.5534926385092628,-0.03373887700848841
commons-math,AGSZZ,42,0.995,0.25,0.08099963168743594,0.5652512442003482,-0.03373887700848841
commons-math,AGSZZ,42,0.999,0.0,0.033530158641384075,0.5019746092431808,0.055857464448813045
commons-math,AGSZZ,42,0.999,0.05,0.037257258967478266,0.5235055374816856,0.055857464448813045
commons-math,AGSZZ,42,0.999,0.1,0.047576184136117416,0.536951633066149,0.055857464448813045
commons-math,AGSZZ,42,0.999,0.25,0.06585552455022944,0.5559203628417,0.055857464448813045
commons-math,AGSZZ,77,0.9,0.0,0.058173774825067484,0.4608064416281871,0.002094519935608207
commons-math,AGSZZ,77,0.9,0.05,0.062435815721221165,0.4796942573488449,0.002094519935608207
commons-math,AGSZZ,77,0.9,0.1,0.07195773599368856,0.4942398614281833,0.002094519935608207
commons-math,AGSZZ,77,0.9,0.25,0.06589356622669608,0.48458455056460803,0.002094519935608207
commons-math,AGSZZ,77,0.95,0.0,0.05834300570783034,0.49134142076327975,0.016203103011296405
commons-math,AGSZZ,77,0.95,0.05,0.06293668138031099,0.5112224500704695,0.016203103011296405
commons-math,AGSZZ,77,0.95,0.1,0.07361970317381125,0.5246874701660585,0.016203103011296405
commons-math,AGSZZ,77,0.95,0.25,0.0677156409419128,0.5164251866303526,0.016203103011296405
commons-math,AGSZZ,77,0.99,0.0,0.054287805297551985,0.517293781828461,0.0324472406329927
commons-math,AGSZZ,77,0.99,0.05,0.05929207189058597,0.5393362489708166,0.0324472406329927
commons-math,AGSZZ,77,0.99,0.1,0.07106308016908934,0.5530827717746909,0.0324472406329927
commons-math,AGSZZ,77,0.99,0.25,0.07001113704881108,0.5534765433399407,0.0324472406329927
commons-math,AGSZZ,77,0.995,0.0,0.05088302945319628,0.5166685304553266,0.03735825681000785
commons-math,AGSZZ,77,0.995,0.05,0.055697177419163045,0.5389167270191253,0.03735825681000785
commons-math,AGSZZ,77,0.995,0.1,0.06719343017443888,0.5528860751002561,0.03735825681000785
commons-math,AGSZZ,77,0.995,0.25,0.0723584134712607,0.559068776045164,0.03735825681000785
commons-math,AGSZZ,77,0.999,0.0,0.032407191545525724,0.5014072042551507,0.06699750308225304
commons-math,AGSZZ,77,0.999,0.05,0.03618058898474841,0.5230304971669206,0.06699750308225304
commons-math,AGSZZ,77,0.999,0.1,0.04631216610066347,0.5363423642182196,0.06699750308225304
commons-math,AGSZZ,77,0.999,0.25,0.060186834050795786,0.5511148241497736,0.06699750308225304
commons-math,AGSZZ,101,0.9,0.0,0.06822668346001716,0.4725491766090432,0.0023631095892506265
commons-math,AGSZZ,101,0.9,0.05,0.07272848983250738,0.49203432652287715,0.0023631095892506265
commons-math,AGSZZ,101,0.9,0.1,0.08372135119340485,0.5074235144149537,0.0023631095892506265
commons-math,AGSZZ,101,0.9,0.25,0.07868142422415693,0.49927688370439655,0.0023631095892506265
commons-math,AGSZZ,101,0.95,0.0,0.06935614336582505,0.5014941991210988,0.018499538532526477
commons-math,AGSZZ,101,0.95,0.05,0.07423395772674746,0.5217607734341136,0.018499538532526477
commons-math,AGSZZ,101,0.95,0.1,0.08636788788375306,0.536080626898384,0.018499538532526477
commons-math,AGSZZ,101,0.95,0.25,0.08138011294409322,0.5285955498606492,0.018499538532526477
commons-math,AGSZZ,101,0.99,0.0,0.06532912860009532,0.5270833343707731,0.04873435728783909
commons-math,AGSZZ,101,0.99,0.05,0.07069705450624932,0.5494253014015335,0.04873435728783909
commons-math,AGSZZ,101,0.99,0.1,0.0833476751702554,0.5638990905967369,0.04873435728783909
commons-math,AGSZZ,101,0.99,0.25,0.08173787173867299,0.5632472293271955,0.04873435728783909
commons-math,AGSZZ,101,0.995,0.0,0.061055757915034745,0.5253830007370696,0.06132258785819226
commons-math,AGSZZ,101,0.995,0.05,0.0662222117294922,0.5478928235922413,0.06132258785819226
commons-math,AGSZZ,101,0.995,0.1,0.07837626944165932,0.5624002806793449,0.06132258785819226
commons-math,AGSZZ,101,0.995,0.25,0.082119707403703,0.5667034821850376,0.06132258785819226
commons-math,AGSZZ,101,0.999,0.0,0.04453686843660437,0.5118269552114367,0.07418043727099095
commons-math,AGSZZ,101,0.999,0.05,0.04879734701589353,0.5338228904921914,0.07418043727099095
commons-math,AGSZZ,101,0.999,0.1,0.05957432450904181,0.547657492367155,0.07418043727099095
commons-math,AGSZZ,101,0.999,0.25,0.07187442241930715,0.5603611797962073,0.07418043727099095
commons-math,AGSZZ,123,0.9,0.0,0.04909193927779734,0.4545705602530109,0.004171059980439616
commons-math,AGSZZ,123,0.9,0.05,0.052570504309747995,0.4728053329837923,0.004171059980439616
commons-math,AGSZZ,123,0.9,0.1,0.06301015022062635,0.4869779993315559,0.004171059980439616
commons-math,AGSZZ,123,0.9,0.25,0.06923078427185388,0.4932599366295616,0.004171059980439616
commons-math,AGSZZ,123,0.95,0.0,0.0507460416353346,0.4856173291345724,0.004310510003970873
commons-math,AGSZZ,123,0.95,0.05,0.05461594787622302,0.5048774333716407,0.004310510003970873
commons-math,AGSZZ,123,0.95,0.1,0.06579236679790676,0.5179333703414957,0.004310510003970873
commons-math,AGSZZ,123,0.95,0.25,0.07200479542351933,0.5230411275916577,0.004310510003970873
commons-math,AGSZZ,123,0.99,0.0,0.04871149455132549,0.5134886581029581,-0.008385842725012208
commons-math,AGSZZ,123,0.99,0.05,0.05323707505696509,0.5351315486567676,-0.008385842725012208
commons-math,AGSZZ,123,0.99,0.1,0.06469585615714152,0.5485187079394946,-0.008385842725012208
commons-math,AGSZZ,123,0.99,0.25,0.07482741891016642,0.5583260144888085,-0.008385842725012208
commons-math,AGSZZ,123,0.995,0.0,0.04468810740279087,0.5120714586155951,0.02545737522297725
commons-math,AGSZZ,123,0.995,0.05,0.049027670806896954,0.5339088565269207,0.02545737522297725
commons-math,AGSZZ,123,0.995,0.1,0.06001984105455531,0.5473941990741482,0.02545737522297725
commons-math,AGSZZ,123,0.995,0.25,0.07449021105822769,0.5615805182066071,0.02545737522297725
commons-math,AGSZZ,123,0.999,0.0,0.02308349560500598,0.4933946338208931,0.06703247013461125
commons-math,AGSZZ,123,0.999,0.05,0.026248526565185677,0.5144540560603679,0.06703247013461125
commons-math,AGSZZ,123,0.999,0.1,0.03560539230395991,0.5270160278250458,0.06703247013461125
commons-math,AGSZZ,123,0.999,0.25,0.054358893379460635,0.546426915561635,0.06703247013461125
commons-math,AGSZZ,202,0.9,0.0,0.04879624960621039,0.4315885791256201,-0.008239438252390412
commons-math,AGSZZ,202,0.9,0.05,0.05266917039781741,0.44910437581602214,-0.008239438252390412
commons-math,AGSZZ,202,0.9,0.1,0.06136185343502592,0.461467034955611,-0.008239438252390412
commons-math,AGSZZ,202,0.9,0.25,0.06094224572985134,0.4566312223279598,-0.008239438252390412
commons-math,AGSZZ,202,0.95,0.0,0.04720891349862595,0.4627426031875007,-0.04421005602010223
commons-math,AGSZZ,202,0.95,0.05,0.05130815830126207,0.481236661997999,-0.04421005602010223
commons-math,AGSZZ,202,0.95,0.1,0.06134957151550344,0.4928299938858244,-0.04421005602010223
commons-math,AGSZZ,202,0.95,0.25,0.06016824769578718,0.4864807098453551,-0.04421005602010223
commons-math,AGSZZ,202,0.99,0.0,0.04593548925429185,0.5059925656213543,-0.11412321968953323
commons-math,AGSZZ,202,0.99,0.05,0.050534830424309264,0.527486321585405,-0.11412321968953323
commons-math,AGSZZ,202,0.99,0.1,0.062001468523776,0.5407167218068819,-0.11412321968953323
commons-math,AGSZZ,202,0.99,0.25,0.06331075466841272,0.5408126452588329,-0.11412321968953323
commons-math,AGSZZ,202,0.995,0.0,0.04441826757809717,0.5108019133696676,-0.06077734866614515
commons-math,AGSZZ,202,0.995,0.05,0.04891823689182751,0.5327770729379556,-0.06077734866614515
commons-math,AGSZZ,202,0.995,0.1,0.06019706245424782,0.5465512312879133,-0.06077734866614515
commons-math,AGSZZ,202,0.995,0.25,0.06595169246909365,0.5520330764234437,-0.06077734866614515
commons-math,AGSZZ,202,0.999,0.0,0.028574666541513537,0.4985646597788558,0.04258515886896183
commons-math,AGSZZ,202,0.999,0.05,0.03216582774419613,0.5200662932787363,0.04258515886896183
commons-math,AGSZZ,202,0.999,0.1,0.04220585415677314,0.5333467552261594,0.04258515886896183
commons-math,AGSZZ,202,0.999,0.25,0.05395437748960577,0.5457290098935461,0.04258515886896183
commons-math,AGSZZ,314,0.9,0.0,0.04611425366756112,0.4330594215978648,0.004167993342484722
commons-math,AGSZZ,314,0.9,0.05,0.04951969450902424,0.45048921118108676,0.004167993342484722
commons-math,AGSZZ,314,0.9,0.1,0.05955088674083026,0.4633157895908664,0.004167993342484722
commons-math,AGSZZ,314,0.9,0.25,0.0636444677030068,0.4642882693074094,0.004167993342484722
commons-math,AGSZZ,314,0.95,0.0,0.04478457590092943,0.4615183407855346,0.003661371876251148
commons-math,AGSZZ,314,0.95,0.05,0.04845107278112848,0.4797307547820392,0.003661371876251148
commons-math,AGSZZ,314,0.95,0.1,0.05942526656278379,0.4917414291765786,0.003661371876251148
commons-math,AGSZZ,314,0.95,0.25,0.06272466008834154,0.49126650760389046,0.003661371876251148
commons-math,AGSZZ,314,0.99,0.0,0.04184510522259343,0.5008729853329043,-0.049726215229961145
commons-math,AGSZZ,314,0.99,0.05,0.04604219565085951,0.5219010389999506,-0.049726215229961145
commons-math,AGSZZ,314,0.99,0.1,0.05764187432614036,0.5351210084994398,-0.049726215229961145
commons-math,AGSZZ,314,0.99,0.25,0.06356900574638398,0.5401777053710648,-0.049726215229961145
commons-math,AGSZZ,314,0.995,0.0,0.040818910062991154,0.5062008700985782,-0.03789742244805675
commons-math,AGSZZ,314,0.995,0.05,0.04497585838215312,0.5277612424538161,-0.03789742244805675
commons-math,AGSZZ,314,0.995,0.1,0.05623450334425176,0.5414206418155348,-0.03789742244805675
commons-math,AGSZZ,314,0.995,0.25,0.06726113288402268,0.5522179336366263,-0.03789742244805675
commons-math,AGSZZ,314,0.999,0.0,0.026539319199965605,0.4958856219765278,0.03805505685732941
commons-math,AGSZZ,314,0.999,0.05,0.029899057767177425,0.5170965799037655,0.03805505685732941
commons-math,AGSZZ,314,0.999,0.1,0.03986998232519552,0.530252532065256,0.03805505685732941
commons-math,AGSZZ,314,0.999,0.25,0.05768695556672112,0.5487119113840566,0.03805505685732941
commons-math,AGSZZ,999,0.9,0.0,0.05211221744673861,0.43529915920562096,0.0024408795194402707
commons-math,AGSZZ,999,0.9,0.05,0.05588708050848287,0.4525047258656311,0.0024408795194402707
commons-math,AGSZZ,999,0.9,0.1,0.06504604903795662,0.4653821121937092,0.0024408795194402707
commons-math,AGSZZ,999,0.9,0.25,0.062176586024419424,0.45880549059039427,0.0024408795194402707
commons-math,AGSZZ,999,0.95,0.0,0.05194577691417641,0.4675963796164214,0.01952082668755122
commons-math,AGSZZ,999,0.95,0.05,0.05606629415669165,0.4859751106141738,0.01952082668755122
commons-math,AGSZZ,999,0.95,0.1,0.06595282996503614,0.49735533389025,0.01952082668755122
commons-math,AGSZZ,999,0.95,0.25,0.0633014950895868,0.49039152702447164,0.01952082668755122
commons-math,AGSZZ,999,0.99,0.0,0.05153433700731293,0.5108605470711671,0.018193974188645993
commons-math,AGSZZ,999,0.99,0.05,0.05637563704750936,0.5325170374346511,0.018193974188645993
commons-math,AGSZZ,999,0.99,0.1,0.06725640873519338,0.5450735861256795,0.018193974188645993
commons-math,AGSZZ,999,0.99,0.25,0.06780666504377914,0.5453553903306966,0.018193974188645993
commons-math,AGSZZ,999,0.995,0.0,0.050926025380085824,0.5155457024091172,0.016869518365291315
commons-math,AGSZZ,999,0.995,0.05,0.0557375935626023,0.5377101104695091,0.016869518365291315
commons-math,AGSZZ,999,0.995,0.1,0.06661993133376255,0.5509427112281514,0.016869518365291315
commons-math,AGSZZ,999,0.995,0.25,0.07261621620342275,0.5569102145871722,0.016869518365291315
commons-math,AGSZZ,999,0.999,0.0,0.03909359319035684,0.5066153563170012,0.05711737589650245
commons-math,AGSZZ,999,0.999,0.05,0.04322103435819768,0.5285022935984092,0.05711737589650245
commons-math,AGSZZ,999,0.999,0.1,0.05326338153258404,0.5415877097755136,0.05711737589650245
commons-math,AGSZZ,999,0.999,0.25,0.0673560757758842,0.5557781379815862,0.05711737589650245
commons-math,MASZZ,7,0.9,0.0,0.04870251616423596,0.44070544244016335,0.0005303218967317106
commons-math,MASZZ,7,0.9,0.05,0.05242789971085588,0.45835917441221247,0.0005303218967317106
commons-math,MASZZ,7,0.9,0.1,0.06282934364095345,0.4718662495235706,0.0005303218967317106
commons-math,MASZZ,7,0.9,0.25,0.06807359907081338,0.46966942537543815,0.0005303218967317106
commons-math,MASZZ,7,0.95,0.0,0.049602909648717455,0.4705560033524914,0.00863786341032692
commons-math,MASZZ,7,0.95,0.05,0.05367886128387391,0.4892176808167613,0.00863786341032692
commons-math,MASZZ,7,0.95,0.1,0.06457417223330696,0.5013878208897833,0.00863786341032692
commons-math,MASZZ,7,0.95,0.25,0.06913166617198109,0.4991000985943883,0.00863786341032692
commons-math,MASZZ,7,0.99,0.0,0.04813255941735761,0.5084418575010519,0.004112892311373416
commons-math,MASZZ,7,0.99,0.05,0.052797593210185616,0.5299969427525171,0.004112892311373416
commons-math,MASZZ,7,0.99,0.1,0.06420085417892032,0.5430949397011636,0.004112892311373416
commons-math,MASZZ,7,0.99,0.25,0.07139867140019458,0.548441122319506,0.004112892311373416
commons-math,MASZZ,7,0.995,0.0,0.044969992854240325,0.5092478978377276,0.02394926908134094
commons-math,MASZZ,7,0.995,0.05,0.04946474858254592,0.5310939428329603,0.02394926908134094
commons-math,MASZZ,7,0.995,0.1,0.06055708956241811,0.5445121830800321,0.02394926908134094
commons-math,MASZZ,7,0.995,0.25,0.07166936499543325,0.5542842963765724,0.02394926908134094
commons-math,MASZZ,7,0.999,0.0,0.02711413746944833,0.49651867363309327,0.053168612414890896
commons-math,MASZZ,7,0.999,0.05,0.030605111629618327,0.5178790557847979,0.053168612414890896
commons-math,MASZZ,7,0.999,0.1,0.040350874453966956,0.5307955196871706,0.053168612414890896
commons-math,MASZZ,7,0.999,0.25,0.056192949682398664,0.5468090068300591,0.053168612414890896
commons-math,MASZZ,13,0.9,0.0,0.05203357650944417,0.4589486541497143,0.0008300523663245423
commons-math,MASZZ,13,0.9,0.05,0.056202073090329895,0.47799781175297645,0.0008300523663245423
commons-math,MASZZ,13,0.9,0.1,0.066184963772897,0.4920495266642228,0.0008300523663245423
commons-math,MASZZ,13,0.9,0.25,0.05957165773697333,0.48530462035973676,0.0008300523663245423
commons-math,MASZZ,13,0.95,0.0,0.05163618216908723,0.48620929061390394,0.011726504974959317
commons-math,MASZZ,13,0.95,0.05,0.056069408653753094,0.506035877620689,0.011726504974959317
commons-math,MASZZ,13,0.95,0.1,0.06705008996055094,0.5192100602538763,0.011726504974959317
commons-math,MASZZ,13,0.95,0.25,0.06033790767687583,0.5111992890256989,0.011726504974959317
commons-math,MASZZ,13,0.99,0.0,0.04596752873228854,0.5092623561306286,0.016482047662518175
commons-math,MASZZ,13,0.99,0.05,0.05061135939699539,0.530979045210007,0.016482047662518175
commons-math,MASZZ,13,0.99,0.1,0.06253095398652202,0.5447620899495912,0.016482047662518175
commons-math,MASZZ,13,0.99,0.25,0.05726005583366331,0.5402810194900651,0.016482047662518175
commons-math,MASZZ,13,0.995,0.0,0.04370584418994711,0.5099499961653626,0.010709573448460807
commons-math,MASZZ,13,0.995,0.05,0.04820068161259988,0.5319209632105516,0.010709573448460807
commons-math,MASZZ,13,0.995,0.1,0.059823972084127895,0.5459940112976871,0.010709573448460807
commons-math,MASZZ,13,0.995,0.25,0.05992370945070007,0.5465921578776286,0.010709573448460807
commons-math,MASZZ,13,0.999,0.0,0.03289949253233877,0.5020134142057208,0.03960590195927811
commons-math,MASZZ,13,0.999,0.05,0.036742146409750966,0.523728448420069,0.03960590195927811
commons-math,MASZZ,13,0.999,0.1,0.047349169394987796,0.5375214373498134,0.03960590195927811
commons-math,MASZZ,13,0.999,0.25,0.05705398111223211,0.5477616794107562,0.03960590195927811
commons-math,MASZZ,21,0.9,0.0,0.04962901518137841,0.4478940792659622,-0.008238577657025034
commons-math,MASZZ,21,0.9,0.05,0.05354569698752367,0.46626671400295483,-0.008238577657025034
commons-math,MASZZ,21,0.9,0.1,0.06356349127769861,0.4804093589719372,-0.008238577657025034
commons-math,MASZZ,21,0.9,0.25,0.05821389077109445,0.47335146314835974,-0.008238577657025034
commons-math,MASZZ,21,0.95,0.0,0.04926995579874195,0.47678402586314717,-0.04372358883766136
commons-math,MASZZ,21,0.95,0.05,0.053477506353619454,0.49601594766915014,-0.04372358883766136
commons-math,MASZZ,21,0.95,0.1,0.06467011040339887,0.5092344879569344,-0.04372358883766136
commons-math,MASZZ,21,0.95,0.25,0.0585468899738091,0.5015072455663002,-0.04372358883766136
commons-math,MASZZ,21,0.99,0.0,0.0469796291604169,0.5082996306549907,-0.0897037646251113
commons-math,MASZZ,21,0.99,0.05,0.0516338388588346,0.5299146206247306,-0.0897037646251113
commons-math,MASZZ,21,0.99,0.1,0.06372941805928982,0.5438090279493688,-0.0897037646251113
commons-math,MASZZ,21,0.99,0.25,0.06039041718527942,0.5411510521153338,-0.0897037646251113
commons-math,MASZZ,21,0.995,0.0,0.04508233909765955,0.5107815471978527,-0.04147364945653083
commons-math,MASZZ,21,0.995,0.05,0.049617204718692375,0.5327556365437788,-0.04147364945653083
commons-math,MASZZ,21,0.995,0.1,0.06137869765202531,0.546953363669278,-0.04147364945653083
commons-math,MASZZ,21,0.995,0.25,0.0634167715705384,0.5498697574965753,-0.04147364945653083
commons-math,MASZZ,21,0.999,0.0,0.02933122527050883,0.4987792474472347,0.042622913821684184
commons-math,MASZZ,21,0.999,0.05,0.032962142892675884,0.5202921573187085,0.042622913821684184
commons-math,MASZZ,21,0.999,0.1,0.0433717597611234,0.5339113318072894,0.042622913821684184
commons-math,MASZZ,21,0.999,0.25,0.053263051044121365,0.5450921896269764,0.042622913821684184
commons-math,MASZZ,42,0.9,0.0,0.05183714688038482,0.4566236223143005,0.00141312415916
commons-math,MASZZ,42,0.9,0.05,0.05584492167411773,0.47540999105149206,0.00141312415916
commons-math,MASZZ,42,0.9,0.1,0.06434590806496365,0.488628880120072,0.00141312415916
commons-math,MASZZ,42,0.9,0.25,0.06415435784761435,0.489633988585291,0.00141312415916
commons-math,MASZZ,42,0.95,0.0,0.052829721174356414,0.4875755829255992,0.014516955304959432
commons-math,MASZZ,42,0.95,0.05,0.05720551850543166,0.5073485833383433,0.014516955304959432
commons-math,MASZZ,42,0.95,0.1,0.06604777676837956,0.5183249796021031,0.014516955304959432
commons-math,MASZZ,42,0.95,0.25,0.06626488941906018,0.5185990550067946,0.014516955304959432
commons-math,MASZZ,42,0.99,0.0,0.04706314506024461,0.5131719807049704,0.04054654923749984
commons-math,MASZZ,42,0.99,0.05,0.05171671405349581,0.5350365646802278,0.04054654923749984
commons-math,MASZZ,42,0.99,0.1,0.060669666960394664,0.5455068039042178,0.04054654923749984
commons-math,MASZZ,42,0.99,0.25,0.06314798786933601,0.5484892337213315,0.04054654923749984
commons-math,MASZZ,42,0.995,0.0,0.043556461513570253,0.5122319029740614,0.041334706725557745
commons-math,MASZZ,42,0.995,0.05,0.04800769282892872,0.5342776471210733,0.041334706725557745
commons-math,MASZZ,42,0.995,0.1,0.05682803153358857,0.5451248207885416,0.041334706725557745
commons-math,MASZZ,42,0.995,0.25,0.06356308586880084,0.5519459302722194,0.041334706725557745
commons-math,MASZZ,42,0.999,0.0,0.02916078380388992,0.5000149667969109,0.05167505387499971
commons-math,MASZZ,42,0.999,0.05,0.03278036880781983,0.5215895342113929,0.05167505387499971
commons-math,MASZZ,42,0.999,0.1,0.04071972264154316,0.532194040161062,0.05167505387499971
commons-math,MASZZ,42,0.999,0.25,0.05383603015060568,0.5456385594684223,0.05167505387499971
commons-math,MASZZ,77,0.9,0.0,0.05117444616805315,0.4285522676497026,0.004171708221860224
commons-math,MASZZ,77,0.9,0.05,0.05500021344794215,0.44584893743782145,0.004171708221860224
commons-math,MASZZ,77,0.9,0.1,0.06551731365762167,0.45870376472388985,0.004171708221860224
commons-math,MASZZ,77,0.9,0.25,0.05824190342746821,0.44245851368444294,0.004171708221860224
commons-math,MASZZ,77,0.95,0.0,0.049467093791786265,0.46030880835005833,0.0036791173268358006
commons-math,MASZZ,77,0.95,0.05,0.05353681725319709,0.4785887126416568,0.0036791173268358006
commons-math,MASZZ,77,0.95,0.1,0.06470841104959407,0.4905282268111002,0.0036791173268358006
commons-math,MASZZ,77,0.95,0.25,0.05661888496139639,0.4753823512697062,0.0036791173268358006
commons-math,MASZZ,77,0.99,0.0,0.048017262899270774,0.5050430676557564,-0.055399784137095016
commons-math,MASZZ,77,0.99,0.05,0.052640754168319495,0.5264004527497954,-0.055399784137095016
commons-math,MASZZ,77,0.99,0.1,0.06456753777018805,0.5398217928775564,-0.055399784137095016
commons-math,MASZZ,77,0.99,0.25,0.05945242507375184,0.5345817576014865,-0.055399784137095016
commons-math,MASZZ,77,0.995,0.0,0.047642521861699115,0.5108198855063568,-0.03505160062273581
commons-math,MASZZ,77,0.995,0.05,0.05224268229560892,0.5327200827751748,-0.03505160062273581
commons-math,MASZZ,77,0.995,0.1,0.06393784527129685,0.5466815462726078,-0.03505160062273581
commons-math,MASZZ,77,0.995,0.25,0.0653764806280385,0.5481863487619009,-0.03505160062273581
commons-math,MASZZ,77,0.999,0.0,0.03885654691918995,0.5068461546167895,0.03308371158302606
commons-math,MASZZ,77,0.999,0.05,0.04293267601940491,0.5287175657679547,0.03308371158302606
commons-math,MASZZ,77,0.999,0.1,0.05371066223147623,0.5426038642108493,0.03308371158302606
commons-math,MASZZ,77,0.999,0.25,0.0659856703288252,0.5551517299207084,0.03308371158302606
commons-math,MASZZ,101,0.9,0.0,0.03976562675602653,0.4420728466513022,0.004173324731111937
commons-math,MASZZ,101,0.9,0.05,0.04307707769479137,0.45978686488426057,0.004173324731111937
commons-math,MASZZ,101,0.9,0.1,0.0525635561613417,0.4731446170075897,0.004173324731111937
commons-math,MASZZ,101,0.9,0.25,0.05095164428771139,0.4667145289071912,0.004173324731111937
commons-math,MASZZ,101,0.95,0.0,0.03931478871882162,0.47206302601727607,0.004343584600641695
commons-math,MASZZ,101,0.95,0.05,0.04287640025912109,0.490807403644242,0.004343584600641695
commons-math,MASZZ,101,0.95,0.1,0.052978006325066274,0.5026834976658425,0.004343584600641695
commons-math,MASZZ,101,0.95,0.25,0.050459912350918415,0.4964331485950459,0.004343584600641695
commons-math,MASZZ,101,0.99,0.0,0.03672445932647161,0.5009001315031809,-0.02105407427124137
commons-math,MASZZ,101,0.99,0.05,0.04080186861359856,0.5220711713569032,-0.02105407427124137
commons-math,MASZZ,101,0.99,0.1,0.05140983982109271,0.5345213002023456,-0.02105407427124137
commons-math,MASZZ,101,0.99,0.25,0.05136392032086462,0.534474354596134,-0.02105407427124137
commons-math,MASZZ,101,0.995,0.0,0.034566783058898945,0.5024180255523266,0.003801365157275056
commons-math,MASZZ,101,0.995,0.05,0.03852443099425065,0.523916141384831,0.003801365157275056
commons-math,MASZZ,101,0.995,0.1,0.04889727638846495,0.5367871357697118,0.003801365157275056
commons-math,MASZZ,101,0.995,0.25,0.053611917136192955,0.541574236275721,0.003801365157275056
commons-math,MASZZ,101,0.999,0.0,0.018210780062197857,0.4899129316309588,0.04679475786810904
commons-math,MASZZ,101,0.999,0.05,0.021241496511328988,0.5109356978037287,0.04679475786810904
commons-math,MASZZ,101,0.999,0.1,0.030381258937629448,0.5233611271845342,0.04679475786810904
commons-math,MASZZ,101,0.999,0.25,0.041412688314523986,0.5351624606872458,0.04679475786810904
commons-math,MASZZ,123,0.9,0.0,0.05968968134311582,0.46545999475419625,0.0020979513212593835
commons-math,MASZZ,123,0.9,0.05,0.06412293055259816,0.48473169464210764,0.0020979513212593835
commons-math,MASZZ,123,0.9,0.1,0.0733065060144602,0.49806372951656536,0.0020979513212593835
commons-math,MASZZ,123,0.9,0.25,0.06880002342798751,0.49363179700221005,0.0020979513212593835
commons-math,MASZZ,123,0.95,0.0,0.06144089002690364,0.4959952631349819,0.01654169986963611
commons-math,MASZZ,123,0.95,0.05,0.06627843253363355,0.5162231036802433,0.01654169986963611
commons-math,MASZZ,123,0.95,0.1,0.07610436479656546,0.5279827287632772,0.01654169986963611
commons-math,MASZZ,123,0.95,0.25,0.07196902167787914,0.523179857609683,0.01654169986963611
commons-math,MASZZ,123,0.99,0.0,0.05778265327974914,0.521520614414176,0.04300330403184556
commons-math,MASZZ,123,0.99,0.05,0.06300202592008178,0.5438271036792892,0.04300330403184556
commons-math,MASZZ,123,0.99,0.1,0.07292044873562156,0.555240619557644,0.04300330403184556
commons-math,MASZZ,123,0.99,0.25,0.07203432489174268,0.5556490935079835,0.04300330403184556
commons-math,MASZZ,123,0.995,0.0,0.0546595993201559,0.52065044402219,0.04547538671463313
commons-math,MASZZ,123,0.995,0.05,0.05969601679670652,0.5431408489823399,0.04547538671463313
commons-math,MASZZ,123,0.995,0.1,0.06939605398165723,0.554785999050393,0.04547538671463313
commons-math,MASZZ,123,0.995,0.25,0.07333185376285775,0.5596729893498888,0.04547538671463313
commons-math,MASZZ,123,0.999,0.0,0.04146416577961792,0.5093578693648603,0.05907006201518038
commons-math,MASZZ,123,0.999,0.05,0.04573147637999999,0.5314250419382592,0.05907006201518038
commons-math,MASZZ,123,0.999,0.1,0.054528940199424086,0.5427605130305522,0.05907006201518038
commons-math,MASZZ,123,0.999,0.25,0.0660360273162008,0.5552534524299886,0.05907006201518038
commons-math,MASZZ,202,0.9,0.0,0.05428136934509187,0.44953283223935026,-0.008238808121873645
commons-math,MASZZ,202,0.9,0.05,0.05826187129364203,0.4679345590895367,-0.008238808121873645
commons-math,MASZZ,202,0.9,0.1,0.0678612553089554,0.4818329534204915,-0.008238808121873645
commons-math,MASZZ,202,0.9,0.25,0.06425479357473095,0.4736215041125013,-0.008238808121873645
commons-math,MASZZ,202,0.95,0.0,0.05317860328741807,0.47803882185080526,-0.04383317631349168
commons-math,MASZZ,202,0.95,0.05,0.0573991216630269,0.4972239604875,-0.04383317631349168
commons-math,MASZZ,202,0.95,0.1,0.06807782295911632,0.5099153712046747,-0.04383317631349168
commons-math,MASZZ,202,0.95,0.25,0.06366785016970387,0.5020428984248054,-0.04383317631349168
commons-math,MASZZ,202,0.99,0.0,0.04801812361170403,0.5077030417669994,-0.09091808020700749
commons-math,MASZZ,202,0.99,0.05,0.052588201020281646,0.5291518640772147,-0.09091808020700749
commons-math,MASZZ,202,0.99,0.1,0.06415496397092363,0.5424210774589011,-0.09091808020700749
commons-math,MASZZ,202,0.99,0.25,0.061232946321680144,0.5399218017305619,-0.09091808020700749
commons-math,MASZZ,202,0.995,0.0,0.04508851400031044,0.5097014979309509,-0.03834144463938095
commons-math,MASZZ,202,0.995,0.05,0.04950757276291424,0.5314965542266217,-0.03834144463938095
commons-math,MASZZ,202,0.995,0.1,0.06077054496653225,0.545133205106221,-0.03834144463938095
commons-math,MASZZ,202,0.995,0.25,0.0631681421771623,0.547850149110836,-0.03834144463938095
commons-math,MASZZ,202,0.999,0.0,0.03141865421336419,0.500594094861255,0.03886979146142173
commons-math,MASZZ,202,0.999,0.05,0.03506395241838224,0.5220939055199459,0.03886979146142173
commons-math,MASZZ,202,0.999,0.1,0.04519204643991377,0.5354031822838764,0.03886979146142173
commons-math,MASZZ,202,0.999,0.25,0.056484746367908505,0.547209173576751,0.03886979146142173
commons-math,MASZZ,314,0.9,0.0,0.05313566302656429,0.44899686764742985,0.005790985860580289
commons-math,MASZZ,314,0.9,0.05,0.057180688652989496,0.4674657388230854,0.005790985860580289
commons-math,MASZZ,314,0.9,0.1,0.06853999458474672,0.4815838269028713,0.005790985860580289
commons-math,MASZZ,314,0.9,0.25,0.06516953232951457,0.4777797111142059,0.005790985860580289
commons-math,MASZZ,314,0.95,0.0,0.05300281722899609,0.480122562698729,0.026186520611782577
commons-math,MASZZ,314,0.95,0.05,0.0573138923687463,0.4995154354431863,0.026186520611782577
commons-math,MASZZ,314,0.95,0.1,0.06977151324734084,0.5132612860090037,0.026186520611782577
commons-math,MASZZ,314,0.95,0.25,0.06551481387028397,0.5079063078365973,0.026186520611782577
commons-math,MASZZ,314,0.99,0.0,0.0466627162359145,0.5072659436497025,0.024929763230055087
commons-math,MASZZ,314,0.99,0.05,0.051202635717479746,0.5287417610112894,0.024929763230055087
commons-math,MASZZ,314,0.99,0.1,0.06376103957088737,0.5429777404373397,0.024929763230055087
commons-math,MASZZ,314,0.99,0.25,0.06253819615830436,0.5423295263650061,0.024929763230055087
commons-math,MASZZ,314,0.995,0.0,0.04286868743650448,0.507319353005926,0.027890171409063785
commons-math,MASZZ,314,0.995,0.05,0.04720202199186782,0.5290289117849751,0.027890171409063785
commons-math,MASZZ,314,0.995,0.1,0.0591182925223587,0.5432757927617988,0.027890171409063785
commons-math,MASZZ,314,0.995,0.25,0.06368449279730234,0.5481804081353714,0.027890171409063785
commons-math,MASZZ,314,0.999,0.0,0.030279727993926937,0.4986880235358819,0.040410926407008343
commons-math,MASZZ,314,0.999,0.05,0.033888380362623725,0.5201191760249215,0.040410926407008343
commons-math,MASZZ,314,0.999,0.1,0.04448334542580148,0.5338512118015364,0.040410926407008343
commons-math,MASZZ,314,0.999,0.25,0.058209638792315464,0.5482894128141899,0.040410926407008343
commons-math,MASZZ,999,0.9,0.0,0.053096419589478416,0.4420786180273896,0.004632099246372443
commons-math,MASZZ,999,0.9,0.05,0.057258312177796374,0.4602391286467374,0.004632099246372443
commons-math,MASZZ,999,0.9,0.1,0.06676934787307409,0.4733124079459791,0.004632099246372443
commons-math,MASZZ,999,0.9,0.25,0.06548512570437931,0.46885912993638534,0.004632099246372443
commons-math,MASZZ,999,0.95,0.0,0.05255012242469959,0.4711353208370083,0.021601611275858974
commons-math,MASZZ,999,0.95,0.05,0.056986292002966364,0.4901416292021141,0.021601611275858974
commons-math,MASZZ,999,0.95,0.1,0.06765410564294097,0.502284765932478,0.021601611275858974
commons-math,MASZZ,999,0.95,0.25,0.06615796412623799,0.49743754413872365,0.021601611275858974
commons-math,MASZZ,999,0.99,0.0,0.04912236605544148,0.510200197981212,0.02189038089637317
commons-math,MASZZ,999,0.99,0.05,0.05390741466122218,0.5319379428141171,0.02189038089637317
commons-math,MASZZ,999,0.99,0.1,0.06578358633809228,0.5455712145889557,0.02189038089637317
commons-math,MASZZ,999,0.99,0.25,0.06917664808043388,0.5491716704471125,0.02189038089637317
commons-math,MASZZ,999,0.995,0.0,0.046297625123047775,0.5119861155635287,0.031575711996216116
commons-math,MASZZ,999,0.995,0.05,0.05090928458124904,0.5340403383871194,0.031575711996216116
commons-math,MASZZ,999,0.995,0.1,0.06251184560301266,0.5480713543162384,0.031575711996216116
commons-math,MASZZ,999,0.995,0.25,0.07200730533737382,0.5578507804192189,0.031575711996216116
commons-math,MASZZ,999,0.999,0.0,0.028019568189179906,0.4972128879271035,0.0641021002358938
commons-math,MASZZ,999,0.999,0.05,0.03159072646998051,0.5186559961885144,0.0641021002358938
commons-math,MASZZ,999,0.999,0.1,0.04179097231092651,0.5320491806588651,0.0641021002358938
commons-math,MASZZ,999,0.999,0.25,0.059036227672263894,0.5500013611183784,0.0641021002358938
commons-math,LSZZ,7,0.9,0.0,0.09743388648464721,0.4907287572198684,0.018260878222374596
commons-math,LSZZ,7,0.9,0.05,0.10466665264403237,0.5117188666635775,0.018260878222374596
commons-math,LSZZ,7,0.9,0.1,0.11711729933618713,0.5265753896059578,0.018260878222374596
commons-math,LSZZ,7,0.9,0.25,0.13014811747522412,0.5401836641367324,0.018260878222374596
commons-math,LSZZ,7,0.95,0.0,0.10221740816799198,0.5176872190013172,0.04390216988722281
commons-math,LSZZ,7,0.95,0.05,0.10989310773445737,0.5395623605120442,0.04390216988722281
commons-math,LSZZ,7,0.95,0.1,0.12316484179690307,0.5530657358591434,0.04390216988722281
commons-math,LSZZ,7,0.95,0.25,0.13702865848452078,0.5635164193371138,0.04390216988722281
commons-math,LSZZ,7,0.99,0.0,0.0971165465171905,0.5429854109583493,-0.0028851944130076517
commons-math,LSZZ,7,0.99,0.05,0.10459857837720561,0.5666491922609035,-0.0028851944130076517
commons-math,LSZZ,7,0.99,0.1,0.1174799897360236,0.5800136051277344,-0.0028851944130076517
commons-math,LSZZ,7,0.99,0.25,0.13645748115586534,0.5949911965850061,-0.0028851944130076517
commons-math,LSZZ,7,0.995,0.0,0.09318285858268689,0.5448901001803338,0.018098807352329598
commons-math,LSZZ,7,0.995,0.05,0.10033446621382673,0.5687808087159348,0.018098807352329598
commons-math,LSZZ,7,0.995,0.1,0.11268793977690918,0.5822815719307869,0.018098807352329598
commons-math,LSZZ,7,0.995,0.25,0.13649038790760132,0.6022206515491105,0.018098807352329598
commons-math,LSZZ,7,0.999,0.0,0.0672534681631013,0.5266583614879756,0.08788452397013578
commons-math,LSZZ,7,0.999,0.05,0.07289229260536421,0.5496772485608932,0.08788452397013578
commons-math,LSZZ,7,0.999,0.1,0.08333648449218925,0.5621691432504283,0.08788452397013578
commons-math,LSZZ,7,0.999,0.25,0.1109266501153581,0.5874086460281107,0.08788452397013578
commons-math,LSZZ,13,0.9,0.0,0.08480804483668482,0.4825664163368029,-0.0010644481587246918
commons-math,LSZZ,13,0.9,0.05,0.09123618285125541,0.5029274340865939,-0.0010644481587246918
commons-math,LSZZ,13,0.9,0.1,0.10166944409738174,0.5166742017182062,-0.0010644481587246918
commons-math,LSZZ,13,0.9,0.25,0.11209553586782924,0.525832366400598,-0.0010644481587246918
commons-math,LSZZ,13,0.95,0.0,0.08980900558361318,0.5094544486018213,-0.013136794076563091
commons-math,LSZZ,13,0.95,0.05,0.09677954695049637,0.5307657254081807,-0.013136794076563091
commons-math,LSZZ,13,0.95,0.1,0.10762877211131666,0.5427372206625501,-0.013136794076563091
commons-math,LSZZ,13,0.95,0.25,0.11775631694658051,0.5494165500935082,-0.013136794076563091
commons-math,LSZZ,13,0.99,0.0,0.08805731900217226,0.5392912686970852,-0.033740894286195124
commons-math,LSZZ,13,0.99,0.05,0.09554641914745918,0.5631347102274482,-0.033740894286195124
commons-math,LSZZ,13,0.99,0.1,0.10562893368464632,0.5747214363955583,-0.033740894286195124
commons-math,LSZZ,13,0.99,0.25,0.11878271653475755,0.5854044318181731,-0.033740894286195124
commons-math,LSZZ,13,0.995,0.0,0.08528359003172029,0.5411108330996632,0.0021007659947757163
commons-math,LSZZ,13,0.995,0.05,0.0926184630808847,0.5653270133004369,0.0021007659947757163
commons-math,LSZZ,13,0.995,0.1,0.10271148135633337,0.5774333006842305,0.0021007659947757163
commons-math,LSZZ,13,0.995,0.25,0.12065251060886566,0.5928266364171327,0.0021007659947757163
commons-math,LSZZ,13,0.999,0.0,0.0626580396694304,0.5241496604314911,0.07398381660284839
commons-math,LSZZ,13,0.999,0.05,0.06872463696868454,0.5476839094170177,0.07398381660284839
commons-math,LSZZ,13,0.999,0.1,0.0777243252294321,0.5594539571345378,0.07398381660284839
commons-math,LSZZ,13,0.999,0.25,0.10079012351565156,0.5812327849205812,0.07398381660284839
commons-math,LSZZ,21,0.9,0.0,0.07490371421293004,0.47488265990281947,-0.001151190575484526
commons-math,LSZZ,21,0.9,0.05,0.0808559776223735,0.4949708521507383,-0.001151190575484526
commons-math,LSZZ,21,0.9,0.1,0.08804194237426302,0.5060085696039115,-0.001151190575484526
commons-math,LSZZ,21,0.9,0.25,0.09980829694947417,0.5209965568921464,-0.001151190575484526
commons-math,LSZZ,21,0.95,0.0,0.0775953831977284,0.5000663068913788,-0.013539449371679993
commons-math,LSZZ,21,0.95,0.05,0.08398627032853496,0.5209846386679989,-0.013539449371679993
commons-math,LSZZ,21,0.95,0.1,0.09211911059957564,0.5305634828473945,-0.013539449371679993
commons-math,LSZZ,21,0.95,0.25,0.10501160631298181,0.5421776154551384,-0.013539449371679993
commons-math,LSZZ,21,0.99,0.0,0.07210407105780614,0.52499477463575,-0.04022376993186873
commons-math,LSZZ,21,0.99,0.05,0.0787897657546522,0.5481331097645549,-0.04022376993186873
commons-math,LSZZ,21,0.99,0.1,0.08760798603320273,0.5584425064598258,-0.04022376993186873
commons-math,LSZZ,21,0.99,0.25,0.10414434129247938,0.5725038674489148,-0.04022376993186873
commons-math,LSZZ,21,0.995,0.0,0.0674130901856719,0.5254540120098193,-0.006944135993015196
commons-math,LSZZ,21,0.995,0.05,0.07383726338654317,0.5488847603872152,-0.006944135993015196
commons-math,LSZZ,21,0.995,0.1,0.08295412697609801,0.559982426485449,-0.006944135993015196
commons-math,LSZZ,21,0.995,0.25,0.10392802312674174,0.5784542396642071,-0.006944135993015196
commons-math,LSZZ,21,0.999,0.0,0.036352635601174264,0.5003122162004029,0.06553991107961288
commons-math,LSZZ,21,0.999,0.05,0.041059697137524186,0.5226240900643991,0.06553991107961288
commons-math,LSZZ,21,0.999,0.1,0.04887043357123444,0.533194892112628,0.06553991107961288
commons-math,LSZZ,21,0.999,0.25,0.07205777535080551,0.5552397168723551,0.06553991107961288
commons-math,LSZZ,42,0.9,0.0,0.0865083972149805,0.4993560527047029,-0.0010519429715883147
commons-math,LSZZ,42,0.9,0.05,0.09337504946834985,0.5209835817921975,-0.0010519429715883147
commons-math,LSZZ,42,0.9,0.1,0.1068753582608645,0.5365443565255417,-0.0010519429715883147
commons-math,LSZZ,42,0.9,0.25,0.12775263146648017,0.563351159397129,-0.0010519429715883147
commons-math,LSZZ,42,0.95,0.0,0.0899057960561292,0.5182419048337065,-0.012986221614523608
commons-math,LSZZ,42,0.95,0.05,0.09721274161723664,0.5403668186206712,-0.012986221614523608
commons-math,LSZZ,42,0.95,0.1,0.11091148613680227,0.554497585889953,-0.012986221614523608
commons-math,LSZZ,42,0.95,0.25,0.13303652668634242,0.5769111611065011,-0.012986221614523608
commons-math,LSZZ,42,0.99,0.0,0.08999945649123668,0.5420874871295472,-0.03417730330020269
commons-math,LSZZ,42,0.99,0.05,0.09779252809584997,0.5663062731697132,-0.03417730330020269
commons-math,LSZZ,42,0.99,0.1,0.11101817758323333,0.5805527630727864,-0.03417730330020269
commons-math,LSZZ,42,0.99,0.25,0.13589896872687754,0.6024180673750013,-0.03417730330020269
commons-math,LSZZ,42,0.995,0.0,0.08612548683817751,0.5415377448960732,0.019209429694867382
commons-math,LSZZ,42,0.995,0.05,0.09367291049203988,0.5659689105464161,0.019209429694867382
commons-math,LSZZ,42,0.995,0.1,0.10669759434892044,0.5805881780403074,0.019209429694867382
commons-math,LSZZ,42,0.995,0.25,0.13564111608823312,0.6062185785913031,0.019209429694867382
commons-math,LSZZ,42,0.999,0.0,0.052355061112901904,0.5137158773703646,0.10299059703539956
commons-math,LSZZ,42,0.999,0.05,0.05801784508437757,0.5368628115291165,0.10299059703539956
commons-math,LSZZ,42,0.999,0.1,0.06905084046383206,0.5504111637903074,0.10299059703539956
commons-math,LSZZ,42,0.999,0.25,0.09977602650133544,0.5794496395334044,0.10299059703539956
commons-math,LSZZ,77,0.9,0.0,0.09715234545182677,0.5217374692345679,0.01193470872530186
commons-math,LSZZ,77,0.9,0.05,0.10115000391216725,0.5406200936095545,0.01193470872530186
commons-math,LSZZ,77,0.9,0.1,0.1066785093507968,0.5503433745712611,0.01193470872530186
commons-math,LSZZ,77,0.9,0.25,0.12654407958404382,0.5775676349628147,0.01193470872530186
commons-math,LSZZ,77,0.95,0.0,0.10202630296884184,0.5429975414610911,0.03276227007909632
commons-math,LSZZ,77,0.95,0.05,0.10699776205708181,0.5632303321899692,0.03276227007909632
commons-math,LSZZ,77,0.95,0.1,0.11300286995298693,0.5714948902356746,0.03276227007909632
commons-math,LSZZ,77,0.95,0.25,0.13366255636075383,0.5947028121600983,0.03276227007909632
commons-math,LSZZ,77,0.99,0.0,0.10317288760335984,0.5587214282774582,0.04655424523102617
commons-math,LSZZ,77,0.99,0.05,0.10982637882913271,0.5818808392013394,0.04655424523102617
commons-math,LSZZ,77,0.99,0.1,0.11503138371166233,0.5895929606373063,0.04655424523102617
commons-math,LSZZ,77,0.99,0.25,0.13933073058169826,0.6116382220984395,0.04655424523102617
commons-math,LSZZ,77,0.995,0.0,0.1002776029678927,0.556574461977403,0.08725746400398326
commons-math,LSZZ,77,0.995,0.05,0.10695644788193964,0.5800955176661527,0.08725746400398326
commons-math,LSZZ,77,0.995,0.1,0.11231823413889858,0.5882396163034417,0.08725746400398326
commons-math,LSZZ,77,0.995,0.25,0.13951008551050736,0.6123650578564217,0.08725746400398326
commons-math,LSZZ,77,0.999,0.0,0.07170635678012412,0.5325455546897644,0.13398286029514977
commons-math,LSZZ,77,0.999,0.05,0.0769643526254705,0.5551638264887232,0.13398286029514977
commons-math,LSZZ,77,0.999,0.1,0.08116480361396675,0.5627478816538314,0.13398286029514977
commons-math,LSZZ,77,0.999,0.25,0.10763922846364309,0.5875305212886989,0.13398286029514977
commons-math,LSZZ,101,0.9,0.0,0.08525510630581491,0.5119811655591754,0.011860470878391744
commons-math,LSZZ,101,0.9,0.05,0.09187774753353965,0.5340961994888044,0.011860470878391744
commons-math,LSZZ,101,0.9,0.1,0.10775478511750378,0.5522487394560472,0.011860470878391744
commons-math,LSZZ,101,0.9,0.25,0.11923351924402303,0.5716656406268058,0.011860470878391744
commons-math,LSZZ,101,0.95,0.0,0.09035339738820132,0.5349648246449238,0.030791064749852107
commons-math,LSZZ,101,0.95,0.05,0.0975139196558433,0.5578038652499818,0.030791064749852107
commons-math,LSZZ,101,0.95,0.1,0.11439300534613578,0.5753867320868511,0.030791064749852107
commons-math,LSZZ,101,0.95,0.25,0.125316840701258,0.5888985360292224,0.030791064749852107
commons-math,LSZZ,101,0.99,0.0,0.08221325171684005,0.5391093369811204,0.045791281749760854
commons-math,LSZZ,101,0.99,0.05,0.08949083292982189,0.5630566183587702,0.045791281749760854
commons-math,LSZZ,101,0.99,0.1,0.10543142534552088,0.5802111841590234,0.045791281749760854
commons-math,LSZZ,101,0.99,0.25,0.1204597888122489,0.5938352015545134,0.045791281749760854
commons-math,LSZZ,101,0.995,0.0,0.0738424910391579,0.5313050238126474,0.09283135747294807
commons-math,LSZZ,101,0.995,0.05,0.08065551495266755,0.5551007844284899,0.09283135747294807
commons-math,LSZZ,101,0.995,0.1,0.0958196484144951,0.5720052444378148,0.09283135747294807
commons-math,LSZZ,101,0.995,0.25,0.11627932684888359,0.5901501289410116,0.09283135747294807
commons-math,LSZZ,101,0.999,0.0,0.03677440329349084,0.49881655132999914,0.11813528622353638
commons-math,LSZZ,101,0.999,0.05,0.041545616673638645,0.5210984622187154,0.11813528622353638
commons-math,LSZZ,101,0.999,0.1,0.054142074758293884,0.5363571874911724,0.11813528622353638
commons-math,LSZZ,101,0.999,0.25,0.0789595484763762,0.5598960331547226,0.11813528622353638
commons-math,LSZZ,123,0.9,0.0,0.07269853535817211,0.4724377748329808,-0.0010313653730117125
commons-math,LSZZ,123,0.9,0.05,0.07848765786808326,0.49234655323870224,-0.0010313653730117125
commons-math,LSZZ,123,0.9,0.1,0.08926150799813953,0.5062827183334968,-0.0010313653730117125
commons-math,LSZZ,123,0.9,0.25,0.11012920198129378,0.5321654202526709,-0.0010313653730117125
commons-math,LSZZ,123,0.95,0.0,0.0758805372895059,0.49655410497659025,-0.012324720893843755
commons-math,LSZZ,123,0.95,0.05,0.08198085102887422,0.5171660919565876,-0.012324720893843755
commons-math,LSZZ,123,0.95,0.1,0.0937085548335195,0.5298277098669101,-0.012324720893843755
commons-math,LSZZ,123,0.95,0.25,0.11446673456754256,0.5495937299618994,-0.012324720893843755
commons-math,LSZZ,123,0.99,0.0,0.07811686136370466,0.5314966914343686,-0.029654952837761938
commons-math,LSZZ,123,0.99,0.05,0.08429304808084467,0.5542392652267296,-0.029654952837761938
commons-math,LSZZ,123,0.99,0.1,0.09574435275291357,0.5667150039246842,-0.029654952837761938
commons-math,LSZZ,123,0.99,0.25,0.11663430461508148,0.5841604109466618,-0.029654952837761938
commons-math,LSZZ,123,0.995,0.0,0.07556045127437418,0.5335421251210746,0.021079281653508364
commons-math,LSZZ,123,0.995,0.05,0.08148280597532727,0.5564961699842502,0.021079281653508364
commons-math,LSZZ,123,0.995,0.1,0.09235982252280196,0.5688582705716916,0.021079281653508364
commons-math,LSZZ,123,0.995,0.25,0.11581952110874744,0.5890811770921889,0.021079281653508364
commons-math,LSZZ,123,0.999,0.0,0.04775220528032225,0.5113671886803174,0.0929396398722043
commons-math,LSZZ,123,0.999,0.05,0.052078447876322445,0.5332307209597468,0.0929396398722043
commons-math,LSZZ,123,0.999,0.1,0.06084114786331964,0.5441487401390301,0.0929396398722043
commons-math,LSZZ,123,0.999,0.25,0.0845688683045316,0.5662862929751938,0.0929396398722043
commons-math,LSZZ,202,0.9,0.0,0.0710660923369759,0.5023425961692322,0.011712210408571531
commons-math,LSZZ,202,0.9,0.05,0.07727333547017115,0.5242878502558128,0.011712210408571531
commons-math,LSZZ,202,0.9,0.1,0.08922382083029587,0.5397776864605511,0.011712210408571531
commons-math,LSZZ,202,0.9,0.25,0.1033387261273282,0.5627476789699377,0.011712210408571531
commons-math,LSZZ,202,0.95,0.0,0.07363456671154589,0.5194944299537253,0.028572851448895552
commons-math,LSZZ,202,0.95,0.05,0.08021021585028701,0.5418208831304426,0.028572851448895552
commons-math,LSZZ,202,0.95,0.1,0.09304181846695725,0.5561179033753085,0.028572851448895552
commons-math,LSZZ,202,0.95,0.25,0.10835644723072038,0.5745173524613462,0.028572851448895552
commons-math,LSZZ,202,0.99,0.0,0.0685772322726735,0.5266995794671908,0.03657555898744809
commons-math,LSZZ,202,0.99,0.05,0.07529696318349216,0.5501646485702711,0.03657555898744809
commons-math,LSZZ,202,0.99,0.1,0.08746772543808258,0.5637208366031565,0.03657555898744809
commons-math,LSZZ,202,0.99,0.25,0.10777595427202077,0.5829893661184499,0.03657555898744809
commons-math,LSZZ,202,0.995,0.0,0.06240283107002704,0.5222360331318231,0.07355223837981048
commons-math,LSZZ,202,0.995,0.05,0.0687435348302253,0.5456950459117208,0.07355223837981048
commons-math,LSZZ,202,0.995,0.1,0.08050391567413462,0.5593111964415025,0.07355223837981048
commons-math,LSZZ,202,0.995,0.25,0.10603746225077776,0.582961385684146,0.07355223837981048
commons-math,LSZZ,202,0.999,0.0,0.025669385476993562,0.4900702456165151,0.1024573810788013
commons-math,LSZZ,202,0.999,0.05,0.029959949163405625,0.5120070682452644,0.1024573810788013
commons-math,LSZZ,202,0.999,0.1,0.03948465212381956,0.52422771463557,0.1024573810788013
commons-math,LSZZ,202,0.999,0.25,0.06733848638911806,0.5512323100850786,0.1024573810788013
commons-math,LSZZ,314,0.9,0.0,0.07076696959350202,0.479966164185247,-0.001010968890808388
commons-math,LSZZ,314,0.9,0.05,0.07643936452410463,0.5001806777834725,-0.001010968890808388
commons-math,LSZZ,314,0.9,0.1,0.08747334679969751,0.5143682650276389,-0.001010968890808388
commons-math,LSZZ,314,0.9,0.25,0.10178192266357264,0.5317316833212328,-0.001010968890808388
commons-math,LSZZ,314,0.95,0.0,0.07464128791532487,0.5045278733052146,-0.012498189968142559
commons-math,LSZZ,314,0.95,0.05,0.08079849280815357,0.5255678719451107,-0.012498189968142559
commons-math,LSZZ,314,0.95,0.1,0.0926505767470429,0.5386438856614325,-0.012498189968142559
commons-math,LSZZ,314,0.95,0.25,0.10692490359678815,0.55190661554234,-0.012498189968142559
commons-math,LSZZ,314,0.99,0.0,0.07689249337142771,0.5342503237263214,-0.032875290918248944
commons-math,LSZZ,314,0.99,0.05,0.0837938484594695,0.5578317645072611,-0.032875290918248944
commons-math,LSZZ,314,0.99,0.1,0.0956204239331042,0.5709987655456559,-0.032875290918248944
commons-math,LSZZ,314,0.99,0.25,0.1114263692624367,0.5846779741227038,-0.032875290918248944
commons-math,LSZZ,314,0.995,0.0,0.07390895853214974,0.5341554984358524,0.01686344038154357
commons-math,LSZZ,314,0.995,0.05,0.08064685810494214,0.5580102990466032,0.01686344038154357
commons-math,LSZZ,314,0.995,0.1,0.0923645764829347,0.5715497218416687,0.01686344038154357
commons-math,LSZZ,314,0.995,0.25,0.11189841491572199,0.5888502342736259,0.01686344038154357
commons-math,LSZZ,314,0.999,0.0,0.04583998785724179,0.5100923786543846,0.08879425218314224
commons-math,LSZZ,314,0.999,0.05,0.05102450940378359,0.532892544577157,0.08879425218314224
commons-math,LSZZ,314,0.999,0.1,0.06114017534106818,0.5456075209674494,0.08879425218314224
commons-math,LSZZ,314,0.999,0.25,0.08373047105920267,0.5673410513257251,0.08879425218314224
commons-math,LSZZ,999,0.9,0.0,0.09013076130638246,0.49231560390386303,0.014306915100385979
commons-math,LSZZ,999,0.9,0.05,0.09699308021426582,0.5133345728713953,0.014306915100385979
commons-math,LSZZ,999,0.9,0.1,0.10402904836769747,0.5245282060548709,0.014306915100385979
commons-math,LSZZ,999,0.9,0.25,0.11407753173158713,0.534999671673751,0.014306915100385979
commons-math,LSZZ,999,0.95,0.0,0.09252815334826836,0.5154674946086027,0.03478893289174272
commons-math,LSZZ,999,0.95,0.05,0.09977063524207908,0.537227106471675,0.03478893289174272
commons-math,LSZZ,999,0.95,0.1,0.10801051253155602,0.5466665615822235,0.03478893289174272
commons-math,LSZZ,999,0.95,0.25,0.1173700031688486,0.5527600827156758,0.03478893289174272
commons-math,LSZZ,999,0.99,0.0,0.08921718376153367,0.5393555570578631,-0.0035483764358423217
commons-math,LSZZ,999,0.99,0.05,0.09683833089835617,0.5632826617067322,-0.0035483764358423217
commons-math,LSZZ,999,0.99,0.1,0.10641362403515957,0.5739749699118805,-0.0035483764358423217
commons-math,LSZZ,999,0.99,0.25,0.1194984187291562,0.5839900839067147,-0.0035483764358423217
commons-math,LSZZ,999,0.995,0.0,0.08640659861828019,0.5416977849475071,0.022367819865871864
commons-math,LSZZ,999,0.995,0.05,0.09385902654244768,0.5660117845252631,0.022367819865871864
commons-math,LSZZ,999,0.995,0.1,0.10393378851742513,0.5777935971550634,0.022367819865871864
commons-math,LSZZ,999,0.995,0.25,0.12224286150015741,0.5931215718593552,0.022367819865871864
commons-math,LSZZ,999,0.999,0.0,0.05733113247030448,0.519213395819415,0.0953376732651918
commons-math,LSZZ,999,0.999,0.05,0.06316526904484807,0.542543774546394,0.0953376732651918
commons-math,LSZZ,999,0.999,0.1,0.07212322315821693,0.5540889991856548,0.0953376732651918
commons-math,LSZZ,999,0.999,0.25,0.09438597496012038,0.5746726978665603,0.0953376732651918
commons-math,RSZZ,7,0.9,0.0,0.07167206705687416,0.4505305456550559,0.01484166058953413
commons-math,RSZZ,7,0.9,0.05,0.07697251547970507,0.46901621184737063,0.01484166058953413
commons-math,RSZZ,7,0.9,0.1,0.08376882233931998,0.48069517641331566,0.01484166058953413
commons-math,RSZZ,7,0.9,0.25,0.08987021157166875,0.4896752186287731,0.01484166058953413
commons-math,RSZZ,7,0.95,0.0,0.07448671622761341,0.4847886121410648,0.07379195588130531
commons-math,RSZZ,7,0.95,0.05,0.08015917648919887,0.5044909855541444,0.07379195588130531
commons-math,RSZZ,7,0.95,0.1,0.08764425481981872,0.5139718954294563,0.07379195588130531
commons-math,RSZZ,7,0.95,0.25,0.09395521090460307,0.5204229047338582,0.07379195588130531
commons-math,RSZZ,7,0.99,0.0,0.07338203421421251,0.5315179232346068,0.1132124215265606
commons-math,RSZZ,7,0.99,0.05,0.07948999605284095,0.5544217961794959,0.1132124215265606
commons-math,RSZZ,7,0.99,0.1,0.08806295921643592,0.5638047477833116,0.1132124215265606
commons-math,RSZZ,7,0.99,0.25,0.09757866573934218,0.5725113976884032,0.1132124215265606
commons-math,RSZZ,7,0.995,0.0,0.07083214008280099,0.5337690038197904,0.09018778430069653
commons-math,RSZZ,7,0.995,0.05,0.0767859826064919,0.5570240952806074,0.09018778430069653
commons-math,RSZZ,7,0.995,0.1,0.08565256228689602,0.5672164607780449,0.09018778430069653
commons-math,RSZZ,7,0.995,0.25,0.0990709950835147,0.5793852545073013,0.09018778430069653
commons-math,RSZZ,7,0.999,0.0,0.05310675595886519,0.5205615664290931,0.07673541436169831
commons-math,RSZZ,7,0.999,0.05,0.05805536356541894,0.5432994651849706,0.07673541436169831
commons-math,RSZZ,7,0.999,0.1,0.0662417016724114,0.553583011102107,0.07673541436169831
commons-math,RSZZ,7,0.999,0.25,0.08430584393583106,0.570788230014597,0.07673541436169831
commons-math,RSZZ,13,0.9,0.0,0.045852916034873396,0.4383358368132726,0.014841655038070995
commons-math,RSZZ,13,0.9,0.05,0.049295311279757385,0.4563032060266736,0.014841655038070995
commons-math,RSZZ,13,0.9,0.1,0.07051135765000771,0.4702084118814242,0.014841655038070995
commons-math,RSZZ,13,0.9,0.25,0.07175637789053729,0.4681481826501563,0.014841655038070995
commons-math,RSZZ,13,0.95,0.0,0.048507413445294835,0.4681695612883125,0.07383909700852462
commons-math,RSZZ,13,0.95,0.05,0.05280910497152725,0.4879300292532086,0.07383909700852462
commons-math,RSZZ,13,0.95,0.1,0.07271220069337733,0.5030499807885279,0.07383909700852462
commons-math,RSZZ,13,0.95,0.25,0.07340413623993963,0.4997044824463477,0.07383909700852462
commons-math,RSZZ,13,0.99,0.0,0.04716688680634285,0.5044609191767623,0.11354002437953852
commons-math,RSZZ,13,0.99,0.05,0.0525224042154836,0.527320501303464,0.11354002437953852
commons-math,RSZZ,13,0.99,0.1,0.06791154974762469,0.5435045570327541,0.11354002437953852
commons-math,RSZZ,13,0.99,0.25,0.07183974085455262,0.5465839484740785,0.11354002437953852
commons-math,RSZZ,13,0.995,0.0,0.04373754842481858,0.5047654906206896,0.07802780895596238
commons-math,RSZZ,13,0.995,0.05,0.048984733950597444,0.5279391951520196,0.07802780895596238
commons-math,RSZZ,13,0.995,0.1,0.06328537876627865,0.5439787260292753,0.07802780895596238
commons-math,RSZZ,13,0.995,0.25,0.07258425187109911,0.5525067671871446,0.07802780895596238
commons-math,RSZZ,13,0.999,0.0,0.02484068430168515,0.4916839335226786,0.050408885758980546
commons-math,RSZZ,13,0.999,0.05,0.029081697960382662,0.5144075890162534,0.050408885758980546
commons-math,RSZZ,13,0.999,0.1,0.04146563267122855,0.5296720478421109,0.050408885758980546
commons-math,RSZZ,13,0.999,0.25,0.058319911547355496,0.5474453369751261,0.050408885758980546
commons-math,RSZZ,21,0.9,0.0,0.06405093639939786,0.4711273217874142,0.012610890577624528
commons-math,RSZZ,21,0.9,0.05,0.06825455277474744,0.4906159735836326,0.012610890577624528
commons-math,RSZZ,21,0.9,0.1,0.08653617592461257,0.5047279682430471,0.012610890577624528
commons-math,RSZZ,21,0.9,0.25,0.09363767204657336,0.509348087178941,0.012610890577624528
commons-math,RSZZ,21,0.95,0.0,0.06920864754629277,0.4986429458139851,0.06768736797025184
commons-math,RSZZ,21,0.95,0.05,0.07441056240876097,0.5198267347073685,0.06768736797025184
commons-math,RSZZ,21,0.95,0.1,0.09048909221301099,0.5341959610400757,0.06768736797025184
commons-math,RSZZ,21,0.95,0.25,0.0974992823952378,0.5375805525122505,0.06768736797025184
commons-math,RSZZ,21,0.99,0.0,0.0708396021931199,0.5323610535144271,0.1187993443279014
commons-math,RSZZ,21,0.99,0.05,0.07730989956136966,0.5565770714289892,0.1187993443279014
commons-math,RSZZ,21,0.99,0.1,0.08789350425928762,0.5698739588311172,0.1187993443279014
commons-math,RSZZ,21,0.99,0.25,0.09921845303725933,0.5805907692219794,0.1187993443279014
commons-math,RSZZ,21,0.995,0.0,0.06718771526776576,0.53114437975998,0.08867415794572317
commons-math,RSZZ,21,0.995,0.05,0.07355565035536644,0.5556110672315114,0.08867415794572317
commons-math,RSZZ,21,0.995,0.1,0.08349849521735214,0.5685061133261363,0.08867415794572317
commons-math,RSZZ,21,0.995,0.25,0.09848875747365757,0.5831689215035568,0.08867415794572317
commons-math,RSZZ,21,0.999,0.0,0.04702302612526106,0.5123572271462769,0.07274376560947785
commons-math,RSZZ,21,0.999,0.05,0.05233482925313983,0.5360883730974257,0.07274376560947785
commons-math,RSZZ,21,0.999,0.1,0.060935161030973226,0.547954010459732,0.07274376560947785
commons-math,RSZZ,21,0.999,0.25,0.07991364855753541,0.568032630870179,0.07274376560947785
commons-math,RSZZ,42,0.9,0.0,0.04954096638011384,0.43859396717914945,0.010190512850477892
commons-math,RSZZ,42,0.9,0.05,0.05282188168947233,0.45628727652145135,0.010190512850477892
commons-math,RSZZ,42,0.9,0.1,0.07011380134065741,0.4679576921990207,0.010190512850477892
commons-math,RSZZ,42,0.9,0.25,0.07142666433322746,0.46496654301282775,0.010190512850477892
commons-math,RSZZ,42,0.95,0.0,0.053153383525526954,0.46741505139149697,0.04621127606376389
commons-math,RSZZ,42,0.95,0.05,0.05734766728178554,0.48684269374466627,0.04621127606376389
commons-math,RSZZ,42,0.95,0.1,0.07229719904733917,0.49895115038836185,0.04621127606376389
commons-math,RSZZ,42,0.95,0.25,0.07258012593297965,0.4937998375045825,0.04621127606376389
commons-math,RSZZ,42,0.99,0.0,0.05586510405467124,0.5110984216479993,0.03456654236786805
commons-math,RSZZ,42,0.99,0.05,0.061208028087419444,0.5339606720183285,0.03456654236786805
commons-math,RSZZ,42,0.99,0.1,0.07032626583880253,0.5452137519473232,0.03456654236786805
commons-math,RSZZ,42,0.99,0.25,0.0735461326434727,0.5470127553709239,0.03456654236786805
commons-math,RSZZ,42,0.995,0.0,0.055233567461758074,0.5169523458706324,0.03492927266923474
commons-math,RSZZ,42,0.995,0.05,0.060576251404208636,0.5403932962131502,0.03492927266923474
commons-math,RSZZ,42,0.995,0.1,0.06903992971030556,0.551350301396619,0.03492927266923474
commons-math,RSZZ,42,0.995,0.25,0.07647553918189678,0.5583133936152963,0.03492927266923474
commons-math,RSZZ,42,0.999,0.0,0.03475455254347372,0.5020583836640788,0.07132149092216628
commons-math,RSZZ,42,0.999,0.05,0.03898300213428191,0.524930973322171,0.07132149092216628
commons-math,RSZZ,42,0.999,0.1,0.04590317495087825,0.534759802639321,0.07132149092216628
commons-math,RSZZ,42,0.999,0.25,0.057170955312681605,0.547362284091559,0.07132149092216628
commons-math,RSZZ,77,0.9,0.0,0.07135249344572621,0.4455718137543292,0.003504788232337827
commons-math,RSZZ,77,0.9,0.05,0.07566954307360813,0.4633515738991711,0.003504788232337827
commons-math,RSZZ,77,0.9,0.1,0.08587711614664884,0.4750333659377996,0.003504788232337827
commons-math,RSZZ,77,0.9,0.25,0.09491938756402948,0.48121099965685604,0.003504788232337827
commons-math,RSZZ,77,0.95,0.0,0.07518491007573956,0.48199790756556987,0.009833156966148018
commons-math,RSZZ,77,0.95,0.05,0.08009436057036459,0.5010006361881704,0.009833156966148018
commons-math,RSZZ,77,0.95,0.1,0.09071728958094202,0.5116301029599237,0.009833156966148018
commons-math,RSZZ,77,0.95,0.25,0.09980303515211837,0.5165850179456517,0.009833156966148018
commons-math,RSZZ,77,0.99,0.0,0.07870918739140542,0.5347397919255443,0.007334016101936224
commons-math,RSZZ,77,0.99,0.05,0.08461332668374939,0.5572768564768201,0.007334016101936224
commons-math,RSZZ,77,0.99,0.1,0.0950252069150634,0.5685159535941621,0.007334016101936224
commons-math,RSZZ,77,0.99,0.25,0.1067375764813836,0.578091827434736,0.007334016101936224
commons-math,RSZZ,77,0.995,0.0,0.0774031483873494,0.5384966673901063,0.032486624872193844
commons-math,RSZZ,77,0.995,0.05,0.08328899868569363,0.5615120377472513,0.032486624872193844
commons-math,RSZZ,77,0.995,0.1,0.09344924212919424,0.5730307575912192,0.032486624872193844
commons-math,RSZZ,77,0.995,0.25,0.10915512774386787,0.5865586957477625,0.032486624872193844
commons-math,RSZZ,77,0.999,0.0,0.05816966688666572,0.5247087447966947,0.07959346889911542
commons-math,RSZZ,77,0.999,0.05,0.06303391104752,0.5472243790287082,0.07959346889911542
commons-math,RSZZ,77,0.999,0.1,0.07188971777027825,0.5581746892382528,0.07959346889911542
commons-math,RSZZ,77,0.999,0.25,0.09141493122645993,0.5764804894780455,0.07959346889911542
commons-math,RSZZ,101,0.9,0.0,0.06363535677961232,0.445770160189496,-0.008241847616985612
commons-math,RSZZ,101,0.9,0.05,0.06769462861918052,0.46368993069989384,-0.008241847616985612
commons-math,RSZZ,101,0.9,0.1,0.07419692240023343,0.4752558943222778,-0.008241847616985612
commons-math,RSZZ,101,0.9,0.25,0.07972700676873001,0.4808659107606349,-0.008241847616985612
commons-math,RSZZ,101,0.95,0.0,0.0650304792421989,0.4775208812080783,-0.03941885778650863
commons-math,RSZZ,101,0.95,0.05,0.06947052800729889,0.4963708216515976,-0.03941885778650863
commons-math,RSZZ,101,0.95,0.1,0.07670970652396725,0.505756192977769,-0.03941885778650863
commons-math,RSZZ,101,0.95,0.25,0.08196069443029563,0.5091238501974924,-0.03941885778650863
commons-math,RSZZ,101,0.99,0.0,0.06405265560264484,0.5219986771695404,-0.09842974911667923
commons-math,RSZZ,101,0.99,0.05,0.06921261695785572,0.5439125840330106,-0.09842974911667923
commons-math,RSZZ,101,0.99,0.1,0.07723123221161417,0.5527301050068127,-0.09842974911667923
commons-math,RSZZ,101,0.99,0.25,0.08479983400305723,0.5586997387258293,-0.09842974911667923
commons-math,RSZZ,101,0.995,0.0,0.06383045563953486,0.5285637388173172,-0.05216841141217377
commons-math,RSZZ,101,0.995,0.05,0.06903144874016413,0.5511042493726258,-0.05216841141217377
commons-math,RSZZ,101,0.995,0.1,0.07731646944324112,0.5607566738281968,-0.05216841141217377
commons-math,RSZZ,101,0.995,0.25,0.08855459092008752,0.5706416089969716,-0.05216841141217377
commons-math,RSZZ,101,0.999,0.0,0.04909446387420612,0.5182448711767628,0.0534966277686258
commons-math,RSZZ,101,0.999,0.05,0.05351203826643337,0.5404693463011688,0.0534966277686258
commons-math,RSZZ,101,0.999,0.1,0.06116392857892596,0.5501894778247299,0.0534966277686258
commons-math,RSZZ,101,0.999,0.25,0.07657883942931115,0.5648244031748464,0.0534966277686258
commons-math,RSZZ,123,0.9,0.0,0.05083848404459532,0.4353527113236562,-0.008241851042218355
commons-math,RSZZ,123,0.9,0.05,0.05445449923687452,0.45315430613296653,-0.008241851042218355
commons-math,RSZZ,123,0.9,0.1,0.0732484170171183,0.4647260171777505,-0.008241851042218355
commons-math,RSZZ,123,0.9,0.25,0.07810850675545568,0.46348135686256575,-0.008241851042218355
commons-math,RSZZ,123,0.95,0.0,0.05451056720001484,0.4652665978089013,-0.03941147551690719
commons-math,RSZZ,123,0.95,0.05,0.058995635273721085,0.4848262730974808,-0.03941147551690719
commons-math,RSZZ,123,0.95,0.1,0.0759157865106927,0.49724774124114063,-0.03941147551690719
commons-math,RSZZ,123,0.95,0.25,0.08035740469373852,0.49450216268293257,-0.03941147551690719
commons-math,RSZZ,123,0.99,0.0,0.05806759032428164,0.5116587746799864,-0.09396967645302096
commons-math,RSZZ,123,0.99,0.05,0.06365482370166138,0.5346847955240697,-0.09396967645302096
commons-math,RSZZ,123,0.99,0.1,0.07579738525328761,0.54785781158137,-0.09396967645302096
commons-math,RSZZ,123,0.99,0.25,0.0837525667623528,0.5534071830078144,-0.09396967645302096
commons-math,RSZZ,123,0.995,0.0,0.05717391622710954,0.5182616814806434,-0.04488622629068139
commons-math,RSZZ,123,0.995,0.05,0.06273439510168478,0.5418895422079846,-0.04488622629068139
commons-math,RSZZ,123,0.995,0.1,0.07404733254718635,0.5550846978312775,-0.04488622629068139
commons-math,RSZZ,123,0.995,0.25,0.08695830046753275,0.566598425173172,-0.04488622629068139
commons-math,RSZZ,123,0.999,0.0,0.03460275118937678,0.5016705472048749,0.05471843020966128
commons-math,RSZZ,123,0.999,0.05,0.03892878545756346,0.5246289457255117,0.05471843020966128
commons-math,RSZZ,123,0.999,0.1,0.04829772094860605,0.5367190957068632,0.05471843020966128
commons-math,RSZZ,123,0.999,0.25,0.0658457829230904,0.5546105941751768,0.05471843020966128
commons-math,RSZZ,202,0.9,0.0,0.08195938855192834,0.465080822611532,-0.0012281102646478244
commons-math,RSZZ,202,0.9,0.05,0.08714884067744086,0.4847698828330831,-0.0012281102646478244
commons-math,RSZZ,202,0.9,0.1,0.0933948369389131,0.49510702500156145,-0.0012281102646478244
commons-math,RSZZ,202,0.9,0.25,0.10596667467283526,0.503233822245224,-0.0012281102646478244
commons-math,RSZZ,202,0.95,0.0,0.08144812393617036,0.4926432246693513,-0.01642819210955692
commons-math,RSZZ,202,0.95,0.05,0.08735071140493876,0.513788444927234,-0.01642819210955692
commons-math,RSZZ,202,0.95,0.1,0.09428953951612236,0.5220144489821255,-0.01642819210955692
commons-math,RSZZ,202,0.95,0.25,0.10635799053443543,0.5286159821626278,-0.01642819210955692
commons-math,RSZZ,202,0.99,0.0,0.08070928831756465,0.5346184423770672,-0.04870284703529714
commons-math,RSZZ,202,0.99,0.05,0.08768579474404307,0.5590012822038425,-0.04870284703529714
commons-math,RSZZ,202,0.99,0.1,0.09663247073811825,0.5683412433612737,-0.04870284703529714
commons-math,RSZZ,202,0.99,0.25,0.1119523807346677,0.5815666870000891,-0.04870284703529714
commons-math,RSZZ,202,0.995,0.0,0.07920325529006218,0.538436506914025,-0.010051765268983515
commons-math,RSZZ,202,0.995,0.05,0.0861850674938656,0.5633156886559402,-0.010051765268983515
commons-math,RSZZ,202,0.995,0.1,0.09580494897709002,0.5741006034964613,-0.010051765268983515
commons-math,RSZZ,202,0.995,0.25,0.11512897010403668,0.591380229018398,-0.010051765268983515
commons-math,RSZZ,202,0.999,0.0,0.06145230844643763,0.5258692577644507,0.0681687620919995
commons-math,RSZZ,202,0.999,0.05,0.06750318724934777,0.5503278348908403,0.0681687620919995
commons-math,RSZZ,202,0.999,0.1,0.07675926102354737,0.5617361461486831,0.0681687620919995
commons-math,RSZZ,202,0.999,0.25,0.10056417012919248,0.5843284658726826,0.0681687620919995
commons-math,RSZZ,314,0.9,0.0,0.07628612514055005,0.4601067970308562,0.01591928127017581
commons-math,RSZZ,314,0.9,0.05,0.08096811437709137,0.4782975608126675,0.01591928127017581
commons-math,RSZZ,314,0.9,0.1,0.0864763496209473,0.4891170444447073,0.01591928127017581
commons-math,RSZZ,314,0.9,0.25,0.09368607442403964,0.4921986568320271,0.01591928127017581
commons-math,RSZZ,314,0.95,0.0,0.07654235244747046,0.4903918692391815,0.07871003038319083
commons-math,RSZZ,314,0.95,0.05,0.08189576828237118,0.5107612443239845,0.07871003038319083
commons-math,RSZZ,314,0.95,0.1,0.08793496280159581,0.5201346568466739,0.07871003038319083
commons-math,RSZZ,314,0.95,0.25,0.09416009779034529,0.5211208177861151,0.07871003038319083
commons-math,RSZZ,314,0.99,0.0,0.07322701206268804,0.5337577382298695,0.12117884707823413
commons-math,RSZZ,314,0.99,0.05,0.07969005242450729,0.557930206405104,0.12117884707823413
commons-math,RSZZ,314,0.99,0.1,0.0880298013478426,0.5679620116313011,0.12117884707823413
commons-math,RSZZ,314,0.99,0.25,0.09411843938516058,0.5729166577996385,0.12117884707823413
commons-math,RSZZ,314,0.995,0.0,0.07058478160345019,0.5350315283008685,0.09144790350044006
commons-math,RSZZ,314,0.995,0.05,0.07702408855980165,0.5596124263187392,0.09144790350044006
commons-math,RSZZ,314,0.995,0.1,0.08613772297698455,0.5708541749297008,0.09144790350044006
commons-math,RSZZ,314,0.995,0.25,0.09432451352340872,0.577982172343355,0.09144790350044006
commons-math,RSZZ,314,0.999,0.0,0.05147284771007299,0.5187510723666977,0.08601020231099461
commons-math,RSZZ,314,0.999,0.05,0.056932152672828834,0.5427477030575544,0.08601020231099461
commons-math,RSZZ,314,0.999,0.1,0.0657442576005368,0.5543695488173405,0.08601020231099461
commons-math,RSZZ,314,0.999,0.25,0.07763349127641994,0.5652442683486112,0.08601020231099461
commons-math,RSZZ,999,0.9,0.0,0.054730513177493854,0.43993559019351913,0.00784886967208284
commons-math,RSZZ,999,0.9,0.05,0.058496671069204066,0.4577902184003455,0.00784886967208284
commons-math,RSZZ,999,0.9,0.1,0.07623882511239864,0.47008259565386795,0.00784886967208284
commons-math,RSZZ,999,0.9,0.25,0.07944652366525772,0.46799958527313623,0.00784886967208284
commons-math,RSZZ,999,0.95,0.0,0.05743860933600036,0.4723891696523669,0.03875610911974664
commons-math,RSZZ,999,0.95,0.05,0.06205241427556196,0.4922041469102799,0.03875610911974664
commons-math,RSZZ,999,0.95,0.1,0.07754987112771379,0.5049819623441149,0.03875610911974664
commons-math,RSZZ,999,0.95,0.25,0.08035766218414214,0.5023628197977769,0.03875610911974664
commons-math,RSZZ,999,0.99,0.0,0.05886625063022453,0.516655797462508,0.050232969402038294
commons-math,RSZZ,999,0.99,0.05,0.06451941329775508,0.5399298343066643,0.050232969402038294
commons-math,RSZZ,999,0.99,0.1,0.07426257632277969,0.5520951254239689,0.050232969402038294
commons-math,RSZZ,999,0.99,0.25,0.07997366329774758,0.5566641169858842,0.050232969402038294
commons-math,RSZZ,999,0.995,0.0,0.05575157876361993,0.5181819337761037,0.042371116552454235
commons-math,RSZZ,999,0.995,0.05,0.06126233506056734,0.5418006912784622,0.042371116552454235
commons-math,RSZZ,999,0.995,0.1,0.07021456776285212,0.5534882925814026,0.042371116552454235
commons-math,RSZZ,999,0.995,0.25,0.07977792479117245,0.5623747100198794,0.042371116552454235
commons-math,RSZZ,999,0.999,0.0,0.031869440612210045,0.49925029753842737,0.06494685955309054
commons-math,RSZZ,999,0.999,0.05,0.03607564423420308,0.5220823037070732,0.06494685955309054
commons-math,RSZZ,999,0.999,0.1,0.04327400247422509,0.5324312219689413,0.06494685955309054
commons-math,RSZZ,999,0.999,0.25,0.05613437289721977,0.5463570743139635,0.06494685955309054
commons-math,RASZZ,7,0.9,0.0,0.048250422828526325,0.4434430752339078,0.007328716356684168
commons-math,RASZZ,7,0.9,0.05,0.05203873387199581,0.46162010006312737,0.007328716356684168
commons-math,RASZZ,7,0.9,0.1,0.057737379158325455,0.46979794405711695,0.007328716356684168
commons-math,RASZZ,7,0.9,0.25,0.05435787848327746,0.4575393904991611,0.007328716356684168
commons-math,RASZZ,7,0.95,0.0,0.047844547469812086,0.47304707061364026,0.04715689695972811
commons-math,RASZZ,7,0.95,0.05,0.051884560590844404,0.492068133185783,0.04715689695972811
commons-math,RASZZ,7,0.95,0.1,0.05865750393512417,0.4990898805080258,0.04715689695972811
commons-math,RASZZ,7,0.95,0.25,0.05416916734338125,0.4881038758378207,0.04715689695972811
commons-math,RASZZ,7,0.99,0.0,0.04354482709319602,0.5073282282293607,0.06707468800386036
commons-math,RASZZ,7,0.99,0.05,0.04792090455706548,0.5288073185845454,0.06707468800386036
commons-math,RASZZ,7,0.99,0.1,0.05629218447407489,0.5384316798805736,0.06707468800386036
commons-math,RASZZ,7,0.99,0.25,0.0520149324882944,0.5340483832406839,0.06707468800386036
commons-math,RASZZ,7,0.995,0.0,0.04185166701647966,0.5101001531678887,0.03167356346536757
commons-math,RASZZ,7,0.995,0.05,0.04613155814584954,0.5319558402691741,0.03167356346536757
commons-math,RASZZ,7,0.995,0.1,0.0547251555453055,0.5424843718629487,0.03167356346536757
commons-math,RASZZ,7,0.995,0.25,0.0549887760542671,0.5428137465776491,0.03167356346536757
commons-math,RASZZ,7,0.999,0.0,0.034467823872160415,0.5049841642490371,0.030919942614147402
commons-math,RASZZ,7,0.999,0.05,0.03829655657328202,0.526746172759866,0.030919942614147402
commons-math,RASZZ,7,0.999,0.1,0.04659698969874777,0.5376768717008431,0.030919942614147402
commons-math,RASZZ,7,0.999,0.25,0.055500268075856625,0.546635719612792,0.030919942614147402
commons-math,RASZZ,13,0.9,0.0,0.05903061386564282,0.4541401636914151,0.014105455211132031
commons-math,RASZZ,13,0.9,0.05,0.06356679789975624,0.4729366398352999,0.014105455211132031
commons-math,RASZZ,13,0.9,0.1,0.07328049297910329,0.4852169531468264,0.014105455211132031
commons-math,RASZZ,13,0.9,0.25,0.07181463884891898,0.4799306602852224,0.014105455211132031
commons-math,RASZZ,13,0.95,0.0,0.06008752883638465,0.4819773114700774,0.06772132144937644
commons-math,RASZZ,13,0.95,0.05,0.06496486530278299,0.5015815121218535,0.06772132144937644
commons-math,RASZZ,13,0.95,0.1,0.07456275216649509,0.5119961002346871,0.06772132144937644
commons-math,RASZZ,13,0.95,0.25,0.07246472357872126,0.5054343854505787,0.06772132144937644
commons-math,RASZZ,13,0.99,0.0,0.05643431772405229,0.5182905214994907,0.079526116034955
commons-math,RASZZ,13,0.99,0.05,0.06162816788871849,0.5404816318178602,0.079526116034955
commons-math,RASZZ,13,0.99,0.1,0.07115102920290496,0.5512955830251914,0.079526116034955
commons-math,RASZZ,13,0.99,0.25,0.0711183553203354,0.5508428608792288,0.079526116034955
commons-math,RASZZ,13,0.995,0.0,0.054571567845270445,0.5210837885862949,0.04565447714561159
commons-math,RASZZ,13,0.995,0.05,0.059637388393340214,0.5436398255077212,0.04565447714561159
commons-math,RASZZ,13,0.995,0.1,0.06908829233639967,0.5549933985766534,0.04565447714561159
commons-math,RASZZ,13,0.995,0.25,0.07397391505439115,0.5597971873040354,0.04565447714561159
commons-math,RASZZ,13,0.999,0.0,0.04151243375192919,0.5103556262325893,0.055732511054688384
commons-math,RASZZ,13,0.999,0.05,0.045807689246370825,0.5325090355103101,0.055732511054688384
commons-math,RASZZ,13,0.999,0.1,0.0544366430041234,0.5436744814773192,0.055732511054688384
commons-math,RASZZ,13,0.999,0.25,0.06663935642053198,0.5561144274879173,0.055732511054688384
commons-math,RASZZ,21,0.9,0.0,0.0572385045168803,0.4494797865844792,0.002097212995728669
commons-math,RASZZ,21,0.9,0.05,0.06163249952661017,0.4679486378125352,0.002097212995728669
commons-math,RASZZ,21,0.9,0.1,0.07098706083607018,0.481185690163612,0.002097212995728669
commons-math,RASZZ,21,0.9,0.25,0.06132480344508176,0.4637205536220194,0.002097212995728669
commons-math,RASZZ,21,0.95,0.0,0.05569776605889748,0.4743876691591672,0.016038716119112083
commons-math,RASZZ,21,0.95,0.05,0.06029888550853541,0.493532339663826,0.016038716119112083
commons-math,RASZZ,21,0.95,0.1,0.07057178413584043,0.505443922936281,0.016038716119112083
commons-math,RASZZ,21,0.95,0.25,0.06033420022257091,0.4894580685272888,0.016038716119112083
commons-math,RASZZ,21,0.99,0.0,0.05139499836723095,0.5092367431706192,0.004428886143019873
commons-math,RASZZ,21,0.99,0.05,0.056309258429991425,0.5309334719906216,0.004428886143019873
commons-math,RASZZ,21,0.99,0.1,0.06768837733948857,0.5439556155421555,0.004428886143019873
commons-math,RASZZ,21,0.99,0.25,0.06002757590877594,0.536960233699233,0.004428886143019873
commons-math,RASZZ,21,0.995,0.0,0.050773062302541985,0.5141728211044608,-5.8109396557940655e-05
commons-math,RASZZ,21,0.995,0.05,0.05562887036360202,0.5363521315222132,-5.8109396557940655e-05
commons-math,RASZZ,21,0.995,0.1,0.06694124359565785,0.5499834108481741,-5.8109396557940655e-05
commons-math,RASZZ,21,0.995,0.25,0.06545449373831752,0.5492883477888699,-5.8109396557940655e-05
commons-math,RASZZ,21,0.999,0.0,0.041937577673957074,0.5093641675158809,0.04520598912880756
commons-math,RASZZ,21,0.999,0.05,0.0462478517225636,0.5314554874606351,0.04520598912880756
commons-math,RASZZ,21,0.999,0.1,0.05680724016207499,0.5450918824228953,0.04520598912880756
commons-math,RASZZ,21,0.999,0.25,0.06621415169186355,0.5550953409722998,0.04520598912880756
commons-math,RASZZ,42,0.9,0.0,0.0631770664859521,0.4681758415859438,0.0074538987477227436
commons-math,RASZZ,42,0.9,0.05,0.06759890339832567,0.48754406058294353,0.0074538987477227436
commons-math,RASZZ,42,0.9,0.1,0.07661604192120224,0.5006946645296653,0.0074538987477227436
commons-math,RASZZ,42,0.9,0.25,0.07665378248467089,0.4959897040807218,0.0074538987477227436
commons-math,RASZZ,42,0.95,0.0,0.06435955320183989,0.4964810717346088,0.03466005982329214
commons-math,RASZZ,42,0.95,0.05,0.06915200838362041,0.5166269361582555,0.03466005982329214
commons-math,RASZZ,42,0.95,0.1,0.07908563915375602,0.5282735212786341,0.03466005982329214
commons-math,RASZZ,42,0.95,0.25,0.07860380304581144,0.5241359328139247,0.03466005982329214
commons-math,RASZZ,42,0.99,0.0,0.06253616111784843,0.5251380836413583,0.04441689694022633
commons-math,RASZZ,42,0.99,0.05,0.06786059494611407,0.5474905056706627,0.04441689694022633
commons-math,RASZZ,42,0.99,0.1,0.07776115489013097,0.5588016078591804,0.04441689694022633
commons-math,RASZZ,42,0.99,0.25,0.07905518992603648,0.5601116588469985,0.04441689694022633
commons-math,RASZZ,42,0.995,0.0,0.06000128763378146,0.5257643136350347,0.04210079879343344
commons-math,RASZZ,42,0.995,0.05,0.06519645931597016,0.5483919247412288,0.04210079879343344
commons-math,RASZZ,42,0.995,0.1,0.07487716852419064,0.5599372762026152,0.04210079879343344
commons-math,RASZZ,42,0.995,0.25,0.08119280191903949,0.5659662689488296,0.04210079879343344
commons-math,RASZZ,42,0.999,0.0,0.042543706502633026,0.5120376275126116,0.0706089591400515
commons-math,RASZZ,42,0.999,0.05,0.04676717914787031,0.5341285344940606,0.0706089591400515
commons-math,RASZZ,42,0.999,0.1,0.055295225567537715,0.5451875714848088,0.0706089591400515
commons-math,RASZZ,42,0.999,0.25,0.06819566273581176,0.5581402792618418,0.0706089591400515
commons-math,RASZZ,77,0.9,0.0,0.05011369022833159,0.4384921243724946,0.002174451560474248
commons-math,RASZZ,77,0.9,0.05,0.05381035732258564,0.45629364013035423,0.002174451560474248
commons-math,RASZZ,77,0.9,0.1,0.06284772765939152,0.46740429643868925,0.002174451560474248
commons-math,RASZZ,77,0.9,0.25,0.060598972227071335,0.46157274214140576,0.002174451560474248
commons-math,RASZZ,77,0.95,0.0,0.049712815992053114,0.4679522021265198,0.01734094340276495
commons-math,RASZZ,77,0.95,0.05,0.05367165691254684,0.4865601170013125,0.01734094340276495
commons-math,RASZZ,77,0.95,0.1,0.06291007667375835,0.4961366246129486,0.01734094340276495
commons-math,RASZZ,77,0.95,0.25,0.05952473709248641,0.48881230078838495,0.01734094340276495
commons-math,RASZZ,77,0.99,0.0,0.04768712582907788,0.5086122445396438,0.00858429225982792
commons-math,RASZZ,77,0.99,0.05,0.052175712235076596,0.5300447493902788,0.00858429225982792
commons-math,RASZZ,77,0.99,0.1,0.0611089640113843,0.5401664752154661,0.00858429225982792
commons-math,RASZZ,77,0.99,0.25,0.05940385579317307,0.5377965886500141,0.00858429225982792
commons-math,RASZZ,77,0.995,0.0,0.046643763269893675,0.513390367577156,0.007171832301342972
commons-math,RASZZ,77,0.995,0.05,0.05108988432676425,0.5353201690549686,0.007171832301342972
commons-math,RASZZ,77,0.995,0.1,0.0598768857049493,0.545956910018465,0.007171832301342972
commons-math,RASZZ,77,0.995,0.25,0.06296050679008401,0.5488920211705242,0.007171832301342972
commons-math,RASZZ,77,0.999,0.0,0.03395102137166933,0.5044712635475589,0.04660029330499365
commons-math,RASZZ,77,0.999,0.05,0.03768379614297721,0.5261216659401116,0.04660029330499365
commons-math,RASZZ,77,0.999,0.1,0.04560034743844768,0.536576197335904,0.04660029330499365
commons-math,RASZZ,77,0.999,0.25,0.05542217729231808,0.5468497493453043,0.04660029330499365
commons-math,RASZZ,101,0.9,0.0,0.043035448046441376,0.4393952412724992,0.023506298621194473
commons-math,RASZZ,101,0.9,0.05,0.04591930954838221,0.45663560101069667,0.023506298621194473
commons-math,RASZZ,101,0.9,0.1,0.054284312051736776,0.46891852920193555,0.023506298621194473
commons-math,RASZZ,101,0.9,0.25,0.056967945482857024,0.462745810492422,0.023506298621194473
commons-math,RASZZ,101,0.95,0.0,0.042514344121848645,0.46753602721897913,0.10704233466007881
commons-math,RASZZ,101,0.95,0.05,0.04570090467104942,0.4856217506931079,0.10704233466007881
commons-math,RASZZ,101,0.95,0.1,0.054833849654577174,0.49648311501800513,0.10704233466007881
commons-math,RASZZ,101,0.95,0.25,0.05615465382633495,0.4906917232684686,0.10704233466007881
commons-math,RASZZ,101,0.99,0.0,0.037214017504819154,0.5012359418894439,0.13569457495670978
commons-math,RASZZ,101,0.99,0.05,0.04100072638768879,0.5220807535512012,0.13569457495670978
commons-math,RASZZ,101,0.99,0.1,0.050529659396741665,0.5335659935440682,0.13569457495670978
commons-math,RASZZ,101,0.99,0.25,0.05222907235270324,0.5344855522988059,0.13569457495670978
commons-math,RASZZ,101,0.995,0.0,0.034985831754447826,0.50355549432688,0.06842027828804265
commons-math,RASZZ,101,0.995,0.05,0.0387076544134499,0.5248144299628226,0.06842027828804265
commons-math,RASZZ,101,0.995,0.1,0.048050153651749784,0.5367113074202098,0.06842027828804265
commons-math,RASZZ,101,0.995,0.25,0.05368622977740635,0.5420848943961419,0.06842027828804265
commons-math,RASZZ,101,0.999,0.0,0.025438593697878112,0.4963629062884603,0.03625164145794822
commons-math,RASZZ,101,0.999,0.05,0.02864163215154319,0.5174678728017323,0.03625164145794822
commons-math,RASZZ,101,0.999,0.1,0.037248314969535554,0.5292466531248808,0.03625164145794822
commons-math,RASZZ,101,0.999,0.25,0.049614444399407896,0.5418535119004966,0.03625164145794822
commons-math,RASZZ,123,0.9,0.0,0.054860543949573945,0.46095320248154564,0.0020945644042940294
commons-math,RASZZ,123,0.9,0.05,0.05865997279484871,0.4798289953235817,0.0020945644042940294
commons-math,RASZZ,123,0.9,0.1,0.06954204169502666,0.4942521724751251,0.0020945644042940294
commons-math,RASZZ,123,0.9,0.25,0.07204739862530275,0.49332585869901874,0.0020945644042940294
commons-math,RASZZ,123,0.95,0.0,0.05815395924333984,0.49250736396842026,0.01634951225807311
commons-math,RASZZ,123,0.95,0.05,0.06244310981115909,0.5123016889047846,0.01634951225807311
commons-math,RASZZ,123,0.95,0.1,0.07504793571595361,0.5263294855534233,0.01634951225807311
commons-math,RASZZ,123,0.95,0.25,0.07714042680642175,0.5249696071646651,0.01634951225807311
commons-math,RASZZ,123,0.99,0.0,0.05974508278053236,0.5223719362612002,0.04325899677348688
commons-math,RASZZ,123,0.99,0.05,0.06481957255342304,0.54446632394032,0.04325899677348688
commons-math,RASZZ,123,0.99,0.1,0.07764552449675245,0.5590829913498191,0.04325899677348688
commons-math,RASZZ,123,0.99,0.25,0.08158428251325929,0.5625176878441146,0.04325899677348688
commons-math,RASZZ,123,0.995,0.0,0.055666159787157166,0.5209873040410977,0.06042145127956047
commons-math,RASZZ,123,0.995,0.05,0.060549395503914395,0.5432661373444027,0.06042145127956047
commons-math,RASZZ,123,0.995,0.1,0.07270274261194182,0.5578001449638023,0.06042145127956047
commons-math,RASZZ,123,0.995,0.25,0.08100177812842008,0.5656790078663355,0.06042145127956047
commons-math,RASZZ,123,0.999,0.0,0.03254076080589881,0.5018743101389893,0.08126645752698387
commons-math,RASZZ,123,0.999,0.05,0.03617085569008421,0.523347243678682,0.08126645752698387
commons-math,RASZZ,123,0.999,0.1,0.046424562864479595,0.5367699369844152,0.08126645752698387
commons-math,RASZZ,123,0.999,0.25,0.05989605875950593,0.5506942937259959,0.08126645752698387
commons-math,RASZZ,202,0.9,0.0,0.037723404881174254,0.4295332158296173,0.0020972141620125306
commons-math,RASZZ,202,0.9,0.05,0.04076897462777375,0.44686394972679244,0.0020972141620125306
commons-math,RASZZ,202,0.9,0.1,0.05018945007412777,0.4591281441397349,0.0020972141620125306
commons-math,RASZZ,202,0.9,0.25,0.050798271137405655,0.4579066233141636,0.0020972141620125306
commons-math,RASZZ,202,0.95,0.0,0.03543950131468902,0.45738642413507063,0.016040555030215134
commons-math,RASZZ,202,0.95,0.05,0.03864829354233303,0.47543911773501857,0.016040555030215134
commons-math,RASZZ,202,0.95,0.1,0.049362823356914075,0.4870946447441255,0.016040555030215134
commons-math,RASZZ,202,0.95,0.25,0.048770967045052134,0.48384728579759656,0.016040555030215134
commons-math,RASZZ,202,0.99,0.0,0.0303444535979532,0.4931629923660254,0.002942281736877542
commons-math,RASZZ,202,0.99,0.05,0.03392169958082615,0.5137836541612625,0.002942281736877542
commons-math,RASZZ,202,0.99,0.1,0.04455626587598096,0.5263354251626954,0.002942281736877542
commons-math,RASZZ,202,0.99,0.25,0.0460000489249979,0.5277434571926193,0.002942281736877542
commons-math,RASZZ,202,0.995,0.0,0.02917815195583593,0.4971117904859266,-0.01151900479863168
commons-math,RASZZ,202,0.995,0.05,0.032706472261301106,0.5181861686969844,-0.01151900479863168
commons-math,RASZZ,202,0.995,0.1,0.042950990398206004,0.5310095628006023,-0.01151900479863168
commons-math,RASZZ,202,0.995,0.25,0.04950502370522187,0.537865807698695,-0.01151900479863168
commons-math,RASZZ,202,0.999,0.0,0.017290826195993952,0.48837646514457167,0.02308757762860312
commons-math,RASZZ,202,0.999,0.05,0.020148124044344774,0.5091811016602616,0.02308757762860312
commons-math,RASZZ,202,0.999,0.1,0.029251149135154236,0.5215623740858644,0.02308757762860312
commons-math,RASZZ,202,0.999,0.25,0.04313970053596168,0.536409122026873,0.02308757762860312
commons-math,RASZZ,314,0.9,0.0,0.05439366163167281,0.44637133108204163,0.00209722274770002
commons-math,RASZZ,314,0.9,0.05,0.05850479385146449,0.4647022328852415,0.00209722274770002
commons-math,RASZZ,314,0.9,0.1,0.06620745743668774,0.4758877795333308,0.00209722274770002
commons-math,RASZZ,314,0.9,0.25,0.06524749728808195,0.471709386655848,0.00209722274770002
commons-math,RASZZ,314,0.95,0.0,0.05464385079621424,0.47536631994832756,0.016064372661773255
commons-math,RASZZ,314,0.95,0.05,0.059041160641065335,0.49450925679923435,0.016064372661773255
commons-math,RASZZ,314,0.95,0.1,0.06698457277265725,0.5034329074838825,0.016064372661773255
commons-math,RASZZ,314,0.95,0.25,0.06533191598336817,0.4977471288090622,0.016064372661773255
commons-math,RASZZ,314,0.99,0.0,0.05125156288299551,0.5133297719700118,0.009318369250625406
commons-math,RASZZ,314,0.99,0.05,0.056032621756995596,0.5351242375649015,0.009318369250625406
commons-math,RASZZ,314,0.99,0.1,0.06447815054871081,0.5446432179731988,0.009318369250625406
commons-math,RASZZ,314,0.99,0.25,0.06444347926016107,0.5443019244672854,0.009318369250625406
commons-math,RASZZ,314,0.995,0.0,0.049443616856880895,0.5164458924595636,0.009889864889276026
commons-math,RASZZ,314,0.995,0.05,0.054122457507275776,0.5386350419393137,0.009889864889276026
commons-math,RASZZ,314,0.995,0.1,0.06264222205667268,0.5488904429691996,0.009889864889276026
commons-math,RASZZ,314,0.995,0.25,0.06743701591341383,0.5536150680163594,0.009889864889276026
commons-math,RASZZ,314,0.999,0.0,0.0352932068006771,0.5057408176100008,0.0504830600914816
commons-math,RASZZ,314,0.999,0.05,0.03916531256549332,0.5275425875131313,0.0504830600914816
commons-math,RASZZ,314,0.999,0.1,0.04693646053193833,0.5377734001842356,0.0504830600914816
commons-math,RASZZ,314,0.999,0.25,0.058606522322728755,0.5496853330820827,0.0504830600914816
commons-math,RASZZ,999,0.9,0.0,0.056048933014300875,0.46329959821722255,0.002175194613819974
commons-math,RASZZ,999,0.9,0.05,0.06027941183674477,0.4825099588802665,0.002175194613819974
commons-math,RASZZ,999,0.9,0.1,0.0645393984946257,0.49076501531537825,0.002175194613819974
commons-math,RASZZ,999,0.9,0.25,0.06200570094208042,0.4895429391553377,0.002175194613819974
commons-math,RASZZ,999,0.95,0.0,0.057595824353808514,0.4914852806502681,0.017829340143302647
commons-math,RASZZ,999,0.95,0.05,0.062162076988275694,0.5114755065121638,0.017829340143302647
commons-math,RASZZ,999,0.95,0.1,0.06717947499436763,0.517638423389904,0.017829340143302647
commons-math,RASZZ,999,0.95,0.25,0.06370362018088739,0.514941654544536,0.017829340143302647
commons-math,RASZZ,999,0.99,0.0,0.055226841262439666,0.5202029717033927,0.0384736171184332
commons-math,RASZZ,999,0.99,0.05,0.060217693496406134,0.5423587362320658,0.0384736171184332
commons-math,RASZZ,999,0.99,0.1,0.0663524501716133,0.5496765094344884,0.0384736171184332
commons-math,RASZZ,999,0.99,0.25,0.062244691384755226,0.5470350307018312,0.0384736171184332
commons-math,RASZZ,999,0.995,0.0,0.052822381923223215,0.521391755463502,0.03545740167145712
commons-math,RASZZ,999,0.995,0.05,0.05767850080704942,0.5438400577584859,0.03545740167145712
commons-math,RASZZ,999,0.995,0.1,0.06421991688347928,0.5520402832690636,0.03545740167145712
commons-math,RASZZ,999,0.995,0.25,0.06428810027738782,0.5527487134144712,0.03545740167145712
commons-math,RASZZ,999,0.999,0.0,0.0405469782336341,0.5114678766360305,0.05470653627931472
commons-math,RASZZ,999,0.999,0.05,0.04469424031708108,0.5335692491237709,0.05470653627931472
commons-math,RASZZ,999,0.999,0.1,0.0509848859405703,0.5420862042341158,0.05470653627931472
commons-math,RASZZ,999,0.999,0.25,0.058201949841788364,0.5493213561957718,0.05470653627931472
commons-net,oracle,7,0.9,0.0,0.1263427231738776,0.438544774235651,-0.1336930876487207
commons-net,oracle,7,0.9,0.05,0.12509768589821976,0.4416848481644597,-0.1336930876487207
commons-net,oracle,7,0.9,0.1,0.12572077296196316,0.4386247769182854,-0.1336930876487207
commons-net,oracle,7,0.9,0.25,0.0955666368083648,0.41086285664146843,-0.1336930876487207
commons-net,oracle,7,0.95,0.0,0.12187931600756038,0.4762775847318409,-0.038401581073070915
commons-net,oracle,7,0.95,0.05,0.12273545885242036,0.4838238288148911,-0.038401581073070915
commons-net,oracle,7,0.95,0.1,0.12193809758054054,0.48209379478699804,-0.038401581073070915
commons-net,oracle,7,0.95,0.25,0.09062172744162422,0.45517029317607477,-0.038401581073070915
commons-net,oracle,7,0.99,0.0,0.1177881136835446,0.5295593732656872,0.10446993579056323
commons-net,oracle,7,0.99,0.05,0.12091216682177056,0.5426484974619549,0.10446993579056323
commons-net,oracle,7,0.99,0.1,0.12074949119796652,0.5462543410524582,0.10446993579056323
commons-net,oracle,7,0.99,0.25,0.0967386500714818,0.5343500967857923,0.10446993579056323
commons-net,oracle,7,0.995,0.0,0.11304823517179494,0.535793773719182,0.1183089019970531
commons-net,oracle,7,0.995,0.05,0.11621804582708142,0.5495626065894701,0.1183089019970531
commons-net,oracle,7,0.995,0.1,0.1161875818301897,0.554179206513636,0.1183089019970531
commons-net,oracle,7,0.995,0.25,0.09600601573463055,0.5479763840928423,0.1183089019970531
commons-net,oracle,7,0.999,0.0,0.10645342851571532,0.5329910740912115,0.08061037438730038
commons-net,oracle,7,0.999,0.05,0.10950452475111215,0.5468921503968239,0.08061037438730038
commons-net,oracle,7,0.999,0.1,0.10946089260415663,0.551908003340509,0.08061037438730038
commons-net,oracle,7,0.999,0.25,0.09280568999905349,0.5497387076274217,0.08061037438730038
commons-net,oracle,13,0.9,0.0,0.09633326757026812,0.43294116871894894,-0.31540004506181213
commons-net,oracle,13,0.9,0.05,0.09351026830981955,0.4357865929680061,-0.31540004506181213
commons-net,oracle,13,0.9,0.1,0.09244478258244075,0.4325318760534043,-0.31540004506181213
commons-net,oracle,13,0.9,0.25,0.06273216505261675,0.4054757095157219,-0.31540004506181213
commons-net,oracle,13,0.95,0.0,0.0944783841827415,0.46693374202719534,-0.27469646184149404
commons-net,oracle,13,0.95,0.05,0.0938937268565312,0.4739886666816446,-0.27469646184149404
commons-net,oracle,13,0.95,0.1,0.09179246430707388,0.47184298525092366,-0.27469646184149404
commons-net,oracle,13,0.95,0.25,0.060399538047822436,0.4448575439729205,-0.27469646184149404
commons-net,oracle,13,0.99,0.0,0.09254481821269657,0.5181231416784977,-0.0566618097954559
commons-net,oracle,13,0.99,0.05,0.09434152435902818,0.530610924119946,-0.0566618097954559
commons-net,oracle,13,0.99,0.1,0.09299827908126476,0.5336266145974656,-0.0566618097954559
commons-net,oracle,13,0.99,0.25,0.06795009685995376,0.5207105169633056,-0.0566618097954559
commons-net,oracle,13,0.995,0.0,0.09793939622656546,0.5290904537747348,-0.013478035364370134
commons-net,oracle,13,0.995,0.05,0.10031475150069434,0.5425068116056907,-0.013478035364370134
commons-net,oracle,13,0.995,0.1,0.09967785821654739,0.5468003489426397,-0.013478035364370134
commons-net,oracle,13,0.995,0.25,0.08012091067842154,0.540384197400007,-0.013478035364370134
commons-net,oracle,13,0.999,0.0,0.1073617189634049,0.530504962828203,0.03299697948920062
commons-net,oracle,13,0.999,0.05,0.11046057507210748,0.5442753140345399,0.03299697948920062
commons-net,oracle,13,0.999,0.1,0.11072972905545518,0.5492069681758185,0.03299697948920062
commons-net,oracle,13,0.999,0.25,0.09769448862903903,0.5475268256057533,0.03299697948920062
commons-net,oracle,21,0.9,0.0,0.14068975362946068,0.476260028405177,-0.13324064057353668
commons-net,oracle,21,0.9,0.05,0.13839513347509838,0.4809139310308174,-0.13324064057353668
commons-net,oracle,21,0.9,0.1,0.13864082051036664,0.4795860125295302,-0.13324064057353668
commons-net,oracle,21,0.9,0.25,0.11186978650074385,0.456270261981223,-0.13324064057353668
commons-net,oracle,21,0.95,0.0,0.13856172301796085,0.5101561718191084,-0.035650354165370865
commons-net,oracle,21,0.95,0.05,0.1382538411650425,0.5190664370260938,-0.035650354165370865
commons-net,oracle,21,0.95,0.1,0.13730606755671826,0.518959883693093,-0.035650354165370865
commons-net,oracle,21,0.95,0.25,0.10792375733424346,0.4959740887007177,-0.035650354165370865
commons-net,oracle,21,0.99,0.0,0.1326208213810617,0.5456161868012835,0.10914167824694514
commons-net,oracle,21,0.99,0.05,0.13430883721344494,0.5591945098890597,0.10914167824694514
commons-net,oracle,21,0.99,0.1,0.13353853497820226,0.5634279132145087,0.10914167824694514
commons-net,oracle,21,0.99,0.25,0.10864841047121351,0.5514525495453845,0.10914167824694514
commons-net,oracle,21,0.995,0.0,0.1288956583691841,0.549379496068632,0.12397911003760889
commons-net,oracle,21,0.995,0.05,0.13066655093404286,0.5635174699103352,0.12397911003760889
commons-net,oracle,21,0.995,0.1,0.12999080894909526,0.5686159693761696,0.12397911003760889
commons-net,oracle,21,0.995,0.25,0.10850481130952948,0.5617316744805005,0.12397911003760889
commons-net,oracle,21,0.999,0.0,0.12445578195569267,0.545193790760648,0.09261338586463688
commons-net,oracle,21,0.999,0.05,0.12620972015746904,0.5593995277582672,0.09261338586463688
commons-net,oracle,21,0.999,0.1,0.1255599602503311,0.5648145326147654,0.09261338586463688
commons-net,oracle,21,0.999,0.25,0.1075398349758981,0.5616807804010532,0.09261338586463688
commons-net,oracle,42,0.9,0.0,0.1229767399190555,0.4389687201592002,-0.13369308781932046
commons-net,oracle,42,0.9,0.05,0.11975073125034325,0.4416617652620475,-0.13369308781932046
commons-net,oracle,42,0.9,0.1,0.11990144124620146,0.43865482393159394,-0.13369308781932046
commons-net,oracle,42,0.9,0.25,0.08865100020062898,0.40889108450850037,-0.13369308781932046
commons-net,oracle,42,0.95,0.0,0.11969572104147976,0.47649859866196703,-0.038402351709423986
commons-net,oracle,42,0.95,0.05,0.11839582406115956,0.4836390759846332,-0.038402351709423986
commons-net,oracle,42,0.95,0.1,0.11716560296779159,0.48192262327021174,-0.038402351709423986
commons-net,oracle,42,0.95,0.25,0.08569107331317852,0.45307373502154225,-0.038402351709423986
commons-net,oracle,42,0.99,0.0,0.1171676928081603,0.530474173804195,0.10544697283848638
commons-net,oracle,42,0.99,0.05,0.11804314976722668,0.5432562971475234,0.10544697283848638
commons-net,oracle,42,0.99,0.1,0.11692233790146865,0.5467594525657953,0.10544697283848638
commons-net,oracle,42,0.99,0.25,0.09103715245709165,0.5323580025233049,0.10544697283848638
commons-net,oracle,42,0.995,0.0,0.11424906855150789,0.5375441993242482,0.11888634409916336
commons-net,oracle,42,0.995,0.05,0.1152498117926203,0.5510598477033358,0.11888634409916336
commons-net,oracle,42,0.995,0.1,0.11422422422507084,0.5555964827651039,0.11888634409916336
commons-net,oracle,42,0.995,0.25,0.09166295101657244,0.5468437566579861,0.11888634409916336
commons-net,oracle,42,0.999,0.0,0.11078737238231516,0.5362019470462397,0.08105503200112982
commons-net,oracle,42,0.999,0.05,0.11182259609009237,0.5499348734823502,0.08105503200112982
commons-net,oracle,42,0.999,0.1,0.1108413669710875,0.5549357333929845,0.08105503200112982
commons-net,oracle,42,0.999,0.25,0.09175241570731693,0.5504301020152267,0.08105503200112982
commons-net,oracle,77,0.9,0.0,0.12187843618118346,0.43116884492495267,-0.13369308552644657
commons-net,oracle,77,0.9,0.05,0.1203986570542666,0.43392107656136764,-0.13369308552644657
commons-net,oracle,77,0.9,0.1,0.12143582578233184,0.43100138172368907,-0.13369308552644657
commons-net,oracle,77,0.9,0.25,0.08929231958813215,0.40125556003675067,-0.13369308552644657
commons-net,oracle,77,0.95,0.0,0.1176142194305836,0.4706269328686862,-0.0383979363122614
commons-net,oracle,77,0.95,0.05,0.11824609428641944,0.4778760534734861,-0.0383979363122614
commons-net,oracle,77,0.95,0.1,0.11813583615027558,0.4762671680425168,-0.0383979363122614
commons-net,oracle,77,0.95,0.25,0.0856935013395403,0.44801456625485714,-0.0383979363122614
commons-net,oracle,77,0.99,0.0,0.11301827625616465,0.5262847454136311,0.10398017865008317
commons-net,oracle,77,0.99,0.05,0.11589152104140162,0.5392016826054714,0.10398017865008317
commons-net,oracle,77,0.99,0.1,0.11622981032297426,0.542842289016134,0.10398017865008317
commons-net,oracle,77,0.99,0.25,0.09240250887848436,0.5305967820382713,0.10398017865008317
commons-net,oracle,77,0.995,0.0,0.10863157744898201,0.532967035812747,0.11647612339894463
commons-net,oracle,77,0.995,0.05,0.11156915070288112,0.5465872326992226,0.11647612339894463
commons-net,oracle,77,0.995,0.1,0.11200642573931363,0.5512331153922251,0.11647612339894463
commons-net,oracle,77,0.995,0.25,0.09235711554352946,0.5448592345522012,0.11647612339894463
commons-net,oracle,77,0.999,0.0,0.10269605238601631,0.5304314320309524,0.07700340765677238
commons-net,oracle,77,0.999,0.05,0.10554957766999233,0.544197916829171,0.07700340765677238
commons-net,oracle,77,0.999,0.1,0.10596459081254397,0.5492344427225502,0.07700340765677238
commons-net,oracle,77,0.999,0.25,0.09018455208388658,0.5469931020925488,0.07700340765677238
commons-net,oracle,101,0.9,0.0,0.08522890138448427,0.372470847901018,-0.178042372522181
commons-net,oracle,101,0.9,0.05,0.08130284444495163,0.3720355453730545,-0.178042372522181
commons-net,oracle,101,0.9,0.1,0.07858978380482479,0.36468406790007607,-0.178042372522181
commons-net,oracle,101,0.9,0.25,0.04102954522784987,0.32202052728316344,-0.178042372522181
commons-net,oracle,101,0.95,0.0,0.07790795047229299,0.4096467086263769,-0.1300299107965461
commons-net,oracle,101,0.95,0.05,0.07575442947530528,0.41358070783594686,-0.1300299107965461
commons-net,oracle,101,0.95,0.1,0.07190545070515794,0.40770901552804056,-0.1300299107965461
commons-net,oracle,101,0.95,0.25,0.03147408018737139,0.3660049724224782,-0.1300299107965461
commons-net,oracle,101,0.99,0.0,0.07858627206293832,0.49196284772531684,-0.02409672265934207
commons-net,oracle,101,0.99,0.05,0.07870591200498589,0.5029459076879501,-0.02409672265934207
commons-net,oracle,101,0.99,0.1,0.0759748687739132,0.504266922133429,-0.02409672265934207
commons-net,oracle,101,0.99,0.25,0.04348543555726268,0.48410631865054615,-0.02409672265934207
commons-net,oracle,101,0.995,0.0,0.08452406618601571,0.5105896018850006,0.019964863811051888
commons-net,oracle,101,0.995,0.05,0.08521683519983057,0.5229021626204868,0.019964863811051888
commons-net,oracle,101,0.995,0.1,0.08323674928664837,0.5259683339834947,0.019964863811051888
commons-net,oracle,101,0.995,0.25,0.05672776720822625,0.5142013706320734,0.019964863811051888
commons-net,oracle,101,0.999,0.0,0.09544098805530979,0.5184184227951147,0.03189718403842043
commons-net,oracle,101,0.999,0.05,0.09690851737480495,0.5314210677131971,0.03189718403842043
commons-net,oracle,101,0.999,0.1,0.09592669283801232,0.5355132982094183,0.03189718403842043
commons-net,oracle,101,0.999,0.25,0.07658338979166805,0.5300723998798603,0.03189718403842043
commons-net,oracle,123,0.9,0.0,0.10913485405887331,0.42924111674445453,-0.14766151159297836
commons-net,oracle,123,0.9,0.05,0.1069849898626143,0.4318919842699701,-0.14766151159297836
commons-net,oracle,123,0.9,0.1,0.10557082520262681,0.427850775368019,-0.14766151159297836
commons-net,oracle,123,0.9,0.25,0.08000960153320731,0.40029633868774966,-0.14766151159297836
commons-net,oracle,123,0.95,0.0,0.10819340809104044,0.46920059880968423,-0.10878359188636963
commons-net,oracle,123,0.95,0.05,0.10832991634122897,0.476374719689316,-0.10878359188636963
commons-net,oracle,123,0.95,0.1,0.10608580422495298,0.4739550349395964,-0.10878359188636963
commons-net,oracle,123,0.95,0.25,0.07828891810826741,0.4476109475624815,-0.10878359188636963
commons-net,oracle,123,0.99,0.0,0.1096485142077654,0.524136566634539,0.021569329929239378
commons-net,oracle,123,0.99,0.05,0.11234456962707716,0.5369405479469154,0.021569329929239378
commons-net,oracle,123,0.99,0.1,0.11138740021563966,0.5401301001165566,0.021569329929239378
commons-net,oracle,123,0.99,0.25,0.08912040766602859,0.5282257878207444,0.021569329929239378
commons-net,oracle,123,0.995,0.0,0.10756033171663301,0.5324540964838388,0.06969608661858535
commons-net,oracle,123,0.995,0.05,0.1104415765564368,0.546047321912644,0.06969608661858535
commons-net,oracle,123,0.995,0.1,0.10981016088130753,0.5503882338804478,0.06969608661858535
commons-net,oracle,123,0.995,0.25,0.09108925049027845,0.5443185489520233,0.06969608661858535
commons-net,oracle,123,0.999,0.0,0.10304438640542501,0.5307640491481321,0.06342924024365826
commons-net,oracle,123,0.999,0.05,0.10591622784441221,0.5445480236727,0.06342924024365826
commons-net,oracle,123,0.999,0.1,0.10542327320448812,0.5493667350410453,0.06342924024365826
commons-net,oracle,123,0.999,0.25,0.08993082316246517,0.5473016707664655,0.06342924024365826
commons-net,oracle,202,0.9,0.0,0.11090719840313987,0.45128905242201006,-0.13324067947324966
commons-net,oracle,202,0.9,0.05,0.11281356732954093,0.4602973579716131,-0.13324067947324966
commons-net,oracle,202,0.9,0.1,0.12236936020838343,0.46391774854479656,-0.13324067947324966
commons-net,oracle,202,0.9,0.25,0.10480882276161983,0.44713204587650973,-0.13324067947324966
commons-net,oracle,202,0.95,0.0,0.10911658703304351,0.4896132347228132,-0.035694503381217234
commons-net,oracle,202,0.95,0.05,0.11096028670684503,0.5007015204515843,-0.035694503381217234
commons-net,oracle,202,0.95,0.1,0.11855730037691092,0.5033444343843853,-0.035694503381217234
commons-net,oracle,202,0.95,0.25,0.10087821016086539,0.48726383704391735,-0.035694503381217234
commons-net,oracle,202,0.99,0.0,0.09439632810554034,0.5261824751669141,0.10268163781043169
commons-net,oracle,202,0.99,0.05,0.09597236839580968,0.5404017593107048,0.10268163781043169
commons-net,oracle,202,0.99,0.1,0.10255332637219178,0.5456941733949232,0.10268163781043169
commons-net,oracle,202,0.99,0.25,0.09567682176897849,0.5413305882923674,0.10268163781043169
commons-net,oracle,202,0.995,0.0,0.08387090862112015,0.5274909355925341,0.11545524409725606
commons-net,oracle,202,0.995,0.05,0.08497976595989154,0.5419885058579165,0.11545524409725606
commons-net,oracle,202,0.995,0.1,0.09108244184675557,0.5478649218436527,0.11545524409725606
commons-net,oracle,202,0.995,0.25,0.0880336275256992,0.5479726687972486,0.11545524409725606
commons-net,oracle,202,0.999,0.0,0.06611524509676397,0.5176772782820619,0.07550021804908533
commons-net,oracle,202,0.999,0.05,0.06636046895613183,0.5318328073655125,0.07550021804908533
commons-net,oracle,202,0.999,0.1,0.07152573055325145,0.5376037828908888,0.07550021804908533
commons-net,oracle,202,0.999,0.25,0.07039768272706766,0.5399118407623983,0.07550021804908533
commons-net,oracle,314,0.9,0.0,0.08754030723884947,0.3815972357442952,-0.17815260566455338
commons-net,oracle,314,0.9,0.05,0.08245097441042687,0.3812735642957484,-0.17815260566455338
commons-net,oracle,314,0.9,0.1,0.0795917328950295,0.37441555606486376,-0.17815260566455338
commons-net,oracle,314,0.9,0.25,0.04095368367434019,0.32965778763685294,-0.17815260566455338
commons-net,oracle,314,0.95,0.0,0.08371418535033724,0.42100304648345654,-0.13118739982675473
commons-net,oracle,314,0.95,0.05,0.0805223015167739,0.4252254478230274,-0.13118739982675473
commons-net,oracle,314,0.95,0.1,0.07637039884967559,0.4199106730872796,-0.13118739982675473
commons-net,oracle,314,0.95,0.25,0.03447585878804218,0.3768252104835456,-0.13118739982675473
commons-net,oracle,314,0.99,0.0,0.0909502241305276,0.5031661238962547,-0.02603620619815708
commons-net,oracle,314,0.99,0.05,0.09044710996663861,0.5145123310002923,-0.02603620619815708
commons-net,oracle,314,0.99,0.1,0.08724246013395172,0.5162658512556014,-0.02603620619815708
commons-net,oracle,314,0.99,0.25,0.05253285556968234,0.4946629228055228,-0.02603620619815708
commons-net,oracle,314,0.995,0.0,0.09837845691920326,0.5217831214120368,0.022428386868982342
commons-net,oracle,314,0.995,0.05,0.09854468912612878,0.5344700182764918,0.022428386868982342
commons-net,oracle,314,0.995,0.1,0.09608616789317005,0.5379563697824697,0.022428386868982342
commons-net,oracle,314,0.995,0.25,0.06730857152175873,0.524774006037434,0.022428386868982342
commons-net,oracle,314,0.999,0.0,0.11040298222366787,0.5305294599029857,0.040032995815023266
commons-net,oracle,314,0.999,0.05,0.11141799386676506,0.5439641147146622,0.040032995815023266
commons-net,oracle,314,0.999,0.1,0.10994728582059891,0.5485224464983736,0.040032995815023266
commons-net,oracle,314,0.999,0.25,0.08835751585412933,0.5419938113986952,0.040032995815023266
commons-net,oracle,999,0.9,0.0,0.10390891975557996,0.39155059424960464,-0.1477496575790395
commons-net,oracle,999,0.9,0.05,0.1014842646475985,0.3922196127049686,-0.1477496575790395
commons-net,oracle,999,0.9,0.1,0.10147167522425303,0.3869854659585106,-0.1477496575790395
commons-net,oracle,999,0.9,0.25,0.06238912598480736,0.34713089385302176,-0.1477496575790395
commons-net,oracle,999,0.95,0.0,0.10125923523911198,0.42790918907636244,-0.11350963753277342
commons-net,oracle,999,0.95,0.05,0.1010311297055371,0.43291211845827954,-0.11350963753277342
commons-net,oracle,999,0.95,0.1,0.09996543250444834,0.4288077123525318,-0.11350963753277342
commons-net,oracle,999,0.95,0.25,0.061283929210987374,0.39004194329496705,-0.11350963753277342
commons-net,oracle,999,0.99,0.0,0.11078939337351339,0.5184658671514119,-0.03944701367315567
commons-net,oracle,999,0.99,0.05,0.11354543868323068,0.5309716708383843,-0.03944701367315567
commons-net,oracle,999,0.99,0.1,0.11375351923134684,0.5341555075176724,-0.03944701367315567
commons-net,oracle,999,0.99,0.25,0.08797001261261421,0.5196842350448586,-0.03944701367315567
commons-net,oracle,999,0.995,0.0,0.11292028798069743,0.5360254016256917,0.036173613799218705
commons-net,oracle,999,0.995,0.05,0.11608337089635815,0.5498064139915334,0.036173613799218705
commons-net,oracle,999,0.995,0.1,0.11677118739050593,0.5546309628414928,0.036173613799218705
commons-net,oracle,999,0.995,0.25,0.0969516182248577,0.5485740492678869,0.036173613799218705
commons-net,oracle,999,0.999,0.0,0.11048834505000645,0.5361780764845665,0.06401097403493547
commons-net,oracle,999,0.999,0.05,0.11375160591068058,0.5502467322587496,0.06401097403493547
commons-net,oracle,999,0.999,0.1,0.1146218356850246,0.5556189704059014,0.06401097403493547
commons-net,oracle,999,0.999,0.25,0.09972305759833504,0.554391736597353,0.06401097403493547
commons-net,BSZZ,7,0.9,0.0,0.06099449863705289,0.4457721366659241,-0.20451310137428105
commons-net,BSZZ,7,0.9,0.05,0.07397179091450991,0.46153126538667105,-0.20451310137428105
commons-net,BSZZ,7,0.9,0.1,0.07889376904592194,0.46277797221945455,-0.20451310137428105
commons-net,BSZZ,7,0.9,0.25,0.07676631886574653,0.4572458258850581,-0.20451310137428105
commons-net,BSZZ,7,0.95,0.0,0.06187732263381928,0.47448486724623334,-0.1548198690973555
commons-net,BSZZ,7,0.95,0.05,0.07755202665087217,0.49358618799566173,-0.1548198690973555
commons-net,BSZZ,7,0.95,0.1,0.08445467993724384,0.49628697060623145,-0.1548198690973555
commons-net,BSZZ,7,0.95,0.25,0.08275461071037912,0.49012931799737025,-0.1548198690973555
commons-net,BSZZ,7,0.99,0.0,0.0418003391661799,0.5092141120511582,-0.00934295239598391
commons-net,BSZZ,7,0.99,0.05,0.05849936645220828,0.5319945833391275,-0.00934295239598391
commons-net,BSZZ,7,0.99,0.1,0.07194082254481673,0.540746610715401,-0.00934295239598391
commons-net,BSZZ,7,0.99,0.25,0.08268197185598383,0.5474332027971784,-0.00934295239598391
commons-net,BSZZ,7,0.995,0.0,0.03355302630532016,0.5110679356019726,0.017370969360213408
commons-net,BSZZ,7,0.995,0.05,0.050005369383620706,0.5341602825849322,0.017370969360213408
commons-net,BSZZ,7,0.995,0.1,0.06434905344850866,0.5440191550872022,0.017370969360213408
commons-net,BSZZ,7,0.995,0.25,0.0817114690597247,0.5561990196639345,0.017370969360213408
commons-net,BSZZ,7,0.999,0.0,0.015382914123650488,0.4999755109466028,0.04623432688048498
commons-net,BSZZ,7,0.999,0.05,0.031012216803043377,0.5226507900008293,0.04623432688048498
commons-net,BSZZ,7,0.999,0.1,0.04539575128914414,0.5327227444807338,0.04623432688048498
commons-net,BSZZ,7,0.999,0.25,0.0671911240681627,0.5478300074907093,0.04623432688048498
commons-net,BSZZ,13,0.9,0.0,0.054558418772691394,0.44333518112564557,-0.1966586298172408
commons-net,BSZZ,13,0.9,0.05,0.0677768796816042,0.45931094256946886,-0.1966586298172408
commons-net,BSZZ,13,0.9,0.1,0.08581630989344351,0.46833797925098725,-0.1966586298172408
commons-net,BSZZ,13,0.9,0.25,0.08274941642330456,0.462324143813271,-0.1966586298172408
commons-net,BSZZ,13,0.95,0.0,0.05513635343767036,0.4703265174435595,-0.14547498718108182
commons-net,BSZZ,13,0.95,0.05,0.07089592362687076,0.48939206189016976,-0.14547498718108182
commons-net,BSZZ,13,0.95,0.1,0.08814900933271892,0.4981330314414614,-0.14547498718108182
commons-net,BSZZ,13,0.95,0.25,0.09242965847587468,0.4961012500740148,-0.14547498718108182
commons-net,BSZZ,13,0.99,0.0,0.03159945586383544,0.5027831274639695,-0.004630532873593212
commons-net,BSZZ,13,0.99,0.05,0.04806420545191991,0.5253036000515253,-0.004630532873593212
commons-net,BSZZ,13,0.99,0.1,0.0670767110432418,0.5375017414955012,-0.004630532873593212
commons-net,BSZZ,13,0.99,0.25,0.0929941343773567,0.5540861030937636,-0.004630532873593212
commons-net,BSZZ,13,0.995,0.0,0.019560452702297972,0.5022303927506347,0.021536129758905488
commons-net,BSZZ,13,0.995,0.05,0.035560781941390125,0.5249266668016169,0.021536129758905488
commons-net,BSZZ,13,0.995,0.1,0.054611314935034225,0.5377073788383825,0.021536129758905488
commons-net,BSZZ,13,0.995,0.25,0.08751372322654546,0.5598326806685304,0.021536129758905488
commons-net,BSZZ,13,0.999,0.0,-0.007399206063974501,0.48503120485190243,0.04689566829755329
commons-net,BSZZ,13,0.999,0.05,0.007301270145061135,0.5069822890913628,0.04689566829755329
commons-net,BSZZ,13,0.999,0.1,0.025382478839603494,0.5193143501524922,0.04689566829755329
commons-net,BSZZ,13,0.999,0.25,0.061305695429713813,0.5431898708142809,0.04689566829755329
commons-net,BSZZ,21,0.9,0.0,0.07163233192100948,0.4398340685492067,-0.19629115882795378
commons-net,BSZZ,21,0.9,0.05,0.08558112829600409,0.45544466315843896,-0.19629115882795378
commons-net,BSZZ,21,0.9,0.1,0.0958550057846253,0.4583837449518828,-0.19629115882795378
commons-net,BSZZ,21,0.9,0.25,0.07429928848790555,0.43709358475948,-0.19629115882795378
commons-net,BSZZ,21,0.95,0.0,0.07013678404271324,0.46830900856948765,-0.14339865964859602
commons-net,BSZZ,21,0.95,0.05,0.0866355755167392,0.4871820187241956,-0.14339865964859602
commons-net,BSZZ,21,0.95,0.1,0.09841865048436596,0.4919713910743889,-0.14339865964859602
commons-net,BSZZ,21,0.95,0.25,0.08301499897347354,0.47431036964814716,-0.14339865964859602
commons-net,BSZZ,21,0.99,0.0,0.04967516392859802,0.5093429641478925,-0.002632829177947688
commons-net,BSZZ,21,0.99,0.05,0.0671147540692342,0.5321778699872272,-0.002632829177947688
commons-net,BSZZ,21,0.99,0.1,0.08402774419772965,0.5432601243743373,-0.002632829177947688
commons-net,BSZZ,21,0.99,0.25,0.09039110690175912,0.5463242179808693,-0.002632829177947688
commons-net,BSZZ,21,0.995,0.0,0.043017134530307276,0.5142346828198561,0.021451808660048637
commons-net,BSZZ,21,0.995,0.05,0.06028339436894881,0.5375365144907165,0.021451808660048637
commons-net,BSZZ,21,0.995,0.1,0.07795767529152065,0.5498187993798697,0.021451808660048637
commons-net,BSZZ,21,0.995,0.25,0.09343678078983475,0.5605809482695285,0.021451808660048637
commons-net,BSZZ,21,0.999,0.0,0.028215764733041975,0.5072093713238794,0.05260618382111023
commons-net,BSZZ,21,0.999,0.05,0.04482772798003955,0.5303044925523072,0.05260618382111023
commons-net,BSZZ,21,0.999,0.1,0.06255082743697975,0.5429571698444848,0.05260618382111023
commons-net,BSZZ,21,0.999,0.25,0.08506708989654974,0.5589282725621789,0.05260618382111023
commons-net,BSZZ,42,0.9,0.0,0.06506802343495134,0.4321861168337075,-0.2045131010729124
commons-net,BSZZ,42,0.9,0.05,0.07852131231336683,0.4474204482153231,-0.2045131010729124
commons-net,BSZZ,42,0.9,0.1,0.08758421994395583,0.4497133292363119,-0.2045131010729124
commons-net,BSZZ,42,0.9,0.25,0.0715912123982682,0.42839566901673093,-0.2045131010729124
commons-net,BSZZ,42,0.95,0.0,0.06276084978779674,0.4602680720376577,-0.1548201094357505
commons-net,BSZZ,42,0.95,0.05,0.07868362356343621,0.4787143068256122,-0.1548201094357505
commons-net,BSZZ,42,0.95,0.1,0.08807784080508024,0.48166744159676506,-0.1548201094357505
commons-net,BSZZ,42,0.95,0.25,0.0745477138373457,0.4631521633738401,-0.1548201094357505
commons-net,BSZZ,42,0.99,0.0,0.0411783859675239,0.5031020480810194,-0.010983452759019957
commons-net,BSZZ,42,0.99,0.05,0.05797153573240008,0.5255954307145605,-0.010983452759019957
commons-net,BSZZ,42,0.99,0.1,0.07202125146142754,0.5344393394624762,-0.010983452759019957
commons-net,BSZZ,42,0.99,0.25,0.07578003347248242,0.5352812901733571,-0.010983452759019957
commons-net,BSZZ,42,0.995,0.0,0.0344068274181737,0.5083416172512613,0.014372625514541552
commons-net,BSZZ,42,0.995,0.05,0.05102100330651375,0.5313200407132558,0.014372625514541552
commons-net,BSZZ,42,0.995,0.1,0.06588334512503875,0.5413946477159445,0.014372625514541552
commons-net,BSZZ,42,0.995,0.25,0.0779096944411375,0.5493978963200861,0.014372625514541552
commons-net,BSZZ,42,0.999,0.0,0.019809549850535672,0.5016585301120616,0.04332108144328873
commons-net,BSZZ,42,0.999,0.05,0.035780765891260384,0.5244482279440631,0.04332108144328873
commons-net,BSZZ,42,0.999,0.1,0.05077277155558377,0.5349392806618785,0.04332108144328873
commons-net,BSZZ,42,0.999,0.25,0.06920702359141424,0.5476476002157676,0.04332108144328873
commons-net,BSZZ,77,0.9,0.0,0.0347690417422539,0.4136527804673461,-0.19665860803900942
commons-net,BSZZ,77,0.9,0.05,0.0467892934544924,0.428046040851245,-0.19665860803900942
commons-net,BSZZ,77,0.9,0.1,0.06005638471183945,0.43274190703469945,-0.19665860803900942
commons-net,BSZZ,77,0.9,0.25,0.05512940092212393,0.42362518296860896,-0.19665860803900942
commons-net,BSZZ,77,0.95,0.0,0.03553245305580833,0.4457262188121124,-0.14545076549447933
commons-net,BSZZ,77,0.95,0.05,0.05009828009056209,0.4634695152052025,-0.14545076549447933
commons-net,BSZZ,77,0.95,0.1,0.06381171809655016,0.46929863324779736,-0.14545076549447933
commons-net,BSZZ,77,0.95,0.25,0.06250852520523155,0.4615395775913959,-0.14545076549447933
commons-net,BSZZ,77,0.99,0.0,0.013802202946149176,0.48570395275975553,-0.0032833870575247107
commons-net,BSZZ,77,0.99,0.05,0.029179101301178473,0.5073023487839863,-0.0032833870575247107
commons-net,BSZZ,77,0.99,0.1,0.045916282691983876,0.5181105187823818,-0.0032833870575247107
commons-net,BSZZ,77,0.99,0.25,0.06271845046407627,0.5281679995916468,-0.0032833870575247107
commons-net,BSZZ,77,0.995,0.0,0.001376594035337096,0.48601449607736547,0.018739131583922108
commons-net,BSZZ,77,0.995,0.05,0.016271974049490604,0.5078353949194093,0.018739131583922108
commons-net,BSZZ,77,0.995,0.1,0.03315728495378614,0.5194052780519681,0.018739131583922108
commons-net,BSZZ,77,0.995,0.25,0.05644033542317644,0.5353141233310459,0.018739131583922108
commons-net,BSZZ,77,0.999,0.0,-0.025000515739647313,0.4704915202261592,0.026764558212358076
commons-net,BSZZ,77,0.999,0.05,-0.011371435950811174,0.4916564813342849,0.026764558212358076
commons-net,BSZZ,77,0.999,0.1,0.004678238836494446,0.5029707898562775,0.026764558212358076
commons-net,BSZZ,77,0.999,0.25,0.03091210458189617,0.5212713745580052,0.026764558212358076
commons-net,BSZZ,101,0.9,0.0,0.051543021481045094,0.4218851967034039,-0.20421147446330234
commons-net,BSZZ,101,0.9,0.05,0.06300717685106365,0.43592514593433057,-0.20421147446330234
commons-net,BSZZ,101,0.9,0.1,0.06911383514548987,0.4351210019610885,-0.20421147446330234
commons-net,BSZZ,101,0.9,0.25,0.07346787693776924,0.42921412916256246,-0.20421147446330234
commons-net,BSZZ,101,0.95,0.0,0.050838261413391525,0.4523246565493736,-0.15290732773375768
commons-net,BSZZ,101,0.95,0.05,0.06504082970707349,0.46997436254511543,-0.15290732773375768
commons-net,BSZZ,101,0.95,0.1,0.07081265083383176,0.470107966569038,-0.15290732773375768
commons-net,BSZZ,101,0.95,0.25,0.07615684117754978,0.4644716603892636,-0.15290732773375768
commons-net,BSZZ,101,0.99,0.0,0.029822726752145836,0.4949535806626875,-0.009445161626330571
commons-net,BSZZ,101,0.99,0.05,0.045194545683378065,0.5168416521405552,-0.009445161626330571
commons-net,BSZZ,101,0.99,0.1,0.055391934790113895,0.5236291078168004,-0.009445161626330571
commons-net,BSZZ,101,0.99,0.25,0.06991574538196091,0.5314454562900199,-0.009445161626330571
commons-net,BSZZ,101,0.995,0.0,0.021024672230853015,0.49837343004273854,0.01350875813388028
commons-net,BSZZ,101,0.995,0.05,0.03615100153373915,0.5206704147499338,0.01350875813388028
commons-net,BSZZ,101,0.995,0.1,0.04709689900330002,0.5287349349791775,0.01350875813388028
commons-net,BSZZ,101,0.995,0.25,0.0660952262816226,0.5413475848930557,0.01350875813388028
commons-net,BSZZ,101,0.999,0.0,0.002154380185860066,0.488459914744901,0.03191321919974868
commons-net,BSZZ,101,0.999,0.05,0.016445568632498263,0.5104128795090486,0.03191321919974868
commons-net,BSZZ,101,0.999,0.1,0.027332884696158768,0.5188302582937957,0.03191321919974868
commons-net,BSZZ,101,0.999,0.25,0.04861003089883087,0.5336348509749675,0.03191321919974868
commons-net,BSZZ,123,0.9,0.0,0.07211382876576426,0.43238520698533484,-0.20547538816522212
commons-net,BSZZ,123,0.9,0.05,0.0860476250555992,0.44771673298327735,-0.20547538816522212
commons-net,BSZZ,123,0.9,0.1,0.09477035538709697,0.4498191918314197,-0.20547538816522212
commons-net,BSZZ,123,0.9,0.25,0.07782834897702691,0.4292464486882026,-0.20547538816522212
commons-net,BSZZ,123,0.95,0.0,0.06882056666576032,0.46056390784254114,-0.158208328758957
commons-net,BSZZ,123,0.95,0.05,0.08513544383623248,0.47906164743564056,-0.158208328758957
commons-net,BSZZ,123,0.95,0.1,0.09485751132078041,0.4821525572194803,-0.158208328758957
commons-net,BSZZ,123,0.95,0.25,0.08331371632449863,0.4654990415813112,-0.158208328758957
commons-net,BSZZ,123,0.99,0.0,0.048186256348232905,0.505946560220584,-0.013910872296884858
commons-net,BSZZ,123,0.99,0.05,0.06538908425337142,0.5286011413536676,-0.013910872296884858
commons-net,BSZZ,123,0.99,0.1,0.08035186880646492,0.5378468839898121,-0.013910872296884858
commons-net,BSZZ,123,0.99,0.25,0.08810253754092451,0.5411723699926811,-0.013910872296884858
commons-net,BSZZ,123,0.995,0.0,0.04220693484262922,0.5122533140123957,0.014171494649662426
commons-net,BSZZ,123,0.995,0.05,0.05926866641900122,0.535447227493547,0.014171494649662426
commons-net,BSZZ,123,0.995,0.1,0.07511086052592937,0.5459777687513849,0.014171494649662426
commons-net,BSZZ,123,0.995,0.25,0.0912716409678212,0.5564945892233394,0.014171494649662426
commons-net,BSZZ,123,0.999,0.0,0.028201655757439284,0.5062968583187586,0.051852108041117256
commons-net,BSZZ,123,0.999,0.05,0.04464864257045147,0.5293389633563723,0.051852108041117256
commons-net,BSZZ,123,0.999,0.1,0.06066273946435533,0.5403177769866397,0.051852108041117256
commons-net,BSZZ,123,0.999,0.25,0.08327676262422562,0.5555155033138295,0.051852108041117256
commons-net,BSZZ,202,0.9,0.0,0.06389685085817397,0.4600967869444444,-0.20847203054493846
commons-net,BSZZ,202,0.9,0.05,0.07728855695320962,0.4767987216370471,-0.20847203054493846
commons-net,BSZZ,202,0.9,0.1,0.08810091589683161,0.4828312474832028,-0.20847203054493846
commons-net,BSZZ,202,0.9,0.25,0.08511332010203654,0.47780714241874134,-0.20847203054493846
commons-net,BSZZ,202,0.95,0.0,0.06372368458891908,0.48564189671227975,-0.1607146080466356
commons-net,BSZZ,202,0.95,0.05,0.07969708629776309,0.5054223419995572,-0.1607146080466356
commons-net,BSZZ,202,0.95,0.1,0.09092599547904308,0.5113941032086446,-0.1607146080466356
commons-net,BSZZ,202,0.95,0.25,0.09076386166792519,0.507503158343787,-0.1607146080466356
commons-net,BSZZ,202,0.99,0.0,0.04330688990127668,0.5135812558814293,-0.01912964002004761
commons-net,BSZZ,202,0.99,0.05,0.06021196099975865,0.5366256578922689,-0.01912964002004761
commons-net,BSZZ,202,0.99,0.1,0.07565311520724999,0.5467699823140536,-0.01912964002004761
commons-net,BSZZ,202,0.99,0.25,0.09120381629572634,0.5572328924275788,-0.01912964002004761
commons-net,BSZZ,202,0.995,0.0,0.03443906388758543,0.5139146514583269,0.010579255783599648
commons-net,BSZZ,202,0.995,0.05,0.05105493483910581,0.5371861170945895,0.010579255783599648
commons-net,BSZZ,202,0.995,0.1,0.067081749598269,0.5481666437458361,0.010579255783599648
commons-net,BSZZ,202,0.995,0.25,0.08949795243818974,0.5639266768232559,0.010579255783599648
commons-net,BSZZ,202,0.999,0.0,0.014020574107945945,0.5002771014882096,0.04691239546707542
commons-net,BSZZ,202,0.999,0.05,0.029687393302111953,0.5229941608198019,0.04691239546707542
commons-net,BSZZ,202,0.999,0.1,0.04541695317698865,0.5339039870645863,0.04691239546707542
commons-net,BSZZ,202,0.999,0.25,0.07197360180115295,0.5520190415283998,0.04691239546707542
commons-net,BSZZ,314,0.9,0.0,0.03492156863004817,0.4372446673708225,-0.20451298974528132
commons-net,BSZZ,314,0.9,0.05,0.04707905464929925,0.4527576324669743,-0.20451298974528132
commons-net,BSZZ,314,0.9,0.1,0.05815407632211757,0.45697468690465126,-0.20451298974528132
commons-net,BSZZ,314,0.9,0.25,0.05563020375546551,0.4523358827618865,-0.20451298974528132
commons-net,BSZZ,314,0.95,0.0,0.03410026142394704,0.46513572606709036,-0.1547789463421654
commons-net,BSZZ,314,0.95,0.05,0.04876574415889861,0.4839020668102883,-0.1547789463421654
commons-net,BSZZ,314,0.95,0.1,0.059402338064233826,0.4887358861283687,-0.1547789463421654
commons-net,BSZZ,314,0.95,0.25,0.058567639008239566,0.48470145171330997,-0.1547789463421654
commons-net,BSZZ,314,0.99,0.0,0.014482267212834035,0.49238613612863186,-0.009670204855759859
commons-net,BSZZ,314,0.99,0.05,0.030117464324329733,0.5143731937256815,-0.009670204855759859
commons-net,BSZZ,314,0.99,0.1,0.04399976346733031,0.5240424531098433,-0.009670204855759859
commons-net,BSZZ,314,0.99,0.25,0.05788950044942766,0.5334065365310999,-0.009670204855759859
commons-net,BSZZ,314,0.995,0.0,0.005301217862633052,0.49118721046909014,0.010212845133277854
commons-net,BSZZ,314,0.995,0.05,0.020627842936979467,0.5133174444553951,0.010212845133277854
commons-net,BSZZ,314,0.995,0.1,0.034975348512110295,0.5237840365966461,0.010212845133277854
commons-net,BSZZ,314,0.995,0.25,0.055248289407955335,0.5381252708612282,0.010212845133277854
commons-net,BSZZ,314,0.999,0.0,-0.01513149038680668,0.47792739756596764,0.024988252182543736
commons-net,BSZZ,314,0.999,0.05,-0.0007576776640549846,0.4995202436847986,0.024988252182543736
commons-net,BSZZ,314,0.999,0.1,0.013223952990509064,0.5099644113190589,0.024988252182543736
commons-net,BSZZ,314,0.999,0.25,0.03713569667435169,0.5268101872738532,0.024988252182543736
commons-net,BSZZ,999,0.9,0.0,0.05351838528448397,0.43078963533209536,-0.19665860804161475
commons-net,BSZZ,999,0.9,0.05,0.06636436924606737,0.4459505367004807,-0.19665860804161475
commons-net,BSZZ,999,0.9,0.1,0.0769009805878076,0.45021078622643224,-0.19665860804161475
commons-net,BSZZ,999,0.9,0.25,0.07840844786289812,0.44638777082161246,-0.19665860804161475
commons-net,BSZZ,999,0.95,0.0,0.053735938754971395,0.4606262565838945,-0.14545087445303165
commons-net,BSZZ,999,0.95,0.05,0.06918416321808672,0.4790913254888341,-0.14545087445303165
commons-net,BSZZ,999,0.95,0.1,0.08011072690277724,0.4836790207873052,-0.14545087445303165
commons-net,BSZZ,999,0.95,0.25,0.08483157120215694,0.4803452496195864,-0.14545087445303165
commons-net,BSZZ,999,0.99,0.0,0.031989514474308915,0.4996090940470358,-0.0033127830985056213
commons-net,BSZZ,999,0.99,0.05,0.048299493531560656,0.5219188096140013,-0.0033127830985056213
commons-net,BSZZ,999,0.99,0.1,0.06333121246035142,0.5313492902961331,-0.0033127830985056213
commons-net,BSZZ,999,0.99,0.25,0.08150809658137431,0.5421477819583941,-0.0033127830985056213
commons-net,BSZZ,999,0.995,0.0,0.0217988637121153,0.5014927470353688,0.021132374637135062
commons-net,BSZZ,999,0.995,0.05,0.03775008564032456,0.5241110421104245,0.021132374637135062
commons-net,BSZZ,999,0.995,0.1,0.053287820781824494,0.5344628123438424,0.021132374637135062
commons-net,BSZZ,999,0.995,0.25,0.0773042750530193,0.5503957735228727,0.021132374637135062
commons-net,BSZZ,999,0.999,0.0,-0.00010728709587645893,0.4889200788690125,0.042915909996910515
commons-net,BSZZ,999,0.999,0.05,0.014816658645318616,0.5110399614243841,0.042915909996910515
commons-net,BSZZ,999,0.999,0.1,0.02996757754281061,0.5213779025112758,0.042915909996910515
commons-net,BSZZ,999,0.999,0.25,0.05710444891649626,0.5394730697043929,0.042915909996910515
commons-net,AGSZZ,7,0.9,0.0,0.049143213231566014,0.44108640048782555,-0.13328304414416084
commons-net,AGSZZ,7,0.9,0.05,0.060018935795911596,0.45233353179573876,-0.13328304414416084
commons-net,AGSZZ,7,0.9,0.1,0.08280375540634917,0.46420244557924106,-0.13328304414416084
commons-net,AGSZZ,7,0.9,0.25,0.10350383202060563,0.47582578849809004,-0.13328304414416084
commons-net,AGSZZ,7,0.95,0.0,0.04321841896819176,0.47726265480012764,-0.10798199307037186
commons-net,AGSZZ,7,0.95,0.05,0.056596179378451156,0.4923913680825307,-0.10798199307037186
commons-net,AGSZZ,7,0.95,0.1,0.07743211603592007,0.5041923941839719,-0.10798199307037186
commons-net,AGSZZ,7,0.95,0.25,0.10113780807664086,0.5186333365747747,-0.10798199307037186
commons-net,AGSZZ,7,0.99,0.0,0.016487774188700226,0.5077247550891087,0.017014817340763183
commons-net,AGSZZ,7,0.99,0.05,0.030735007927192446,0.5264647900730982,0.017014817340763183
commons-net,AGSZZ,7,0.99,0.1,0.05050786699620281,0.539990673949771,0.017014817340763183
commons-net,AGSZZ,7,0.99,0.25,0.08900627850132652,0.5681921357911873,0.017014817340763183
commons-net,AGSZZ,7,0.995,0.0,-0.004207560446476694,0.49513065985496035,0.0713567252393724
commons-net,AGSZZ,7,0.995,0.05,0.009157473093723202,0.5134520212558743,0.0713567252393724
commons-net,AGSZZ,7,0.995,0.1,0.028061464120834947,0.5264950692429464,0.0713567252393724
commons-net,AGSZZ,7,0.995,0.25,0.06925130016758305,0.5562368149876079,0.0713567252393724
commons-net,AGSZZ,7,0.999,0.0,-0.051272911333959885,0.45828987738196036,0.05990087956495724
commons-net,AGSZZ,7,0.999,0.05,-0.040236637677049936,0.47486536110620853,0.05990087956495724
commons-net,AGSZZ,7,0.999,0.1,-0.0237800212246222,0.48600300189146933,0.05990087956495724
commons-net,AGSZZ,7,0.999,0.25,0.013663111848536642,0.5118174373038594,0.05990087956495724
commons-net,AGSZZ,13,0.9,0.0,0.04007229342122511,0.4297725289562105,-0.13564318022561203
commons-net,AGSZZ,13,0.9,0.05,0.051224772168872126,0.44088649859311624,-0.13564318022561203
commons-net,AGSZZ,13,0.9,0.1,0.0759981424224437,0.4531753096640013,-0.13564318022561203
commons-net,AGSZZ,13,0.9,0.25,0.08145375772014182,0.4540239181718264,-0.13564318022561203
commons-net,AGSZZ,13,0.95,0.0,0.03331161601550445,0.46672824535971263,-0.1038780936571519
commons-net,AGSZZ,13,0.95,0.05,0.04695130563999663,0.4816532049194704,-0.1038780936571519
commons-net,AGSZZ,13,0.95,0.1,0.0693351745913852,0.4938594567804183,-0.1038780936571519
commons-net,AGSZZ,13,0.95,0.25,0.07872302070978915,0.4990933690424327,-0.1038780936571519
commons-net,AGSZZ,13,0.99,0.0,0.012639639161729346,0.5015141127116286,0.00894066826595592
commons-net,AGSZZ,13,0.99,0.05,0.027384539127647784,0.5201530506248057,0.00894066826595592
commons-net,AGSZZ,13,0.99,0.1,0.04855741151662593,0.5340235753594431,0.00894066826595592
commons-net,AGSZZ,13,0.99,0.25,0.08028862636520387,0.5568242327148835,0.00894066826595592
commons-net,AGSZZ,13,0.995,0.0,-0.003530426723878975,0.493105832489709,0.05540905773555659
commons-net,AGSZZ,13,0.995,0.05,0.010551592573320242,0.511530342004483,0.05540905773555659
commons-net,AGSZZ,13,0.995,0.1,0.03105559761721322,0.5251060987234724,0.05540905773555659
commons-net,AGSZZ,13,0.995,0.25,0.06879647304711523,0.5514183042379064,0.05540905773555659
commons-net,AGSZZ,13,0.999,0.0,-0.04208354926450165,0.4647236071959241,0.05428950154045369
commons-net,AGSZZ,13,0.999,0.05,-0.02989875862896485,0.4818345331605654,0.05428950154045369
commons-net,AGSZZ,13,0.999,0.1,-0.01139488089952353,0.49395369156610813,0.05428950154045369
commons-net,AGSZZ,13,0.999,0.25,0.026511617797418674,0.5191729142510633,0.05428950154045369
commons-net,AGSZZ,21,0.9,0.0,0.059442976644703514,0.4426385273748951,-0.1368982723951417
commons-net,AGSZZ,21,0.9,0.05,0.0711542554430154,0.4541105138551016,-0.1368982723951417
commons-net,AGSZZ,21,0.9,0.1,0.07951764316710955,0.4560183216048576,-0.1368982723951417
commons-net,AGSZZ,21,0.9,0.25,0.07918116989933673,0.4481551536139459,-0.1368982723951417
commons-net,AGSZZ,21,0.95,0.0,0.05104348914646552,0.4772721191980051,-0.1073577862962822
commons-net,AGSZZ,21,0.95,0.05,0.06523430229134757,0.49255015941282454,-0.1073577862962822
commons-net,AGSZZ,21,0.95,0.1,0.07419504195309548,0.4963588050573402,-0.1073577862962822
commons-net,AGSZZ,21,0.95,0.25,0.07551653361553437,0.4929833003933825,-0.1073577862962822
commons-net,AGSZZ,21,0.99,0.0,0.034043262126068556,0.5132070429727424,0.0009073328445508841
commons-net,AGSZZ,21,0.99,0.05,0.04965147472042722,0.5323657450078524,0.0009073328445508841
commons-net,AGSZZ,21,0.99,0.1,0.06370322100659388,0.5416037370297306,0.0009073328445508841
commons-net,AGSZZ,21,0.99,0.25,0.07693856481639104,0.5514813584787182,0.0009073328445508841
commons-net,AGSZZ,21,0.995,0.0,0.02526395852182389,0.5103874261032166,0.04633802425555521
commons-net,AGSZZ,21,0.995,0.05,0.040615598261207295,0.5296364127308476,0.04633802425555521
commons-net,AGSZZ,21,0.995,0.1,0.05534113786215371,0.5394809085910389,0.04633802425555521
commons-net,AGSZZ,21,0.995,0.25,0.07425923316042041,0.5529110173965056,0.04633802425555521
commons-net,AGSZZ,21,0.999,0.0,0.0031489963215548386,0.49439697803325766,0.06058135099994597
commons-net,AGSZZ,21,0.999,0.05,0.017481954358833793,0.5129920826291973,0.06058135099994597
commons-net,AGSZZ,21,0.999,0.1,0.03187393817948899,0.5225570204716331,0.06058135099994597
commons-net,AGSZZ,21,0.999,0.25,0.05370050507243828,0.536972303494273,0.06058135099994597
commons-net,AGSZZ,42,0.9,0.0,0.044769284677600836,0.4317358433028775,0.6358753143894832
commons-net,AGSZZ,42,0.9,0.05,0.05612943483945487,0.4429305465531971,0.6358753143894832
commons-net,AGSZZ,42,0.9,0.1,0.07949819570457133,0.45455003389813087,0.6358753143894832
commons-net,AGSZZ,42,0.9,0.25,0.08658854552054565,0.4555433716808155,0.6358753143894832
commons-net,AGSZZ,42,0.95,0.0,0.03674127793206027,0.46943003346433215,0.4143115539758406
commons-net,AGSZZ,42,0.95,0.05,0.05052735081611468,0.4844801591376324,0.4143115539758406
commons-net,AGSZZ,42,0.95,0.1,0.07180482410253201,0.49619089379866377,0.4143115539758406
commons-net,AGSZZ,42,0.95,0.25,0.08357796265355545,0.5017994376596809,0.4143115539758406
commons-net,AGSZZ,42,0.99,0.0,0.013617666369004768,0.5032098655791416,0.12127591488882844
commons-net,AGSZZ,42,0.99,0.05,0.028389012321274904,0.5219290191393381,0.12127591488882844
commons-net,AGSZZ,42,0.99,0.1,0.04885643716190209,0.5355608707658284,0.12127591488882844
commons-net,AGSZZ,42,0.99,0.25,0.08050890176253678,0.5579082344136641,0.12127591488882844
commons-net,AGSZZ,42,0.995,0.0,-0.00338252720501146,0.4939803311209022,0.10511706516739996
commons-net,AGSZZ,42,0.995,0.05,0.010683726057561264,0.5124427871088126,0.10511706516739996
commons-net,AGSZZ,42,0.995,0.1,0.030510946734482663,0.5257782982234982,0.10511706516739996
commons-net,AGSZZ,42,0.995,0.25,0.06699416279626147,0.5510430419119944,0.10511706516739996
commons-net,AGSZZ,42,0.999,0.0,-0.042335733221485254,0.4648630964139291,0.06463260713746577
commons-net,AGSZZ,42,0.999,0.05,-0.03018657251639738,0.48197401728821077,0.06463260713746577
commons-net,AGSZZ,42,0.999,0.1,-0.012322396360872727,0.4938456127762519,0.06463260713746577
commons-net,AGSZZ,42,0.999,0.25,0.023486147113287174,0.5175155766291496,0.06463260713746577
commons-net,AGSZZ,77,0.9,0.0,0.06652751284342527,0.42425916442342143,-0.1356796059999292
commons-net,AGSZZ,77,0.9,0.05,0.07907106416162928,0.43508322944639655,-0.1356796059999292
commons-net,AGSZZ,77,0.9,0.1,0.09592467656415765,0.4431633914435948,-0.1356796059999292
commons-net,AGSZZ,77,0.9,0.25,0.09410548003421998,0.43410114655409593,-0.1356796059999292
commons-net,AGSZZ,77,0.95,0.0,0.0628285175908531,0.4646277134011462,-0.10458661384478991
commons-net,AGSZZ,77,0.95,0.05,0.07802026964559836,0.47944222245416235,-0.10458661384478991
commons-net,AGSZZ,77,0.95,0.1,0.09497589664478513,0.48794074296309814,-0.10458661384478991
commons-net,AGSZZ,77,0.95,0.25,0.09744752434549768,0.48310049189954574,-0.10458661384478991
commons-net,AGSZZ,77,0.99,0.0,0.04303257726232367,0.5138370962631594,0.010813570565664846
commons-net,AGSZZ,77,0.99,0.05,0.05937560355090245,0.533124003264492,0.010813570565664846
commons-net,AGSZZ,77,0.99,0.1,0.07910259385067488,0.5456630735960263,0.010813570565664846
commons-net,AGSZZ,77,0.99,0.25,0.10230608961682701,0.5607123150106967,0.010813570565664846
commons-net,AGSZZ,77,0.995,0.0,0.027070858833904997,0.5096789422719483,0.0676940424668522
commons-net,AGSZZ,77,0.995,0.05,0.04276195981301585,0.5289749016907649,0.0676940424668522
commons-net,AGSZZ,77,0.995,0.1,0.062353635605388445,0.5417427164289275,0.0676940424668522
commons-net,AGSZZ,77,0.995,0.25,0.09156097214809766,0.561612582687171,0.0676940424668522
commons-net,AGSZZ,77,0.999,0.0,-0.01087551473427139,0.484542204002258,0.07201931308681689
commons-net,AGSZZ,77,0.999,0.05,0.0029502617544981775,0.5026952345877018,0.07201931308681689
commons-net,AGSZZ,77,0.999,0.1,0.020962664865438605,0.5144126078082313,0.07201931308681689
commons-net,AGSZZ,77,0.999,0.25,0.05082579401208775,0.5343973468202782,0.07201931308681689
commons-net,AGSZZ,101,0.9,0.0,0.07563651030195935,0.46599567403386405,-0.13489023216737558
commons-net,AGSZZ,101,0.9,0.05,0.08865903237854636,0.4790143348673412,-0.13489023216737558
commons-net,AGSZZ,101,0.9,0.1,0.09448330440539467,0.48144363615739016,-0.13489023216737558
commons-net,AGSZZ,101,0.9,0.25,0.10495827876193634,0.4869900336340761,-0.13489023216737558
commons-net,AGSZZ,101,0.95,0.0,0.06811588891399604,0.499750064112425,-0.08016750893251778
commons-net,AGSZZ,101,0.95,0.05,0.08358566237164836,0.5164113822169263,-0.08016750893251778
commons-net,AGSZZ,101,0.95,0.1,0.09092350545095225,0.5207190431473069,-0.08016750893251778
commons-net,AGSZZ,101,0.95,0.25,0.10235851825990686,0.5276940228244924,-0.08016750893251778
commons-net,AGSZZ,101,0.99,0.0,0.041165744504937166,0.5241253677352655,0.059575496843046735
commons-net,AGSZZ,101,0.99,0.05,0.05741060869547497,0.5439532542694037,0.059575496843046735
commons-net,AGSZZ,101,0.99,0.1,0.07102058021879597,0.5530790163791212,0.059575496843046735
commons-net,AGSZZ,101,0.99,0.25,0.09224370572280294,0.5691402264459035,0.059575496843046735
commons-net,AGSZZ,101,0.995,0.0,0.026504219064027366,0.5153474970399483,0.08707743790474604
commons-net,AGSZZ,101,0.995,0.05,0.042165524900308976,0.5349415213104154,0.08707743790474604
commons-net,AGSZZ,101,0.995,0.1,0.0563383043318136,0.5443555872853727,0.08707743790474604
commons-net,AGSZZ,101,0.995,0.25,0.08166565766064006,0.5625499889739832,0.08707743790474604
commons-net,AGSZZ,101,0.999,0.0,-0.004642773813053403,0.4909984611300821,0.07514978475194257
commons-net,AGSZZ,101,0.999,0.05,0.00951073365373326,0.5094909756583974,0.07514978475194257
commons-net,AGSZZ,101,0.999,0.1,0.022993737972020943,0.5181667241620629,0.07514978475194257
commons-net,AGSZZ,101,0.999,0.25,0.048740413906692794,0.535236011202387,0.07514978475194257
commons-net,AGSZZ,123,0.9,0.0,0.09674547024605007,0.4564612571494517,0.6292584886323968
commons-net,AGSZZ,123,0.9,0.05,0.11077847694175716,0.468917132317851,0.6292584886323968
commons-net,AGSZZ,123,0.9,0.1,0.1251166029582655,0.47408670588959656,0.6292584886323968
commons-net,AGSZZ,123,0.9,0.25,0.13094703133757807,0.468992419833929,0.6292584886323968
commons-net,AGSZZ,123,0.95,0.0,0.0888983949794497,0.49106441572426285,0.40056160570189486
commons-net,AGSZZ,123,0.95,0.05,0.10523108263035322,0.5071904693722221,0.40056160570189486
commons-net,AGSZZ,123,0.95,0.1,0.11909508961938671,0.5134111893142896,0.40056160570189486
commons-net,AGSZZ,123,0.95,0.25,0.12786448292104424,0.512839291910092,0.40056160570189486
commons-net,AGSZZ,123,0.99,0.0,0.057331139122321635,0.5280593657462302,0.1178501754423542
commons-net,AGSZZ,123,0.99,0.05,0.0741630734856147,0.5480229457132478,0.1178501754423542
commons-net,AGSZZ,123,0.99,0.1,0.09067246396089873,0.5588357522629064,0.1178501754423542
commons-net,AGSZZ,123,0.99,0.25,0.11689634264179073,0.5772871911223222,0.1178501754423542
commons-net,AGSZZ,123,0.995,0.0,0.04020225287721858,0.5223292607825913,0.11212637293488549
commons-net,AGSZZ,123,0.995,0.05,0.05632111092491713,0.5422215599714352,0.11212637293488549
commons-net,AGSZZ,123,0.995,0.1,0.07281732084460513,0.5533541657412816,0.11212637293488549
commons-net,AGSZZ,123,0.995,0.25,0.1043186754432942,0.5761114109887745,0.11212637293488549
commons-net,AGSZZ,123,0.999,0.0,0.004193200911620503,0.4960851556589746,0.08505431360413418
commons-net,AGSZZ,123,0.999,0.05,0.018549418207965056,0.5147783385150503,0.08505431360413418
commons-net,AGSZZ,123,0.999,0.1,0.033754853366690846,0.5249447335408881,0.08505431360413418
commons-net,AGSZZ,123,0.999,0.25,0.06567592463227676,0.547233924912585,0.08505431360413418
commons-net,AGSZZ,202,0.9,0.0,0.02793744768403753,0.3586932261809033,-0.15331139796362253
commons-net,AGSZZ,202,0.9,0.05,0.03934911941938417,0.3666731522201943,-0.15331139796362253
commons-net,AGSZZ,202,0.9,0.1,0.045121286358259086,0.3630412209434508,-0.15331139796362253
commons-net,AGSZZ,202,0.9,0.25,0.04569580497841093,0.34661453234956835,-0.15331139796362253
commons-net,AGSZZ,202,0.95,0.0,0.02106472483799228,0.4044691003866698,-0.11377182002667931
commons-net,AGSZZ,202,0.95,0.05,0.03490487722218454,0.4165364825710408,-0.11377182002667931
commons-net,AGSZZ,202,0.95,0.1,0.041998611375188684,0.4159582629277502,-0.11377182002667931
commons-net,AGSZZ,202,0.95,0.25,0.045717638415375975,0.4047395224975597,-0.11377182002667931
commons-net,AGSZZ,202,0.99,0.0,0.0034838523153445347,0.4706881462337243,-0.048719412413959336
commons-net,AGSZZ,202,0.99,0.05,0.018434219253192007,0.4879470121679805,-0.048719412413959336
commons-net,AGSZZ,202,0.99,0.1,0.03154378512201176,0.4951062788054457,-0.048719412413959336
commons-net,AGSZZ,202,0.99,0.25,0.05085874465937475,0.5037682079275414,-0.048719412413959336
commons-net,AGSZZ,202,0.995,0.0,-0.0036801873451685883,0.4809038966678183,-0.0035598430221816147
commons-net,AGSZZ,202,0.995,0.05,0.011053573907399361,0.49890727843555416,-0.0035598430221816147
commons-net,AGSZZ,202,0.995,0.1,0.025052381004136315,0.5074718836312598,-0.0035598430221816147
commons-net,AGSZZ,202,0.995,0.25,0.0504515602605179,0.522714034047002,-0.0035598430221816147
commons-net,AGSZZ,202,0.999,0.0,-0.02612888925509216,0.47187855688283614,0.029518582539566195
commons-net,AGSZZ,202,0.999,0.05,-0.012468234980439826,0.48957046202256277,0.029518582539566195
commons-net,AGSZZ,202,0.999,0.1,0.001266013761501647,0.49828248807289993,0.029518582539566195
commons-net,AGSZZ,202,0.999,0.25,0.02905474302434449,0.5159475037289606,0.029518582539566195
commons-net,AGSZZ,314,0.9,0.0,0.03218485503464164,0.36495874022088215,-0.13178875376378202
commons-net,AGSZZ,314,0.9,0.05,0.041386562647136915,0.3718750228183961,-0.13178875376378202
commons-net,AGSZZ,314,0.9,0.1,0.04807343420034329,0.369197190635469,-0.13178875376378202
commons-net,AGSZZ,314,0.9,0.25,0.06254485221033869,0.36167376832656545,-0.13178875376378202
commons-net,AGSZZ,314,0.95,0.0,0.030479592442570865,0.4015800487856964,-0.1076073106897737
commons-net,AGSZZ,314,0.95,0.05,0.04248314723191318,0.41248704591240826,-0.1076073106897737
commons-net,AGSZZ,314,0.95,0.1,0.05002277231341982,0.4117361307127438,-0.1076073106897737
commons-net,AGSZZ,314,0.95,0.25,0.06598410915627481,0.4054257458618753,-0.1076073106897737
commons-net,AGSZZ,314,0.99,0.0,0.025214023901761827,0.48797983403532535,-0.04990338435305965
commons-net,AGSZZ,314,0.99,0.05,0.03925898792834007,0.5055136017021188,-0.04990338435305965
commons-net,AGSZZ,314,0.99,0.1,0.052161237272660914,0.512967071304966,-0.04990338435305965
commons-net,AGSZZ,314,0.99,0.25,0.07868837485342411,0.5267679327449181,-0.04990338435305965
commons-net,AGSZZ,314,0.995,0.0,0.013800856385538532,0.4941550592360086,0.027260564550917892
commons-net,AGSZZ,314,0.995,0.05,0.02745782737866355,0.5122655490636548,0.027260564550917892
commons-net,AGSZZ,314,0.995,0.1,0.04080356595068913,0.5208335873914538,0.027260564550917892
commons-net,AGSZZ,314,0.995,0.25,0.0700697478585987,0.5388031422972277,0.027260564550917892
commons-net,AGSZZ,314,0.999,0.0,-0.022254845841316456,0.47399043935806406,0.05203468004362209
commons-net,AGSZZ,314,0.999,0.05,-0.010342614611656921,0.4912385276438842,0.05203468004362209
commons-net,AGSZZ,314,0.999,0.1,0.001792586336551311,0.4992721811910525,0.05203468004362209
commons-net,AGSZZ,314,0.999,0.25,0.028419861330764882,0.5159055549074676,0.05203468004362209
commons-net,AGSZZ,999,0.9,0.0,0.020415723294901596,0.32293550449179953,-0.14580713971308532
commons-net,AGSZZ,999,0.9,0.05,0.030316613216037916,0.3282555505358458,-0.14580713971308532
commons-net,AGSZZ,999,0.9,0.1,0.04268162715002132,0.32701100918657866,-0.14580713971308532
commons-net,AGSZZ,999,0.9,0.25,0.027673199656661734,0.29139421948000366,-0.14580713971308532
commons-net,AGSZZ,999,0.95,0.0,0.013664369105110376,0.3654452707239158,-0.07993625012224234
commons-net,AGSZZ,999,0.95,0.05,0.02609349685746256,0.3749449393620664,-0.07993625012224234
commons-net,AGSZZ,999,0.95,0.1,0.038571183562668636,0.3759618430168325,-0.07993625012224234
commons-net,AGSZZ,999,0.95,0.25,0.024737726294311094,0.3447211093994786,-0.07993625012224234
commons-net,AGSZZ,999,0.99,0.0,0.0021020122227075433,0.46346531103416505,-0.035310485744458504
commons-net,AGSZZ,999,0.99,0.05,0.016178543496217886,0.4800611678581439,-0.035310485744458504
commons-net,AGSZZ,999,0.99,0.1,0.03228912285550904,0.48913983188629917,-0.035310485744458504
commons-net,AGSZZ,999,0.99,0.25,0.03944713750900006,0.4885317134659505,-0.035310485744458504
commons-net,AGSZZ,999,0.995,0.0,5.032717745608598e-05,0.48165866711945005,-0.008850547241591226
commons-net,AGSZZ,999,0.995,0.05,0.014215310570028365,0.4994442364155449,-0.008850547241591226
commons-net,AGSZZ,999,0.995,0.1,0.031061527416623245,0.5101544219379849,-0.008850547241591226
commons-net,AGSZZ,999,0.995,0.25,0.04757747172978978,0.5193223205866315,-0.008850547241591226
commons-net,AGSZZ,999,0.999,0.0,-0.014361996505458661,0.47949096522339074,0.02562450778908408
commons-net,AGSZZ,999,0.999,0.05,-0.0008177732061523793,0.4973453208023833,0.02562450778908408
commons-net,AGSZZ,999,0.999,0.1,0.015872809473991056,0.508413371897915,0.02562450778908408
commons-net,AGSZZ,999,0.999,0.25,0.038588184563726945,0.522868665238929,0.02562450778908408
commons-net,MASZZ,7,0.9,0.0,0.035575511361648895,0.45297123809965406,-0.11121258604488819
commons-net,MASZZ,7,0.9,0.05,0.045737814860534055,0.4648432998359827,-0.11121258604488819
commons-net,MASZZ,7,0.9,0.1,0.06773002518218953,0.47740651194481076,-0.11121258604488819
commons-net,MASZZ,7,0.9,0.25,0.08541894046748184,0.4916675280496474,-0.11121258604488819
commons-net,MASZZ,7,0.95,0.0,0.03343100161065199,0.48779337341765683,-0.05798920813789712
commons-net,MASZZ,7,0.95,0.05,0.04629411847910647,0.5034758146273667,-0.05798920813789712
commons-net,MASZZ,7,0.95,0.1,0.06655828565157706,0.5158920330048343,-0.05798920813789712
commons-net,MASZZ,7,0.95,0.25,0.08809179754417704,0.5326701208438,-0.05798920813789712
commons-net,MASZZ,7,0.99,0.0,0.009827103151740312,0.5048127626290925,0.08204837319434316
commons-net,MASZZ,7,0.99,0.05,0.023724104422561395,0.5233996787607242,0.08204837319434316
commons-net,MASZZ,7,0.99,0.1,0.04310785487288066,0.5367554474406746,0.08204837319434316
commons-net,MASZZ,7,0.99,0.25,0.0801280237659733,0.5643106333563738,0.08204837319434316
commons-net,MASZZ,7,0.995,0.0,-0.0120152777845449,0.48887256163642506,0.10112507132411713
commons-net,MASZZ,7,0.995,0.05,0.000939209116282407,0.5068648587178667,0.10112507132411713
commons-net,MASZZ,7,0.995,0.1,0.019387082420166506,0.5195423159198759,0.10112507132411713
commons-net,MASZZ,7,0.995,0.25,0.058844104999955855,0.5478951644489894,0.10112507132411713
commons-net,MASZZ,7,0.999,0.0,-0.059036800520181974,0.4522359811466504,0.05727188520501906
commons-net,MASZZ,7,0.999,0.05,-0.04840876892376821,0.4684931379327039,0.05727188520501906
commons-net,MASZZ,7,0.999,0.1,-0.0324057098051524,0.47927711717414273,0.05727188520501906
commons-net,MASZZ,7,0.999,0.25,0.0033143368452608155,0.5037479751400277,0.05727188520501906
commons-net,MASZZ,13,0.9,0.0,0.05622538826014416,0.4297934307510939,-0.13167131370029933
commons-net,MASZZ,13,0.9,0.05,0.06822723161903949,0.4409084994495146,-0.13167131370029933
commons-net,MASZZ,13,0.9,0.1,0.09394424679749645,0.45319853157883216,-0.13167131370029933
commons-net,MASZZ,13,0.9,0.25,0.10298481516892691,0.45405177894717047,-0.13167131370029933
commons-net,MASZZ,13,0.95,0.0,0.05072593394938023,0.4678563160619384,-0.10283689081875856
commons-net,MASZZ,13,0.95,0.05,0.06528130601922175,0.48284059201542817,-0.10283689081875856
commons-net,MASZZ,13,0.95,0.1,0.08868249907490824,0.49511274444859976,-0.10283689081875856
commons-net,MASZZ,13,0.95,0.25,0.10193520906160217,0.5005970161972425,-0.10283689081875856
commons-net,MASZZ,13,0.99,0.0,0.026012755365731634,0.5086592051805433,0.021198256228428452
commons-net,MASZZ,13,0.99,0.05,0.041460842662564744,0.527673847486452,0.021198256228428452
commons-net,MASZZ,13,0.99,0.1,0.06341495687310418,0.5419617801737676,0.021198256228428452
commons-net,MASZZ,13,0.99,0.25,0.09811414748849347,0.56634819069069,0.021198256228428452
commons-net,MASZZ,13,0.995,0.0,0.0070991644914282295,0.5003036863562325,0.07478215191132886
commons-net,MASZZ,13,0.995,0.05,0.021740110650652986,0.519106674571969,0.07478215191132886
commons-net,MASZZ,13,0.995,0.1,0.04286508399219773,0.5331029215028309,0.07478215191132886
commons-net,MASZZ,13,0.995,0.25,0.0829650482580063,0.561012589831691,0.07478215191132886
commons-net,MASZZ,13,0.999,0.0,-0.0365907144796458,0.46844348782466244,0.07080745165937219
commons-net,MASZZ,13,0.999,0.05,-0.02411709872866119,0.4857500131463077,0.07080745165937219
commons-net,MASZZ,13,0.999,0.1,-0.005292336009708447,0.4980864826313367,0.07080745165937219
commons-net,MASZZ,13,0.999,0.25,0.033833220406007745,0.5241312807014981,0.07080745165937219
commons-net,MASZZ,21,0.9,0.0,0.06886312985256203,0.406371711870145,-0.13686514140407854
commons-net,MASZZ,21,0.9,0.05,0.08106974065053597,0.41593671086841144,-0.13686514140407854
commons-net,MASZZ,21,0.9,0.1,0.08998344271716842,0.41572585363575454,-0.13686514140407854
commons-net,MASZZ,21,0.9,0.25,0.09173764046534079,0.39981377408858937,-0.13686514140407854
commons-net,MASZZ,21,0.95,0.0,0.06130869257293043,0.4461575033211568,-0.1072926085676656
commons-net,MASZZ,21,0.95,0.05,0.07603927228295995,0.4597994698372875,-0.1072926085676656
commons-net,MASZZ,21,0.95,0.1,0.08559969313353868,0.46179043598107966,-0.1072926085676656
commons-net,MASZZ,21,0.95,0.25,0.08919940286769511,0.4515094782792957,-0.1072926085676656
commons-net,MASZZ,21,0.99,0.0,0.042705194774201975,0.5100498058779126,-0.009110170500016227
commons-net,MASZZ,21,0.99,0.05,0.058768870493720704,0.5290424935681302,-0.009110170500016227
commons-net,MASZZ,21,0.99,0.1,0.0733266367633407,0.5380960434882993,-0.009110170500016227
commons-net,MASZZ,21,0.99,0.25,0.08848437515950348,0.5472729604010673,-0.009110170500016227
commons-net,MASZZ,21,0.995,0.0,0.032978677968664154,0.5136593082918081,0.05251555855568502
commons-net,MASZZ,21,0.995,0.05,0.048735974317458894,0.5330803375509516,0.05251555855568502
commons-net,MASZZ,21,0.995,0.1,0.06391219881349954,0.5431159729452618,0.05251555855568502
commons-net,MASZZ,21,0.995,0.25,0.08454246799978776,0.557272230159182,0.05251555855568502
commons-net,MASZZ,21,0.999,0.0,0.006916517023301374,0.4963947409016527,0.07644480421002213
commons-net,MASZZ,21,0.999,0.05,0.02144757943550785,0.51509489218363,0.07644480421002213
commons-net,MASZZ,21,0.999,0.1,0.03605965741304485,0.5247765369983636,0.07644480421002213
commons-net,MASZZ,21,0.999,0.25,0.058722372737905426,0.5396351954984001,0.07644480421002213
commons-net,MASZZ,42,0.9,0.0,0.05509464464095037,0.42067253434214885,0.42060818132754585
commons-net,MASZZ,42,0.9,0.05,0.06699772452857677,0.4312855049147212,0.42060818132754585
commons-net,MASZZ,42,0.9,0.1,0.09096968085711325,0.44225868667813406,0.42060818132754585
commons-net,MASZZ,42,0.9,0.25,0.10035159964529576,0.4407966780482629,0.42060818132754585
commons-net,MASZZ,42,0.95,0.0,0.049004406454216984,0.45902639617685315,0.29184951598627246
commons-net,MASZZ,42,0.95,0.05,0.06343530111971812,0.47352947613362883,0.29184951598627246
commons-net,MASZZ,42,0.95,0.1,0.08542917204439295,0.48463244246143494,0.29184951598627246
commons-net,MASZZ,42,0.95,0.25,0.09992394014860617,0.48793204479492014,0.29184951598627246
commons-net,MASZZ,42,0.99,0.0,0.02108652166898708,0.501685508823074,0.10819709515124651
commons-net,MASZZ,42,0.99,0.05,0.03625059616285255,0.5203245084129982,0.10819709515124651
commons-net,MASZZ,42,0.99,0.1,0.05715434280241764,0.5338673088990773,0.10819709515124651
commons-net,MASZZ,42,0.99,0.25,0.09046441518855364,0.5558763629231149,0.10819709515124651
commons-net,MASZZ,42,0.995,0.0,0.0012364080847956824,0.49444890271351394,0.10617768493470771
commons-net,MASZZ,42,0.995,0.05,0.01554553494007189,0.5129359972077024,0.10617768493470771
commons-net,MASZZ,42,0.995,0.1,0.03564258841919408,0.5262988817272818,0.10617768493470771
commons-net,MASZZ,42,0.995,0.25,0.07315091245128383,0.5516676183154638,0.10617768493470771
commons-net,MASZZ,42,0.999,0.0,-0.042013558231054654,0.4640906586232032,0.06989884511294175
commons-net,MASZZ,42,0.999,0.05,-0.029847456869192962,0.481160963050273,0.06989884511294175
commons-net,MASZZ,42,0.999,0.1,-0.011964459627203059,0.4929874336252076,0.06989884511294175
commons-net,MASZZ,42,0.999,0.25,0.023915586071994305,0.5164859657333069,0.06989884511294175
commons-net,MASZZ,77,0.9,0.0,0.0069906831344582095,0.29185513872779917,-0.13213806546798357
commons-net,MASZZ,77,0.9,0.05,0.01640365936937381,0.2957171141367322,-0.13213806546798357
commons-net,MASZZ,77,0.9,0.1,0.029779199751717535,0.29606238767273996,-0.13213806546798357
commons-net,MASZZ,77,0.9,0.25,0.014746638055917858,0.25761492443186934,-0.13213806546798357
commons-net,MASZZ,77,0.95,0.0,-0.0005998039608638599,0.3380014314944936,-0.10059915671238832
commons-net,MASZZ,77,0.95,0.05,0.011256749965340406,0.34615765717964814,-0.10059915671238832
commons-net,MASZZ,77,0.95,0.1,0.02450696853826907,0.3472588182679964,-0.10059915671238832
commons-net,MASZZ,77,0.95,0.25,0.012901568983458785,0.31431563813336544,-0.10059915671238832
commons-net,MASZZ,77,0.99,0.0,-0.012071893551619119,0.4503108379852193,-0.07514759546913306
commons-net,MASZZ,77,0.99,0.05,0.00137362065660211,0.4662573971334395,-0.07514759546913306
commons-net,MASZZ,77,0.99,0.1,0.017881472163430216,0.47508533768961314,-0.07514759546913306
commons-net,MASZZ,77,0.99,0.25,0.028855302717386018,0.4760358161645958,-0.07514759546913306
commons-net,MASZZ,77,0.995,0.0,-0.015569901554612452,0.4710830811006303,-0.023591712284378084
commons-net,MASZZ,77,0.995,0.05,-0.0021209438447569754,0.48834958678649487,-0.023591712284378084
commons-net,MASZZ,77,0.995,0.1,0.014979708553328915,0.4988626764159964,-0.023591712284378084
commons-net,MASZZ,77,0.995,0.25,0.03472352578005002,0.5101667320652357,-0.023591712284378084
commons-net,MASZZ,77,0.999,0.0,-0.03444959038988147,0.4666545587275897,0.016519992964178297
commons-net,MASZZ,77,0.999,0.05,-0.021863389710233185,0.48386701829389595,0.016519992964178297
commons-net,MASZZ,77,0.999,0.1,-0.00522815655174563,0.4945394161799823,0.016519992964178297
commons-net,MASZZ,77,0.999,0.25,0.019403036806452927,0.5105542429523791,0.016519992964178297
commons-net,MASZZ,101,0.9,0.0,0.08906023392531566,0.45725492367544307,0.6309426028375301
commons-net,MASZZ,101,0.9,0.05,0.10278860438022001,0.46981397697833654,0.6309426028375301
commons-net,MASZZ,101,0.9,0.1,0.10939707465493127,0.47173265384639923,0.6309426028375301
commons-net,MASZZ,101,0.9,0.25,0.1228512563859345,0.47533916425025946,0.6309426028375301
commons-net,MASZZ,101,0.95,0.0,0.08205340764043374,0.49192321939524325,0.4250522693260501
commons-net,MASZZ,101,0.95,0.05,0.09825604593252783,0.50817298510147,0.4250522693260501
commons-net,MASZZ,101,0.95,0.1,0.10640810256922446,0.5120234109094864,0.4250522693260501
commons-net,MASZZ,101,0.95,0.25,0.12093635237683506,0.5172613320659183,0.4250522693260501
commons-net,MASZZ,101,0.99,0.0,0.051759640609600234,0.5246311471873765,0.17615473525522762
commons-net,MASZZ,101,0.99,0.05,0.0685615547361579,0.5444856286974004,0.17615473525522762
commons-net,MASZZ,101,0.99,0.1,0.08279040929047812,0.5536409378516844,0.17615473525522762
commons-net,MASZZ,101,0.99,0.25,0.1063647016007189,0.569814398581238,0.17615473525522762
commons-net,MASZZ,101,0.995,0.0,0.03520271597376225,0.5177518122586031,0.1449992936657658
commons-net,MASZZ,101,0.995,0.05,0.05132140756304398,0.5374722606156851,0.1449992936657658
commons-net,MASZZ,101,0.995,0.1,0.06600234301943778,0.5470267838761677,0.1449992936657658
commons-net,MASZZ,101,0.995,0.25,0.09326020586017962,0.5657547896399904,0.1449992936657658
commons-net,MASZZ,101,0.999,0.0,0.001174975624946156,0.4933396285107544,0.09603370719353471
commons-net,MASZZ,101,0.999,0.05,0.015634392921336556,0.5119552466759877,0.09603370719353471
commons-net,MASZZ,101,0.999,0.1,0.029457263363495186,0.5207677634422748,0.09603370719353471
commons-net,MASZZ,101,0.999,0.25,0.05649510727173145,0.5383566397799537,0.09603370719353471
commons-net,MASZZ,123,0.9,0.0,0.04911466778781898,0.37644372123249403,-0.13733176811339523
commons-net,MASZZ,123,0.9,0.05,0.060643144025628454,0.3846921015545557,-0.13733176811339523
commons-net,MASZZ,123,0.9,0.1,0.0721987342212218,0.3851871441820549,-0.13733176811339523
commons-net,MASZZ,123,0.9,0.25,0.0674581733641214,0.36233408717886423,-0.13733176811339523
commons-net,MASZZ,123,0.95,0.0,0.04240711409042408,0.42228300182438244,-0.10737007641828566
commons-net,MASZZ,123,0.95,0.05,0.05629518978847746,0.4347923801874654,-0.10737007641828566
commons-net,MASZZ,123,0.95,0.1,0.06744323047508771,0.43699497030361967,-0.10737007641828566
commons-net,MASZZ,123,0.95,0.25,0.06589453538644531,0.42115800180097684,-0.10737007641828566
commons-net,MASZZ,123,0.99,0.0,0.01946188888032496,0.489472333418903,0.0023193985518831454
commons-net,MASZZ,123,0.99,0.05,0.0343025762825365,0.5074069238926526,0.0023193985518831454
commons-net,MASZZ,123,0.99,0.1,0.04859968941057339,0.5159655211043991,0.0023193985518831454
commons-net,MASZZ,123,0.99,0.25,0.06641901859746463,0.525853108793031,0.0023193985518831454
commons-net,MASZZ,123,0.995,0.0,0.004856200451766803,0.4900555094376525,0.044296823306225856
commons-net,MASZZ,123,0.995,0.05,0.01911648672873737,0.5082507850815982,0.044296823306225856
commons-net,MASZZ,123,0.995,0.1,0.033547821569152765,0.5174979960111763,0.044296823306225856
commons-net,MASZZ,123,0.995,0.25,0.057204615075955985,0.5330925343446883,0.044296823306225856
commons-net,MASZZ,123,0.999,0.0,-0.024550277972398612,0.4731883528866001,0.03630219414098286
commons-net,MASZZ,123,0.999,0.05,-0.011705454870894494,0.49067757240441,0.03630219414098286
commons-net,MASZZ,123,0.999,0.1,0.0018208198394505843,0.4995063629682101,0.03630219414098286
commons-net,MASZZ,123,0.999,0.25,0.02736267870007054,0.516713929778421,0.03630219414098286
commons-net,MASZZ,202,0.9,0.0,0.07091758147161294,0.41187784967052504,-0.13561588129651034
commons-net,MASZZ,202,0.9,0.05,0.08458924146245651,0.4226543380717117,-0.13561588129651034
commons-net,MASZZ,202,0.9,0.1,0.09287225759301827,0.42212939035065206,-0.13561588129651034
commons-net,MASZZ,202,0.9,0.25,0.10298561470001857,0.4175062837548787,-0.13561588129651034
commons-net,MASZZ,202,0.95,0.0,0.06426269068372445,0.4522093148999061,-0.10314007868809362
commons-net,MASZZ,202,0.95,0.05,0.08037428540346694,0.466786980664316,-0.10314007868809362
commons-net,MASZZ,202,0.95,0.1,0.08999159424244911,0.46899768856634083,-0.10314007868809362
commons-net,MASZZ,202,0.95,0.25,0.10329780454268365,0.46837421984516725,-0.10314007868809362
commons-net,MASZZ,202,0.99,0.0,0.04021942039685173,0.5088067315011188,0.01302470988606055
commons-net,MASZZ,202,0.99,0.05,0.0571014228394545,0.5280699549705619,0.01302470988606055
commons-net,MASZZ,202,0.99,0.1,0.07235703766846326,0.537456064816099,0.01302470988606055
commons-net,MASZZ,202,0.99,0.25,0.09982494182866078,0.5545778798475761,0.01302470988606055
commons-net,MASZZ,202,0.995,0.0,0.02562369297802396,0.5070854997572983,0.0647309207302591
commons-net,MASZZ,202,0.995,0.05,0.04189831554336073,0.5264655667579085,0.0647309207302591
commons-net,MASZZ,202,0.995,0.1,0.05760902108570109,0.5365596706117427,0.0647309207302591
commons-net,MASZZ,202,0.995,0.25,0.08951178599452367,0.5576124609950486,0.0647309207302591
commons-net,MASZZ,202,0.999,0.0,-0.008722150785911693,0.4851770388639401,0.07137292517762976
commons-net,MASZZ,202,0.999,0.05,0.005853787389467504,0.5035682069059595,0.07137292517762976
commons-net,MASZZ,202,0.999,0.1,0.020604917452236342,0.5130571147337697,0.07137292517762976
commons-net,MASZZ,202,0.999,0.25,0.05225682842737816,0.5336735421365915,0.07137292517762976
commons-net,MASZZ,314,0.9,0.0,0.03262866642022409,0.3731392450540211,-0.14402612079319257
commons-net,MASZZ,314,0.9,0.05,0.041853710593839216,0.3804856762624793,-0.14402612079319257
commons-net,MASZZ,314,0.9,0.1,0.048566509089578117,0.3782857396126234,-0.14402612079319257
commons-net,MASZZ,314,0.9,0.25,0.06313642481823162,0.3725778657319742,-0.14402612079319257
commons-net,MASZZ,314,0.95,0.0,0.02541722168406457,0.40465037235873724,-0.08389521978759021
commons-net,MASZZ,314,0.95,0.05,0.037154586086105154,0.4157188137296653,-0.08389521978759021
commons-net,MASZZ,314,0.95,0.1,0.04439847338350351,0.4151472632453293,-0.08389521978759021
commons-net,MASZZ,314,0.95,0.25,0.05923628796687462,0.40951829369229,-0.08389521978759021
commons-net,MASZZ,314,0.99,0.0,0.012888737375156941,0.4756654552164119,-0.013966494683483285
commons-net,MASZZ,314,0.99,0.05,0.026285611218176626,0.4925517062504735,-0.013966494683483285
commons-net,MASZZ,314,0.99,0.1,0.0384678317262545,0.4992857842326151,-0.013966494683483285
commons-net,MASZZ,314,0.99,0.25,0.062259544655654704,0.510353641834095,-0.013966494683483285
commons-net,MASZZ,314,0.995,0.0,0.0012922811685192061,0.4814742095685015,0.03179333632847045
commons-net,MASZZ,314,0.995,0.05,0.014291524262908932,0.4989179129347576,0.03179333632847045
commons-net,MASZZ,314,0.995,0.1,0.026906526487578467,0.5067451508431133,0.03179333632847045
commons-net,MASZZ,314,0.995,0.25,0.053396605387399335,0.5219003688403008,0.03179333632847045
commons-net,MASZZ,314,0.999,0.0,-0.031654970502128274,0.46565190676868057,0.037331524596460136
commons-net,MASZZ,314,0.999,0.05,-0.020237018127872923,0.4824615370028522,0.037331524596460136
commons-net,MASZZ,314,0.999,0.1,-0.008650961477888769,0.4900080632200921,0.037331524596460136
commons-net,MASZZ,314,0.999,0.25,0.015890087555770774,0.5047908164619277,0.037331524596460136
commons-net,MASZZ,999,0.9,0.0,0.026536831729444182,0.3418223782161646,-0.17979356245834
commons-net,MASZZ,999,0.9,0.05,0.03675958275136395,0.3481355368691917,-0.17979356245834
commons-net,MASZZ,999,0.9,0.1,0.04948218468730799,0.34799434461275636,-0.17979356245834
commons-net,MASZZ,999,0.9,0.25,0.03583225144634334,0.31656923189975794,-0.17979356245834
commons-net,MASZZ,999,0.95,0.0,0.020853241951589743,0.39219647144400743,-0.14328792693051667
commons-net,MASZZ,999,0.95,0.05,0.03366037616347512,0.4031027759885665,-0.14328792693051667
commons-net,MASZZ,999,0.95,0.1,0.04655802841985732,0.40568245352944154,-0.14328792693051667
commons-net,MASZZ,999,0.95,0.25,0.034320040754362666,0.38037877409296555,-0.14328792693051667
commons-net,MASZZ,999,0.99,0.0,0.005973157444359159,0.471279229661153,-0.05273908082845484
commons-net,MASZZ,999,0.99,0.05,0.020253241893843678,0.48828595920166823,-0.05273908082845484
commons-net,MASZZ,999,0.99,0.1,0.03658996903337966,0.4978211032251035,-0.05273908082845484
commons-net,MASZZ,999,0.99,0.25,0.044607130129061257,0.4989471745609011,-0.05273908082845484
commons-net,MASZZ,999,0.995,0.0,0.0018088718827438998,0.4835980288210263,-0.02123343462176922
commons-net,MASZZ,999,0.995,0.05,0.016066323353716282,0.501485573943683,-0.02123343462176922
commons-net,MASZZ,999,0.995,0.1,0.03301527232705697,0.5123090547104993,-0.02123343462176922
commons-net,MASZZ,999,0.995,0.25,0.04992150099807472,0.5219073675158432,-0.02123343462176922
commons-net,MASZZ,999,0.999,0.0,-0.013457416066761808,0.47995447389736784,0.0156836526162691
commons-net,MASZZ,999,0.999,0.05,0.00013437202556516102,0.49783320176344287,0.0156836526162691
commons-net,MASZZ,999,0.999,0.1,0.016877799237895088,0.5089283304940782,0.0156836526162691
commons-net,MASZZ,999,0.999,0.25,0.03979393328165699,0.5234864930909248,0.0156836526162691
commons-net,LSZZ,7,0.9,0.0,0.04256713074005131,0.4017025745594771,-0.10098173889481261
commons-net,LSZZ,7,0.9,0.05,0.047379711252155184,0.408065707780007,-0.10098173889481261
commons-net,LSZZ,7,0.9,0.1,0.05651465951659768,0.41268629910944116,-0.10098173889481261
commons-net,LSZZ,7,0.9,0.25,0.06171634638253801,0.41579013594371944,-0.10098173889481261
commons-net,LSZZ,7,0.95,0.0,0.04105622991443852,0.44237642437034363,-0.04321930608161316
commons-net,LSZZ,7,0.95,0.05,0.05046403662078494,0.4541708975834702,-0.04321930608161316
commons-net,LSZZ,7,0.95,0.1,0.058903128425736105,0.45777931777733744,-0.04321930608161316
commons-net,LSZZ,7,0.95,0.25,0.0674154167456052,0.4594524250231971,-0.04321930608161316
commons-net,LSZZ,7,0.99,0.0,0.03629414287412459,0.4951390990914091,0.06349569801895023
commons-net,LSZZ,7,0.99,0.05,0.04900016803641643,0.5126220035880131,0.06349569801895023
commons-net,LSZZ,7,0.99,0.1,0.05930637119833201,0.5206457597597509,0.06349569801895023
commons-net,LSZZ,7,0.99,0.25,0.08267493487197781,0.5353614672145293,0.06349569801895023
commons-net,LSZZ,7,0.995,0.0,0.024158540421242703,0.4948265865303813,0.08196592441670693
commons-net,LSZZ,7,0.995,0.05,0.036588053931886196,0.5126227477169353,0.08196592441670693
commons-net,LSZZ,7,0.995,0.1,0.04686734943057173,0.5212993765478735,0.08196592441670693
commons-net,LSZZ,7,0.995,0.25,0.07314811752964091,0.5396139393959994,0.08196592441670693
commons-net,LSZZ,7,0.999,0.0,-0.0059075417150687756,0.4785707346759616,0.061015534970179926
commons-net,LSZZ,7,0.999,0.05,0.005210739390006377,0.4957673511828981,0.061015534970179926
commons-net,LSZZ,7,0.999,0.1,0.014331862101010851,0.5040969405068162,0.061015534970179926
commons-net,LSZZ,7,0.999,0.25,0.03910047278662926,0.5226668261990945,0.061015534970179926
commons-net,LSZZ,13,0.9,0.0,0.026458073989565456,0.36746023867833466,-0.08265323379329068
commons-net,LSZZ,13,0.9,0.05,0.03273601593510812,0.3726163895375719,-0.08265323379329068
commons-net,LSZZ,13,0.9,0.1,0.041372111548137976,0.375326970876375,-0.08265323379329068
commons-net,LSZZ,13,0.9,0.25,0.04727346545214411,0.3712955425256473,-0.08265323379329068
commons-net,LSZZ,13,0.95,0.0,0.022782586418626953,0.41377920228861703,-0.07475462791901541
commons-net,LSZZ,13,0.95,0.05,0.03338234507010462,0.4246047792498235,-0.07475462791901541
commons-net,LSZZ,13,0.95,0.1,0.04141467335757073,0.42678448004856157,-0.07475462791901541
commons-net,LSZZ,13,0.95,0.25,0.05084264523383167,0.4243272474436695,-0.07475462791901541
commons-net,LSZZ,13,0.99,0.0,0.0236031669029336,0.48427655560480715,0.02282985462050056
commons-net,LSZZ,13,0.99,0.05,0.03769863789439176,0.5016153098307837,0.02282985462050056
commons-net,LSZZ,13,0.99,0.1,0.04857545278358303,0.5094801352863298,0.02282985462050056
commons-net,LSZZ,13,0.99,0.25,0.07437199095234626,0.52497614744975,0.02282985462050056
commons-net,LSZZ,13,0.995,0.0,0.01156559162532932,0.4863272130235949,0.0642018367029049
commons-net,LSZZ,13,0.995,0.05,0.025374965669341665,0.5040870640571492,0.0642018367029049
commons-net,LSZZ,13,0.995,0.1,0.03635434570393587,0.5127648104141883,0.0642018367029049
commons-net,LSZZ,13,0.995,0.25,0.06494381234470008,0.5322534389903432,0.0642018367029049
commons-net,LSZZ,13,0.999,0.0,-0.020509945519958897,0.4697993986402422,0.0537700477956313
commons-net,LSZZ,13,0.999,0.05,-0.008130372912602631,0.48693195737855755,0.0537700477956313
commons-net,LSZZ,13,0.999,0.1,0.0016766962839996702,0.4952606544487402,0.0537700477956313
commons-net,LSZZ,13,0.999,0.25,0.02823047410110038,0.5147813842012859,0.0537700477956313
commons-net,LSZZ,21,0.9,0.0,0.04814535341184397,0.4267250175182423,-0.13893411530287547
commons-net,LSZZ,21,0.9,0.05,0.05022765564853116,0.43096491590765845,-0.13893411530287547
commons-net,LSZZ,21,0.9,0.1,0.058298514434075646,0.4356877214927129,-0.13893411530287547
commons-net,LSZZ,21,0.9,0.25,0.06471110333222624,0.43543859061845913,-0.13893411530287547
commons-net,LSZZ,21,0.95,0.0,0.043772346217389305,0.46342632368520864,-0.09287955159569787
commons-net,LSZZ,21,0.95,0.05,0.051737749017868,0.47410433395185986,-0.09287955159569787
commons-net,LSZZ,21,0.95,0.1,0.05825903689304142,0.47703700704587443,-0.09287955159569787
commons-net,LSZZ,21,0.95,0.25,0.06935599436545113,0.4799763372501879,-0.09287955159569787
commons-net,LSZZ,21,0.99,0.0,0.03288480902254948,0.5045222954538425,0.04020443980221076
commons-net,LSZZ,21,0.99,0.05,0.045149108931802025,0.5212574737490766,0.04020443980221076
commons-net,LSZZ,21,0.99,0.1,0.0530003748680813,0.5274528618758945,0.04020443980221076
commons-net,LSZZ,21,0.99,0.25,0.07501203036423451,0.5423907440044214,0.04020443980221076
commons-net,LSZZ,21,0.995,0.0,0.022448366452051293,0.5017004282914066,0.06729769817379284
commons-net,LSZZ,21,0.995,0.05,0.03466521596315184,0.5187187094628452,0.06729769817379284
commons-net,LSZZ,21,0.995,0.1,0.0426810598757247,0.5254084703529478,0.06729769817379284
commons-net,LSZZ,21,0.995,0.25,0.06663262225587949,0.5425401213485508,0.06729769817379284
commons-net,LSZZ,21,0.999,0.0,-0.0037812414757415237,0.48474429959039245,0.05370436359860962
commons-net,LSZZ,21,0.999,0.05,0.007431652864722578,0.501203263185197,0.05370436359860962
commons-net,LSZZ,21,0.999,0.1,0.014613015139666594,0.5075105750059741,0.05370436359860962
commons-net,LSZZ,21,0.999,0.25,0.03681271953223713,0.5238822484678064,0.05370436359860962
commons-net,LSZZ,42,0.9,0.0,0.02951281934154002,0.3754993394395037,-0.13374175562199775
commons-net,LSZZ,42,0.9,0.05,0.03389045612891245,0.3803865940529116,-0.13374175562199775
commons-net,LSZZ,42,0.9,0.1,0.04212347982327416,0.3834466821607846,-0.13374175562199775
commons-net,LSZZ,42,0.9,0.25,0.043245440295800935,0.3789392925270741,-0.13374175562199775
commons-net,LSZZ,42,0.95,0.0,0.022398021055019576,0.41422705594731396,-0.08454993620778077
commons-net,LSZZ,42,0.95,0.05,0.03130390079272006,0.424534831200488,-0.08454993620778077
commons-net,LSZZ,42,0.95,0.1,0.038515735399057074,0.42643841351278156,-0.08454993620778077
commons-net,LSZZ,42,0.95,0.25,0.042089817713917434,0.42081547656551677,-0.08454993620778077
commons-net,LSZZ,42,0.99,0.0,0.0205928012451073,0.48004152634923153,0.02665181425715513
commons-net,LSZZ,42,0.99,0.05,0.033181904219663105,0.4967983288973972,0.02665181425715513
commons-net,LSZZ,42,0.99,0.1,0.04253179295847477,0.503915216015614,0.02665181425715513
commons-net,LSZZ,42,0.99,0.25,0.06221974445521263,0.5150581493412475,0.02665181425715513
commons-net,LSZZ,42,0.995,0.0,0.012132045632775361,0.4848615400340828,0.04463453345672254
commons-net,LSZZ,42,0.995,0.05,0.024667383937123144,0.5022087160690396,0.04463453345672254
commons-net,LSZZ,42,0.995,0.1,0.034241581073201785,0.5102922092300499,0.04463453345672254
commons-net,LSZZ,42,0.995,0.25,0.05777341732947243,0.5262671223084264,0.04463453345672254
commons-net,LSZZ,42,0.999,0.0,-0.011600728578476025,0.47474198106259685,0.03836809762541591
commons-net,LSZZ,42,0.999,0.05,-2.020040138532342e-05,0.49181753889392127,0.03836809762541591
commons-net,LSZZ,42,0.999,0.1,0.008801187519774968,0.49992477447458433,0.03836809762541591
commons-net,LSZZ,42,0.999,0.25,0.032333134216426085,0.5175859095085149,0.03836809762541591
commons-net,LSZZ,77,0.9,0.0,0.020439095205826333,0.38326764727750795,-0.15464681931842678
commons-net,LSZZ,77,0.9,0.05,0.02419747009157601,0.38862020570188616,-0.15464681931842678
commons-net,LSZZ,77,0.9,0.1,0.03238204131310367,0.3922437278226818,-0.15464681931842678
commons-net,LSZZ,77,0.9,0.25,0.04235289691426021,0.3869761056115943,-0.15464681931842678
commons-net,LSZZ,77,0.95,0.0,0.013318784011803695,0.4210116521994473,-0.11171237289494593
commons-net,LSZZ,77,0.95,0.05,0.021172118696173643,0.43164264222842863,-0.11171237289494593
commons-net,LSZZ,77,0.95,0.1,0.028221149894412035,0.43410018929943317,-0.11171237289494593
commons-net,LSZZ,77,0.95,0.25,0.0417811492065247,0.43452047890906964,-0.11171237289494593
commons-net,LSZZ,77,0.99,0.0,-0.008652467867488006,0.4659000284065961,0.021547265909665148
commons-net,LSZZ,77,0.99,0.05,0.0015211939115443932,0.4818033523520408,0.021547265909665148
commons-net,LSZZ,77,0.99,0.1,0.009280142045472655,0.4881538113051872,0.021547265909665148
commons-net,LSZZ,77,0.99,0.25,0.031105424142491216,0.5029830134029581,0.021547265909665148
commons-net,LSZZ,77,0.995,0.0,-0.027066556873207616,0.46100266441832166,0.04202435877110672
commons-net,LSZZ,77,0.995,0.05,-0.017504219781469255,0.4769787205275463,0.04202435877110672
commons-net,LSZZ,77,0.995,0.1,-0.01016355481609178,0.4837030622288739,0.04202435877110672
commons-net,LSZZ,77,0.995,0.25,0.011109471634870662,0.49977707819838985,0.04202435877110672
commons-net,LSZZ,77,0.999,0.0,-0.06347293697639603,0.4368708412682308,0.004570662589158711
commons-net,LSZZ,77,0.999,0.05,-0.055558314264427894,0.45183382020869717,0.004570662589158711
commons-net,LSZZ,77,0.999,0.1,-0.04976670036147941,0.4577424578650881,0.004570662589158711
commons-net,LSZZ,77,0.999,0.25,-0.03325040105733041,0.4709508167686612,0.004570662589158711
commons-net,LSZZ,101,0.9,0.0,0.056560349664238625,0.4491999288620482,-0.1347539560141301
commons-net,LSZZ,101,0.9,0.05,0.06339000596447587,0.45833908789594935,-0.1347539560141301
commons-net,LSZZ,101,0.9,0.1,0.07363150056383526,0.4658114981229084,-0.1347539560141301
commons-net,LSZZ,101,0.9,0.25,0.06477276159549604,0.45735246095638804,-0.1347539560141301
commons-net,LSZZ,101,0.95,0.0,0.05665159391153185,0.47633122784440274,-0.08510320612242468
commons-net,LSZZ,101,0.95,0.05,0.06829547471015991,0.49020428325314386,-0.08510320612242468
commons-net,LSZZ,101,0.95,0.1,0.07800002217470389,0.4959273347661195,-0.08510320612242468
commons-net,LSZZ,101,0.95,0.25,0.07554673200308472,0.4898259068175757,-0.08510320612242468
commons-net,LSZZ,101,0.99,0.0,0.05138633475996942,0.5111842440228046,0.06840854330182371
commons-net,LSZZ,101,0.99,0.05,0.06640135819624778,0.5297889024640784,0.06840854330182371
commons-net,LSZZ,101,0.99,0.1,0.07827161860626834,0.5389924541684582,0.06840854330182371
commons-net,LSZZ,101,0.99,0.25,0.09376570861992804,0.5483481675406795,0.06840854330182371
commons-net,LSZZ,101,0.995,0.0,0.038236965812023654,0.5071798319446139,0.09946440107080894
commons-net,LSZZ,101,0.995,0.05,0.052931715295590244,0.5258987413616781,0.09946440107080894
commons-net,LSZZ,101,0.995,0.1,0.0647972949055394,0.5355562554145825,0.09946440107080894
commons-net,LSZZ,101,0.995,0.25,0.08440139546213316,0.5487611878679989,0.09946440107080894
commons-net,LSZZ,101,0.999,0.0,0.008445923774232604,0.4895752768630324,0.07831530819021272
commons-net,LSZZ,101,0.999,0.05,0.021850577736119335,0.5076192982686936,0.07831530819021272
commons-net,LSZZ,101,0.999,0.1,0.03264619640890828,0.5168637102750653,0.07831530819021272
commons-net,LSZZ,101,0.999,0.25,0.05239194720086036,0.5310687035346034,0.07831530819021272
commons-net,LSZZ,123,0.9,0.0,0.04370002993145912,0.40338841269174786,-0.13724098923942427
commons-net,LSZZ,123,0.9,0.05,0.049630297915269836,0.4101739084968731,-0.13724098923942427
commons-net,LSZZ,123,0.9,0.1,0.058875506212104335,0.41482679729594385,-0.13724098923942427
commons-net,LSZZ,123,0.9,0.25,0.06190315872123403,0.4151550201164147,-0.13724098923942427
commons-net,LSZZ,123,0.95,0.0,0.04133800595988701,0.44023849153834776,-0.08890034545537781
commons-net,LSZZ,123,0.95,0.05,0.05157191699088945,0.45217801432602733,-0.08890034545537781
commons-net,LSZZ,123,0.95,0.1,0.06026537148184817,0.4557240414826361,-0.08890034545537781
commons-net,LSZZ,123,0.95,0.25,0.06682314178931649,0.4550660872860287,-0.08890034545537781
commons-net,LSZZ,123,0.99,0.0,0.034992287182646,0.49587167149667666,0.03832789209878296
commons-net,LSZZ,123,0.99,0.05,0.04826502292195123,0.5135585625438789,0.03832789209878296
commons-net,LSZZ,123,0.99,0.1,0.059116185118733136,0.5218454905750014,0.03832789209878296
commons-net,LSZZ,123,0.99,0.25,0.08092968446417892,0.5359980152997054,0.03832789209878296
commons-net,LSZZ,123,0.995,0.0,0.02322017426083402,0.4972653097592281,0.07448724502945325
commons-net,LSZZ,123,0.995,0.05,0.03621292610926903,0.5153435896771317,0.07448724502945325
commons-net,LSZZ,123,0.995,0.1,0.047110340408776916,0.5243925285141202,0.07448724502945325
commons-net,LSZZ,123,0.995,0.25,0.07215965982234654,0.5426912429205424,0.07448724502945325
commons-net,LSZZ,123,0.999,0.0,-0.008029853424626778,0.47888118583868905,0.06473587101479263
commons-net,LSZZ,123,0.999,0.05,0.003571074197463042,0.4962389179673829,0.06473587101479263
commons-net,LSZZ,123,0.999,0.1,0.01328036203971673,0.5048207323507502,0.06473587101479263
commons-net,LSZZ,123,0.999,0.25,0.03683909830777706,0.5230702182972166,0.06473587101479263
commons-net,LSZZ,202,0.9,0.0,0.06310079141818403,0.4444128991401358,-0.09770390480715392
commons-net,LSZZ,202,0.9,0.05,0.0712797249891156,0.4535934503007202,-0.09770390480715392
commons-net,LSZZ,202,0.9,0.1,0.08229117446866933,0.46086405940385494,-0.09770390480715392
commons-net,LSZZ,202,0.9,0.25,0.0725953604185384,0.4507257416211122,-0.09770390480715392
commons-net,LSZZ,202,0.95,0.0,0.06366077857159144,0.48000643246349445,-0.0927756937867277
commons-net,LSZZ,202,0.95,0.05,0.07634839949001312,0.4942938523494844,-0.0927756937867277
commons-net,LSZZ,202,0.95,0.1,0.08693465702619717,0.500416999056924,-0.0927756937867277
commons-net,LSZZ,202,0.95,0.25,0.08391654921836493,0.4943181432878536,-0.0927756937867277
commons-net,LSZZ,202,0.99,0.0,0.05453405865612532,0.5196360733433388,0.032318753174846226
commons-net,LSZZ,202,0.99,0.05,0.07017394237848995,0.5388131725401076,0.032318753174846226
commons-net,LSZZ,202,0.99,0.1,0.082920690037267,0.5487727936036148,0.032318753174846226
commons-net,LSZZ,202,0.99,0.25,0.099987096108648,0.5606069401473617,0.032318753174846226
commons-net,LSZZ,202,0.995,0.0,0.04295420711123868,0.51660358914325,0.08347377368415937
commons-net,LSZZ,202,0.995,0.05,0.058330147749769364,0.5359346989693007,0.08347377368415937
commons-net,LSZZ,202,0.995,0.1,0.07119146209938071,0.546402742021839,0.08347377368415937
commons-net,LSZZ,202,0.995,0.25,0.09336244939136655,0.5626646514667168,0.08347377368415937
commons-net,LSZZ,202,0.999,0.0,0.016099696308052903,0.4984132064626767,0.08440894606163599
commons-net,LSZZ,202,0.999,0.05,0.030318978050067332,0.5170298194205994,0.08440894606163599
commons-net,LSZZ,202,0.999,0.1,0.04230108796512516,0.5270459895814259,0.08440894606163599
commons-net,LSZZ,202,0.999,0.25,0.06571189387439169,0.5444020553146109,0.08440894606163599
commons-net,LSZZ,314,0.9,0.0,0.05420089051891377,0.40775611434423636,-0.019517287684611605
commons-net,LSZZ,314,0.9,0.05,0.061911848080118424,0.41500917259536496,-0.019517287684611605
commons-net,LSZZ,314,0.9,0.1,0.07202758846866658,0.4199843367027403,-0.019517287684611605
commons-net,LSZZ,314,0.9,0.25,0.08298560242995082,0.4199327738222881,-0.019517287684611605
commons-net,LSZZ,314,0.95,0.0,0.051528031920600265,0.4408424575817446,0.051733155032732084
commons-net,LSZZ,314,0.95,0.05,0.06357768681793698,0.45307055108897604,0.051733155032732084
commons-net,LSZZ,314,0.95,0.1,0.07319792093295059,0.45677665483791413,0.051733155032732084
commons-net,LSZZ,314,0.95,0.25,0.08832333812394474,0.4580407494829294,0.051733155032732084
commons-net,LSZZ,314,0.99,0.0,0.03024667655205151,0.4921832188012366,0.0959837210739961
commons-net,LSZZ,314,0.99,0.05,0.04460947727176063,0.5099167876183268,0.0959837210739961
commons-net,LSZZ,314,0.99,0.1,0.055842923238740245,0.5182279174969767,0.0959837210739961
commons-net,LSZZ,314,0.99,0.25,0.07917606302693074,0.5335520935828588,0.0959837210739961
commons-net,LSZZ,314,0.995,0.0,0.012452066451024263,0.490243317371456,0.1057230581067438
commons-net,LSZZ,314,0.995,0.05,0.026224138660473247,0.5081883471794594,0.1057230581067438
commons-net,LSZZ,314,0.995,0.1,0.03722610648776943,0.517081835050211,0.1057230581067438
commons-net,LSZZ,314,0.995,0.25,0.06092253766092276,0.5347585298474195,0.1057230581067438
commons-net,LSZZ,314,0.999,0.0,-0.026211135821235677,0.4668942124888794,0.06085086172773948
commons-net,LSZZ,314,0.999,0.05,-0.014216649008085253,0.4838534886744711,0.06085086172773948
commons-net,LSZZ,314,0.999,0.1,-0.004771481154157054,0.4920007673933266,0.06085086172773948
commons-net,LSZZ,314,0.999,0.25,0.01473294613795096,0.5076113164267659,0.06085086172773948
commons-net,LSZZ,999,0.9,0.0,0.003660130122649833,0.3239795882064002,-0.19976762518846702
commons-net,LSZZ,999,0.9,0.05,0.00871354535315892,0.32682749578737036,-0.19976762518846702
commons-net,LSZZ,999,0.9,0.1,0.016082243111387846,0.32698303343111423,-0.19976762518846702
commons-net,LSZZ,999,0.9,0.25,0.017451140444021403,0.3061574661917033,-0.19976762518846702
commons-net,LSZZ,999,0.95,0.0,-0.005449070658175327,0.36517611741219974,-0.17282024212795588
commons-net,LSZZ,999,0.95,0.05,0.0036046051364276343,0.373425511342441,-0.17282024212795588
commons-net,LSZZ,999,0.95,0.1,0.010038926449394268,0.37278018618935566,-0.17282024212795588
commons-net,LSZZ,999,0.95,0.25,0.015370227226191217,0.3586088557827151,-0.17282024212795588
commons-net,LSZZ,999,0.99,0.0,-0.03702438691452349,0.43294405483772536,-0.03027432066530995
commons-net,LSZZ,999,0.99,0.05,-0.026198843992117856,0.4475627004792695,-0.03027432066530995
commons-net,LSZZ,999,0.99,0.1,-0.018841031104383434,0.4524385818087054,-0.03027432066530995
commons-net,LSZZ,999,0.99,0.25,-0.005492606278802656,0.45876393362204787,-0.03027432066530995
commons-net,LSZZ,999,0.995,0.0,-0.05130768520543884,0.43855116119539406,-0.025027781567780228
commons-net,LSZZ,999,0.995,0.05,-0.04088823843520294,0.4537781057960176,-0.025027781567780228
commons-net,LSZZ,999,0.995,0.1,-0.03356620965128006,0.4596716745051425,-0.025027781567780228
commons-net,LSZZ,999,0.995,0.25,-0.019069818136019236,0.46996755596957124,-0.025027781567780228
commons-net,LSZZ,999,0.999,0.0,-0.07395273993467905,0.428226946622146,-0.039413134919038355
commons-net,LSZZ,999,0.999,0.05,-0.06446860976974723,0.4431530144616935,-0.039413134919038355
commons-net,LSZZ,999,0.999,0.1,-0.05777445828148488,0.44905736542149394,-0.039413134919038355
commons-net,LSZZ,999,0.999,0.25,-0.044152368578939324,0.4599477736752795,-0.039413134919038355
commons-net,RSZZ,7,0.9,0.0,0.01896237869159774,0.39352911467964913,-0.1355322015110928
commons-net,RSZZ,7,0.9,0.05,0.025220438439213552,0.39910354454786884,-0.1355322015110928
commons-net,RSZZ,7,0.9,0.1,0.03774954897868689,0.4018173114368551,-0.1355322015110928
commons-net,RSZZ,7,0.9,0.25,0.046934332727593446,0.40091315186030696,-0.1355322015110928
commons-net,RSZZ,7,0.95,0.0,0.017556528868263827,0.4324979877152514,-0.10165663817298205
commons-net,RSZZ,7,0.95,0.05,0.026551709657308572,0.4420066401942259,-0.10165663817298205
commons-net,RSZZ,7,0.95,0.1,0.03664330467145259,0.4447991316147129,-0.10165663817298205
commons-net,RSZZ,7,0.95,0.25,0.051589395855122885,0.44808203761397264,-0.10165663817298205
commons-net,RSZZ,7,0.99,0.0,0.017307454269649945,0.4857116005446048,0.023093731367361373
commons-net,RSZZ,7,0.99,0.05,0.028875847814385746,0.500044184216686,0.023093731367361373
commons-net,RSZZ,7,0.99,0.1,0.04040814022038653,0.5064869961175399,0.023093731367361373
commons-net,RSZZ,7,0.99,0.25,0.07278923064780085,0.5246262141585307,0.023093731367361373
commons-net,RSZZ,7,0.995,0.0,0.0026992575261536368,0.4845010807944626,0.07301514436187495
commons-net,RSZZ,7,0.995,0.05,0.013761955319595877,0.49902065352475633,0.07301514436187495
commons-net,RSZZ,7,0.995,0.1,0.02510329077954616,0.5057991835360797,0.07301514436187495
commons-net,RSZZ,7,0.995,0.25,0.05947659869598631,0.526323354763647,0.07301514436187495
commons-net,RSZZ,7,0.999,0.0,-0.034891248582636425,0.46491893517020627,0.0519119515491902
commons-net,RSZZ,7,0.999,0.05,-0.025612523198996727,0.4786064230593684,0.0519119515491902
commons-net,RSZZ,7,0.999,0.1,-0.015883727205713124,0.4846201147094914,0.0519119515491902
commons-net,RSZZ,7,0.999,0.25,0.014853387145634857,0.5034374505266529,0.0519119515491902
commons-net,RSZZ,13,0.9,0.0,0.03819619408878379,0.3922528190306926,-0.14654035110914648
commons-net,RSZZ,13,0.9,0.05,0.045465609387800934,0.3977601385173709,-0.14654035110914648
commons-net,RSZZ,13,0.9,0.1,0.06173128682024856,0.4033337588145622,-0.14654035110914648
commons-net,RSZZ,13,0.9,0.25,0.08995858234318545,0.4129636153390916,-0.14654035110914648
commons-net,RSZZ,13,0.95,0.0,0.03154955550971759,0.42326796988856386,-0.05711219553067396
commons-net,RSZZ,13,0.95,0.05,0.04128051985925193,0.43229128809683937,-0.05711219553067396
commons-net,RSZZ,13,0.95,0.1,0.05567958708954669,0.43750056939627724,-0.05711219553067396
commons-net,RSZZ,13,0.95,0.25,0.08870508002944619,0.4495436098057777,-0.05711219553067396
commons-net,RSZZ,13,0.99,0.0,0.01123392832264232,0.478115172944006,0.09926184462374635
commons-net,RSZZ,13,0.99,0.05,0.02248296275654956,0.4920483200474171,0.09926184462374635
commons-net,RSZZ,13,0.99,0.1,0.03602690758769785,0.5001929313207591,0.09926184462374635
commons-net,RSZZ,13,0.99,0.25,0.07828772924605684,0.5257732165145719,0.09926184462374635
commons-net,RSZZ,13,0.995,0.0,-0.012609417270103935,0.4726936387479937,0.12222400474055002
commons-net,RSZZ,13,0.995,0.05,-0.0023516826584367443,0.48659235067584394,0.12222400474055002
commons-net,RSZZ,13,0.995,0.1,0.010179337220817038,0.49464678884177443,0.12222400474055002
commons-net,RSZZ,13,0.995,0.25,0.050787887098897394,0.5209640635528955,0.12222400474055002
commons-net,RSZZ,13,0.999,0.0,-0.06425111093340996,0.4436766333529676,0.056543779615130484
commons-net,RSZZ,13,0.999,0.05,-0.05651619051844944,0.45624715513718567,0.056543779615130484
commons-net,RSZZ,13,0.999,0.1,-0.046644652727406116,0.46283510141898027,0.056543779615130484
commons-net,RSZZ,13,0.999,0.25,-0.014232910555234875,0.48469197482350374,0.056543779615130484
commons-net,RSZZ,21,0.9,0.0,0.03301076413378704,0.38297981020921285,-0.13229777002408064
commons-net,RSZZ,21,0.9,0.05,0.04000751832718933,0.3879995348658415,-0.13229777002408064
commons-net,RSZZ,21,0.9,0.1,0.062183350354551775,0.3958409827749515,-0.13229777002408064
commons-net,RSZZ,21,0.9,0.25,0.06131819249316783,0.3842526808010478,-0.13229777002408064
commons-net,RSZZ,21,0.95,0.0,0.032993246402588404,0.42359286744284846,-0.09620275818384715
commons-net,RSZZ,21,0.95,0.05,0.04280012313709999,0.43263326946618497,-0.09620275818384715
commons-net,RSZZ,21,0.95,0.1,0.06165453774407935,0.4399753905691053,-0.09620275818384715
commons-net,RSZZ,21,0.95,0.25,0.0681318650343729,0.43393500310367195,-0.09620275818384715
commons-net,RSZZ,21,0.99,0.0,0.02162160409217496,0.48242697424057424,0.02759316249397628
commons-net,RSZZ,21,0.99,0.05,0.03341684495152241,0.49658684516803026,0.02759316249397628
commons-net,RSZZ,21,0.99,0.1,0.04994980827747771,0.5061056784236174,0.02759316249397628
commons-net,RSZZ,21,0.99,0.25,0.08072033242796381,0.5226414527184249,0.02759316249397628
commons-net,RSZZ,21,0.995,0.0,0.004190765262486631,0.48224313690870496,0.07839393406922278
commons-net,RSZZ,21,0.995,0.05,0.015331889753801778,0.4966439820731748,0.07839393406922278
commons-net,RSZZ,21,0.995,0.1,0.03099582047913402,0.5062376835763253,0.07839393406922278
commons-net,RSZZ,21,0.995,0.25,0.06611520203469312,0.5274618317154834,0.07839393406922278
commons-net,RSZZ,21,0.999,0.0,-0.037732331840279715,0.4619081876699062,0.054529303484450495
commons-net,RSZZ,21,0.999,0.05,-0.028602996749999648,0.4754373639534187,0.054529303484450495
commons-net,RSZZ,21,0.999,0.1,-0.015207933192864773,0.48396288618465244,0.054529303484450495
commons-net,RSZZ,21,0.999,0.25,0.01772102016436531,0.5049994509531504,0.054529303484450495
commons-net,RSZZ,42,0.9,0.0,0.0020128115703105095,0.32665031016097884,-0.1938720855421164
commons-net,RSZZ,42,0.9,0.05,0.008107240680435763,0.32925112704714415,-0.1938720855421164
commons-net,RSZZ,42,0.9,0.1,0.024390751798571645,0.3313581290733714,-0.1938720855421164
commons-net,RSZZ,42,0.9,0.25,0.03128805736182615,0.3161301471455048,-0.1938720855421164
commons-net,RSZZ,42,0.95,0.0,0.001806819169194092,0.37916787081329,-0.1654493605924674
commons-net,RSZZ,42,0.95,0.05,0.010675211325129842,0.3862600644439612,-0.1654493605924674
commons-net,RSZZ,42,0.95,0.1,0.024869856966169505,0.3893266639428651,-0.1654493605924674
commons-net,RSZZ,42,0.95,0.25,0.037135977503939446,0.38158434785954687,-0.1654493605924674
commons-net,RSZZ,42,0.99,0.0,-0.001206505743298391,0.4668635790894929,-0.02655600071070284
commons-net,RSZZ,42,0.99,0.05,0.009972625658349976,0.48044244646539647,-0.02655600071070284
commons-net,RSZZ,42,0.99,0.1,0.024578983038998494,0.48851413540992,-0.02655600071070284
commons-net,RSZZ,42,0.99,0.25,0.05534214217093998,0.5044659044438333,-0.02655600071070284
commons-net,RSZZ,42,0.995,0.0,-0.01453236646725893,0.4724556145335985,0.029706614412904515
commons-net,RSZZ,42,0.995,0.05,-0.0038130510126093017,0.48656107487259864,0.029706614412904515
commons-net,RSZZ,42,0.995,0.1,0.010444646523434888,0.49519733032530644,0.029706614412904515
commons-net,RSZZ,42,0.995,0.25,0.044343446872493274,0.515591969962753,0.029706614412904515
commons-net,RSZZ,42,0.999,0.0,-0.04961254166178865,0.45662867093112663,0.021082962621368162
commons-net,RSZZ,42,0.999,0.05,-0.0405633096248852,0.4700853982618337,0.021082962621368162
commons-net,RSZZ,42,0.999,0.1,-0.027971232063342386,0.4780282827092121,0.021082962621368162
commons-net,RSZZ,42,0.999,0.25,0.0036582566537026262,0.49808809176341345,0.021082962621368162
commons-net,RSZZ,77,0.9,0.0,0.001370208916809014,0.3821847851510628,-0.13201004427824867
commons-net,RSZZ,77,0.9,0.05,0.0067032343851871215,0.3871627056731784,-0.13201004427824867
commons-net,RSZZ,77,0.9,0.1,0.02327707638397517,0.39349228548717635,-0.13201004427824867
commons-net,RSZZ,77,0.9,0.25,0.0358965010467024,0.39450303780808704,-0.13201004427824867
commons-net,RSZZ,77,0.95,0.0,0.0008562081736660584,0.4229338537793556,-0.0945010947749168
commons-net,RSZZ,77,0.95,0.05,0.00897325003416858,0.43193960344104365,-0.0945010947749168
commons-net,RSZZ,77,0.95,0.1,0.02314651695145339,0.4379789033163412,-0.0945010947749168
commons-net,RSZZ,77,0.95,0.25,0.04167443473507321,0.44302483613885846,-0.0945010947749168
commons-net,RSZZ,77,0.99,0.0,-0.002128091909280377,0.474078644753113,0.029556541309704355
commons-net,RSZZ,77,0.99,0.05,0.00841833864388726,0.48779954248686214,0.029556541309704355
commons-net,RSZZ,77,0.99,0.1,0.021957103358525985,0.4960873245552397,0.029556541309704355
commons-net,RSZZ,77,0.99,0.25,0.058242463134433146,0.5176219567557542,0.029556541309704355
commons-net,RSZZ,77,0.995,0.0,-0.020082480394343218,0.46997265324848614,0.07439464276755672
commons-net,RSZZ,77,0.995,0.05,-0.010217695580758095,0.4837282898824656,0.07439464276755672
commons-net,RSZZ,77,0.995,0.1,0.0025587261618917664,0.49194505122604104,0.07439464276755672
commons-net,RSZZ,77,0.995,0.25,0.039618095587467865,0.5152754218453195,0.07439464276755672
commons-net,RSZZ,77,0.999,0.0,-0.06373084280647742,0.44544302871420627,0.036516712772724357
commons-net,RSZZ,77,0.999,0.05,-0.05596856556981904,0.45810643138126883,0.036516712772724357
commons-net,RSZZ,77,0.999,0.1,-0.04545645173560343,0.4650752808101805,0.036516712772724357
commons-net,RSZZ,77,0.999,0.25,-0.013958147691512693,0.485485405215596,0.036516712772724357
commons-net,RSZZ,101,0.9,0.0,-0.007831128944742263,0.3682091235727466,-0.13201004427823249
commons-net,RSZZ,101,0.9,0.05,-0.0029819296925584163,0.37245217362689437,-0.13201004427823249
commons-net,RSZZ,101,0.9,0.1,0.012814974950872865,0.37756985438047247,-0.13201004427823249
commons-net,RSZZ,101,0.9,0.25,0.02510797602702291,0.3737293601377072,-0.13201004427823249
commons-net,RSZZ,101,0.95,0.0,-0.010788747848042847,0.4088214033220773,-0.09450107748164667
commons-net,RSZZ,101,0.95,0.05,-0.003284022923893107,0.41708508986112913,-0.09450107748164667
commons-net,RSZZ,101,0.95,0.1,0.010118781328336117,0.42213729818545476,-0.09450107748164667
commons-net,RSZZ,101,0.95,0.25,0.02582731256032974,0.4223075939435964,-0.09450107748164667
commons-net,RSZZ,101,0.99,0.0,-0.013670817731070362,0.4640828105005821,0.02925249136714819
commons-net,RSZZ,101,0.99,0.05,-0.003731328629564916,0.47727810568208545,0.02925249136714819
commons-net,RSZZ,101,0.99,0.1,0.009139050971522502,0.48496567911620925,0.02925249136714819
commons-net,RSZZ,101,0.99,0.25,0.040357922770953146,0.50266095187339,0.02925249136714819
commons-net,RSZZ,101,0.995,0.0,-0.030616154822209602,0.461505286853081,0.07082348814821218
commons-net,RSZZ,101,0.995,0.05,-0.021305253358822135,0.4748156910756588,0.07082348814821218
commons-net,RSZZ,101,0.995,0.1,-0.009120457614971603,0.48253408530533143,0.07082348814821218
commons-net,RSZZ,101,0.995,0.25,0.02313605522081919,0.5025264931958746,0.07082348814821218
commons-net,RSZZ,101,0.999,0.0,-0.07209956699426623,0.4391622502626307,0.025503875851512703
commons-net,RSZZ,101,0.999,0.05,-0.06477733534870284,0.451495396034587,0.025503875851512703
commons-net,RSZZ,101,0.999,0.1,-0.054716322135078925,0.4581023136731009,0.025503875851512703
commons-net,RSZZ,101,0.999,0.25,-0.027372040837412934,0.4758373562041267,0.025503875851512703
commons-net,RSZZ,123,0.9,0.0,0.032101003577833076,0.3543727773736608,-0.23016515086954406
commons-net,RSZZ,123,0.9,0.05,0.03965448481270128,0.3583330214392158,-0.23016515086954406
commons-net,RSZZ,123,0.9,0.1,0.05049234861847599,0.3571997797487972,-0.23016515086954406
commons-net,RSZZ,123,0.9,0.25,0.04063401572136828,0.3329849766862539,-0.23016515086954406
commons-net,RSZZ,123,0.95,0.0,0.03215712351308252,0.40075070491857917,-0.172876222084357
commons-net,RSZZ,123,0.95,0.05,0.04254963498506697,0.40892703151286636,-0.172876222084357
commons-net,RSZZ,123,0.95,0.1,0.051535862689770104,0.4085953696439701,-0.172876222084357
commons-net,RSZZ,123,0.95,0.25,0.04687486283399876,0.38990055266209656,-0.172876222084357
commons-net,RSZZ,123,0.99,0.0,0.033543621881308675,0.4877907552307777,0.010463671808658283
commons-net,RSZZ,123,0.99,0.05,0.04652781792065561,0.5024564287447411,0.010463671808658283
commons-net,RSZZ,123,0.99,0.1,0.05793708921830305,0.5084373321516016,0.010463671808658283
commons-net,RSZZ,123,0.99,0.25,0.0747624963094029,0.5148656776649287,0.010463671808658283
commons-net,RSZZ,123,0.995,0.0,0.022524111317736094,0.4948029562261593,0.0578440481367096
commons-net,RSZZ,123,0.995,0.05,0.03517628166071961,0.5100733779563292,0.0578440481367096
commons-net,RSZZ,123,0.995,0.1,0.04674084595668658,0.5169695031032577,0.0578440481367096
commons-net,RSZZ,123,0.995,0.25,0.06852707606281111,0.5290225249855507,0.0578440481367096
commons-net,RSZZ,123,0.999,0.0,-0.005941532429989835,0.4844965117695583,0.045890805558837545
commons-net,RSZZ,123,0.999,0.05,0.005393480428012399,0.4994110162610415,0.045890805558837545
commons-net,RSZZ,123,0.999,0.1,0.015990048328920946,0.5061602424431243,0.045890805558837545
commons-net,RSZZ,123,0.999,0.25,0.038294110118335306,0.5199642236270304,0.045890805558837545
commons-net,RSZZ,202,0.9,0.0,0.030428330783349628,0.36149927980907093,-0.18700899434207358
commons-net,RSZZ,202,0.9,0.05,0.037289295054099815,0.3653895117873823,-0.18700899434207358
commons-net,RSZZ,202,0.9,0.1,0.04919163485277011,0.3655819560426149,-0.18700899434207358
commons-net,RSZZ,202,0.9,0.25,0.05138518307726827,0.3528401678116648,-0.18700899434207358
commons-net,RSZZ,202,0.95,0.0,0.029952993820050705,0.4090272295745456,-0.11640543788422195
commons-net,RSZZ,202,0.95,0.05,0.03960000750796874,0.4173017389024596,-0.11640543788422195
commons-net,RSZZ,202,0.95,0.1,0.04959087838422092,0.4182773042148037,-0.11640543788422195
commons-net,RSZZ,202,0.95,0.25,0.05752676527357821,0.41154619673862447,-0.11640543788422195
commons-net,RSZZ,202,0.99,0.0,0.027310353302040256,0.48773008776044136,0.04703457851233362
commons-net,RSZZ,202,0.99,0.05,0.0394047208804041,0.5021688078495053,0.04703457851233362
commons-net,RSZZ,202,0.99,0.1,0.05125596572114169,0.5085818312755401,0.04703457851233362
commons-net,RSZZ,202,0.99,0.25,0.07845559543009985,0.5228839668158006,0.04703457851233362
commons-net,RSZZ,202,0.995,0.0,0.014798937624348033,0.49207791857767874,0.08064697756804833
commons-net,RSZZ,202,0.995,0.05,0.026497862728117872,0.5069958978017378,0.08064697756804833
commons-net,RSZZ,202,0.995,0.1,0.0383300354073431,0.5141010557438933,0.08064697756804833
commons-net,RSZZ,202,0.995,0.25,0.06928689455770701,0.5326178879157528,0.08064697756804833
commons-net,RSZZ,202,0.999,0.0,-0.016670835201911014,0.4782504600922445,0.05357775771713516
commons-net,RSZZ,202,0.999,0.05,-0.006434041133463208,0.492638948352894,0.05357775771713516
commons-net,RSZZ,202,0.999,0.1,0.004177857952149504,0.4993376349900727,0.05357775771713516
commons-net,RSZZ,202,0.999,0.25,0.03402936390541511,0.5180359076836948,0.05357775771713516
commons-net,RSZZ,314,0.9,0.0,0.03174473214086494,0.3967808916740569,-0.1322977700240876
commons-net,RSZZ,314,0.9,0.05,0.038517873150618526,0.4024222129291524,-0.1322977700240876
commons-net,RSZZ,314,0.9,0.1,0.04706277213984585,0.40439213944493707,-0.1322977700240876
commons-net,RSZZ,314,0.9,0.25,0.04289411777451237,0.39481055866893483,-0.1322977700240876
commons-net,RSZZ,314,0.95,0.0,0.030017510065888913,0.43790733237421475,-0.09620276956689365
commons-net,RSZZ,314,0.95,0.05,0.039558420662256503,0.44763898162917676,-0.09620276956689365
commons-net,RSZZ,314,0.95,0.1,0.046893896091143375,0.449159119909954,-0.09620276956689365
commons-net,RSZZ,314,0.95,0.25,0.048338828637303904,0.4437311414727235,-0.09620276956689365
commons-net,RSZZ,314,0.99,0.0,0.032688549609490226,0.4945299250532577,0.026445611169898763
commons-net,RSZZ,314,0.99,0.05,0.044998299889850844,0.5092986061681706,0.026445611169898763
commons-net,RSZZ,314,0.99,0.1,0.05517539765773289,0.5148646895697536,0.026445611169898763
commons-net,RSZZ,314,0.99,0.25,0.07717395744917387,0.5263345339621743,0.026445611169898763
commons-net,RSZZ,314,0.995,0.0,0.02187626320552421,0.49598228256795274,0.07553523408070434
commons-net,RSZZ,314,0.995,0.05,0.03388540088355691,0.511081315501235,0.07553523408070434
commons-net,RSZZ,314,0.995,0.1,0.04425032600650036,0.5172210960211608,0.07553523408070434
commons-net,RSZZ,314,0.995,0.25,0.07045223495406223,0.5324061889294635,0.07553523408070434
commons-net,RSZZ,314,0.999,0.0,-0.007956398889660281,0.48191914779696093,0.0631704226021189
commons-net,RSZZ,314,0.999,0.05,0.0026810290568544276,0.4964787838640033,0.0631704226021189
commons-net,RSZZ,314,0.999,0.1,0.012016273703337625,0.5022498717469028,0.0631704226021189
commons-net,RSZZ,314,0.999,0.25,0.0375998183218084,0.5176831070570794,0.0631704226021189
commons-net,RSZZ,999,0.9,0.0,0.021453433433545784,0.3882150638391068,-0.1355322015110928
commons-net,RSZZ,999,0.9,0.05,0.02784247821923586,0.3935100694377768,-0.1355322015110928
commons-net,RSZZ,999,0.9,0.1,0.03822309384679016,0.39757288239880123,-0.1355322015110928
commons-net,RSZZ,999,0.9,0.25,0.03265644067096525,0.3876772524353798,-0.1355322015110928
commons-net,RSZZ,999,0.95,0.0,0.018357876696954354,0.42862007004844727,-0.10165663817304268
commons-net,RSZZ,999,0.95,0.05,0.02739519408544198,0.4379248132416556,-0.10165663817304268
commons-net,RSZZ,999,0.95,0.1,0.03738965740662688,0.4414730448823367,-0.10165663817304268
commons-net,RSZZ,999,0.95,0.25,0.03730664664587293,0.4357620796958811,-0.10165663817304268
commons-net,RSZZ,999,0.99,0.0,0.01961718201561323,0.48570858252887655,0.022801901862296657
commons-net,RSZZ,999,0.99,0.05,0.03130702603337622,0.5000410075071728,0.022801901862296657
commons-net,RSZZ,999,0.99,0.1,0.043967018127160216,0.5071323239073106,0.022801901862296657
commons-net,RSZZ,999,0.99,0.25,0.06543555095569485,0.5184327050439336,0.022801901862296657
commons-net,RSZZ,999,0.995,0.0,0.00818685554762565,0.4869148314120734,0.07120535124269373
commons-net,RSZZ,999,0.995,0.05,0.019538103096187545,0.5015613243626359,0.07120535124269373
commons-net,RSZZ,999,0.995,0.1,0.03222420018608232,0.5090954601266039,0.07120535124269373
commons-net,RSZZ,999,0.995,0.25,0.058386011281349084,0.5244368134017157,0.07120535124269373
commons-net,RSZZ,999,0.999,0.0,-0.023070821314560463,0.472030140087231,0.05321529676554743
commons-net,RSZZ,999,0.999,0.05,-0.013170552337482013,0.48609155048846187,0.05321529676554743
commons-net,RSZZ,999,0.999,0.1,-0.001721273033228969,0.49310658040978445,0.05321529676554743
commons-net,RSZZ,999,0.999,0.25,0.024089028096762537,0.5089004070928816,0.05321529676554743
commons-net,RASZZ,7,0.9,0.0,0.03328960669645046,0.3712432577833404,0.7980996023128475
commons-net,RASZZ,7,0.9,0.05,0.043331712391343966,0.3788178858128957,0.7980996023128475
commons-net,RASZZ,7,0.9,0.1,0.06519038283363902,0.3866066448143968,0.7980996023128475
commons-net,RASZZ,7,0.9,0.25,0.08131753958890338,0.3850903232471532,0.7980996023128475
commons-net,RASZZ,7,0.95,0.0,0.023829299204257505,0.4147932596568758,0.4800121622423183
commons-net,RASZZ,7,0.95,0.05,0.03618753782411284,0.42663719723221605,0.4800121622423183
commons-net,RASZZ,7,0.95,0.1,0.0558907847620149,0.43478883426763376,0.4800121622423183
commons-net,RASZZ,7,0.95,0.25,0.07585475051790201,0.4375500991719275,0.4800121622423183
commons-net,RASZZ,7,0.99,0.0,-0.004481241473861277,0.4765377568739885,0.11433860831303301
commons-net,RASZZ,7,0.99,0.05,0.008663396135895323,0.4936379121396242,0.11433860831303301
commons-net,RASZZ,7,0.99,0.1,0.02721126981311913,0.5053418880239535,0.11433860831303301
commons-net,RASZZ,7,0.99,0.25,0.062356104097408147,0.527614964689022,0.11433860831303301
commons-net,RASZZ,7,0.995,0.0,-0.02396400447744311,0.4720406746725514,0.09690919632289167
commons-net,RASZZ,7,0.995,0.05,-0.011637807430890273,0.4891479147868784,0.09690919632289167
commons-net,RASZZ,7,0.995,0.1,0.006112035222209231,0.5008420728212609,0.09690919632289167
commons-net,RASZZ,7,0.995,0.25,0.0440146407745502,0.5261579649163665,0.09690919632289167
commons-net,RASZZ,7,0.999,0.0,-0.06712308474560338,0.4442636773494499,0.04508243745134926
commons-net,RASZZ,7,0.999,0.05,-0.056920247437099114,0.4601016331846646,0.04508243745134926
commons-net,RASZZ,7,0.999,0.1,-0.041389579593752404,0.4704198797542599,0.04508243745134926
commons-net,RASZZ,7,0.999,0.25,-0.006572682585420539,0.4936075531223037,0.04508243745134926
commons-net,RASZZ,13,0.9,0.0,-0.003876014464035048,0.2864914910468831,-0.13213295606561934
commons-net,RASZZ,13,0.9,0.05,0.004965567343166341,0.29007143427728904,-0.13213295606561934
commons-net,RASZZ,13,0.9,0.1,0.027171528805618475,0.29398993454372785,-0.13213295606561934
commons-net,RASZZ,13,0.9,0.25,0.029609395052696948,0.26817747585712426,-0.13213295606561934
commons-net,RASZZ,13,0.95,0.0,-0.011561960074367284,0.3313893799681295,-0.10043941630339696
commons-net,RASZZ,13,0.95,0.05,-0.00028181999075099236,0.33919792970448004,-0.10043941630339696
commons-net,RASZZ,13,0.95,0.1,0.019480587082221463,0.34349784319868915,-0.10043941630339696
commons-net,RASZZ,13,0.95,0.25,0.02637224462794065,0.3237411308337192,-0.10043941630339696
commons-net,RASZZ,13,0.99,0.0,-0.026580970795457168,0.44092410818941763,-0.0789352914056874
commons-net,RASZZ,13,0.99,0.05,-0.013898375202874371,0.4563770928131638,-0.0789352914056874
commons-net,RASZZ,13,0.99,0.1,0.004983274983418715,0.4667080202857082,-0.0789352914056874
commons-net,RASZZ,13,0.99,0.25,0.03343848474492325,0.4794885789964461,-0.0789352914056874
commons-net,RASZZ,13,0.995,0.0,-0.03337311557775257,0.45910389003844515,-0.02833690201166286
commons-net,RASZZ,13,0.995,0.05,-0.02086028930948943,0.4757405039877066,-0.02833690201166286
commons-net,RASZZ,13,0.995,0.1,-0.002099659275940687,0.4873299069614638,-0.02833690201166286
commons-net,RASZZ,13,0.995,0.25,0.033399508503832255,0.5088009789359207,-0.02833690201166286
commons-net,RASZZ,13,0.999,0.0,-0.06078866961287815,0.44846927438879547,0.010593563923314368
commons-net,RASZZ,13,0.999,0.05,-0.049587434601293535,0.464725512431184,0.010593563923314368
commons-net,RASZZ,13,0.999,0.1,-0.032176288144845674,0.4758951117080396,0.010593563923314368
commons-net,RASZZ,13,0.999,0.25,0.005029425221479471,0.4995807523992727,0.010593563923314368
commons-net,RASZZ,21,0.9,0.0,0.03262348119985244,0.35897800799776086,-0.16207424990632882
commons-net,RASZZ,21,0.9,0.05,0.04292453300763697,0.3660509436938176,-0.16207424990632882
commons-net,RASZZ,21,0.9,0.1,0.04972115714760703,0.3630714016625706,-0.16207424990632882
commons-net,RASZZ,21,0.9,0.25,0.03834420759774024,0.330954911951114,-0.16207424990632882
commons-net,RASZZ,21,0.95,0.0,0.025401202564440954,0.3938054239767041,-0.10237703561091362
commons-net,RASZZ,21,0.95,0.05,0.03824368890313205,0.4046946051000749,-0.10237703561091362
commons-net,RASZZ,21,0.95,0.1,0.04570643614690171,0.4036272239442794,-0.10237703561091362
commons-net,RASZZ,21,0.95,0.25,0.035043695293616964,0.3762966848196455,-0.10237703561091362
commons-net,RASZZ,21,0.99,0.0,0.011371290949220948,0.47590944329974905,-0.03802276427069012
commons-net,RASZZ,21,0.99,0.05,0.025787362336158522,0.49310695699524615,-0.03802276427069012
commons-net,RASZZ,21,0.99,0.1,0.0385146385593727,0.5001660668281196,-0.03802276427069012
commons-net,RASZZ,21,0.99,0.25,0.04390743967017847,0.49951871427894756,-0.03802276427069012
commons-net,RASZZ,21,0.995,0.0,0.008176296785004837,0.48988074785600594,-0.003430561013479117
commons-net,RASZZ,21,0.995,0.05,0.022629430367334846,0.5080514490546756,-0.003430561013479117
commons-net,RASZZ,21,0.995,0.1,0.03635672873730321,0.5166979687346235,-0.003430561013479117
commons-net,RASZZ,21,0.995,0.25,0.04957683711710438,0.5241358332556316,-0.003430561013479117
commons-net,RASZZ,21,0.999,0.0,-0.006651101047338548,0.48540574981439993,0.03048494098378254
commons-net,RASZZ,21,0.999,0.05,0.0071665467057544585,0.503528076212916,0.03048494098378254
commons-net,RASZZ,21,0.999,0.1,0.020986020289965213,0.5125677570094532,0.03048494098378254
commons-net,RASZZ,21,0.999,0.25,0.03937857142959896,0.5241216468291362,0.03048494098378254
commons-net,RASZZ,42,0.9,0.0,0.03827705954339707,0.3777718738180939,0.6260077604312582
commons-net,RASZZ,42,0.9,0.05,0.04929583448692677,0.38612903501099766,0.6260077604312582
commons-net,RASZZ,42,0.9,0.1,0.07228532714615464,0.39459601031791053,0.6260077604312582
commons-net,RASZZ,42,0.9,0.25,0.08544561554397422,0.3872100330945342,0.6260077604312582
commons-net,RASZZ,42,0.95,0.0,0.029949623485500027,0.4176470884512938,0.3874959576187134
commons-net,RASZZ,42,0.95,0.05,0.04337857651133154,0.4299743550440963,0.3874959576187134
commons-net,RASZZ,42,0.95,0.1,0.06425928928132879,0.4386599905681227,0.3874959576187134
commons-net,RASZZ,42,0.95,0.25,0.07995673063682546,0.4353128882127333,0.3874959576187134
commons-net,RASZZ,42,0.99,0.0,0.006015702900930045,0.48227495576058427,0.0811002779052007
commons-net,RASZZ,42,0.99,0.05,0.02038732119666291,0.49989330655097836,0.0811002779052007
commons-net,RASZZ,42,0.99,0.1,0.04041064821471502,0.5123021652092348,0.0811002779052007
commons-net,RASZZ,42,0.99,0.25,0.07239053271783756,0.531176670775702,0.0811002779052007
commons-net,RASZZ,42,0.995,0.0,-0.011459521924675729,0.4814734347663803,0.08127536401282492
commons-net,RASZZ,42,0.995,0.05,0.0021820255122620737,0.4992782511337712,0.08127536401282492
commons-net,RASZZ,42,0.995,0.1,0.02153739759598549,0.5118831239782862,0.08127536401282492
commons-net,RASZZ,42,0.995,0.25,0.057726393804686284,0.5352515970465349,0.08127536401282492
commons-net,RASZZ,42,0.999,0.0,-0.05420008806826843,0.4545108744982077,0.05228918456070434
commons-net,RASZZ,42,0.999,0.05,-0.04267478076357478,0.4710774531872496,0.05228918456070434
commons-net,RASZZ,42,0.999,0.1,-0.025503706354176935,0.48234428396800244,0.05228918456070434
commons-net,RASZZ,42,0.999,0.25,0.00878659579119081,0.5043601887455472,0.05228918456070434
commons-net,RASZZ,77,0.9,0.0,0.060415381582756174,0.38385536975531714,0.7830136860851489
commons-net,RASZZ,77,0.9,0.05,0.07263754383936633,0.39255491599762193,0.7830136860851489
commons-net,RASZZ,77,0.9,0.1,0.08913409267594154,0.39827473552392695,0.7830136860851489
commons-net,RASZZ,77,0.9,0.25,0.08452819974147129,0.3762495361793745,0.7830136860851489
commons-net,RASZZ,77,0.95,0.0,0.050037243763972616,0.42469436262170634,0.469505303787158
commons-net,RASZZ,77,0.95,0.05,0.06455640301655326,0.4374090898497003,0.469505303787158
commons-net,RASZZ,77,0.95,0.1,0.0807647787459417,0.44357475066998403,0.469505303787158
commons-net,RASZZ,77,0.95,0.25,0.07655768957869315,0.42513163174466984,0.469505303787158
commons-net,RASZZ,77,0.99,0.0,0.02932171844768257,0.4981238692167161,0.08787316381387358
commons-net,RASZZ,77,0.99,0.05,0.0449437981694821,0.5165845408052779,0.08787316381387358
commons-net,RASZZ,77,0.99,0.1,0.06386981611904687,0.5282056627743583,0.08787316381387358
commons-net,RASZZ,77,0.99,0.25,0.07875809549612825,0.5360485609604275,0.08787316381387358
commons-net,RASZZ,77,0.995,0.0,0.017971266588723715,0.5018603358737187,0.08496022272994116
commons-net,RASZZ,77,0.995,0.05,0.03318389135588137,0.5207451760828631,0.08496022272994116
commons-net,RASZZ,77,0.995,0.1,0.052243979602565625,0.5330562369716277,0.08496022272994116
commons-net,RASZZ,77,0.995,0.25,0.07493350836387165,0.5479712160225386,0.08496022272994116
commons-net,RASZZ,77,0.999,0.0,-0.012110358833697663,0.48351074169443,0.06855539533398573
commons-net,RASZZ,77,0.999,0.05,0.0016504868855246096,0.501609535764157,0.06855539533398573
commons-net,RASZZ,77,0.999,0.1,0.019590751847146384,0.5132666521619724,0.06855539533398573
commons-net,RASZZ,77,0.999,0.25,0.045519831501609355,0.5302908302220766,0.06855539533398573
commons-net,RASZZ,101,0.9,0.0,0.0503603791285567,0.3653464226281109,0.6290664290755494
commons-net,RASZZ,101,0.9,0.05,0.062053827641096244,0.3730727284580932,0.6290664290755494
commons-net,RASZZ,101,0.9,0.1,0.06640149762106923,0.3696222180941105,0.6290664290755494
commons-net,RASZZ,101,0.9,0.25,0.08169769333959845,0.3634994113176908,0.6290664290755494
commons-net,RASZZ,101,0.95,0.0,0.04089320787767343,0.41074638610342606,0.3960902022678526
commons-net,RASZZ,101,0.95,0.05,0.05493155397566933,0.42272769860369824,0.3960902022678526
commons-net,RASZZ,101,0.95,0.1,0.06067907983973557,0.42183586866951917,0.3960902022678526
commons-net,RASZZ,101,0.95,0.25,0.07681591635574905,0.4183147354871216,0.3960902022678526
commons-net,RASZZ,101,0.99,0.0,0.021140268023594082,0.48862657534595905,0.07837271868913337
commons-net,RASZZ,101,0.99,0.05,0.03633214941323496,0.5065878587122089,0.07837271868913337
commons-net,RASZZ,101,0.99,0.1,0.04877225600116901,0.5136398228524487,0.07837271868913337
commons-net,RASZZ,101,0.99,0.25,0.07204041345475425,0.5267802380922447,0.07837271868913337
commons-net,RASZZ,101,0.995,0.0,0.010707209959735136,0.49364805127834654,0.07472188920842374
commons-net,RASZZ,101,0.995,0.05,0.025537874941706548,0.5121010718280159,0.07472188920842374
commons-net,RASZZ,101,0.995,0.1,0.038787811560840775,0.5202474815383404,0.07472188920842374
commons-net,RASZZ,101,0.995,0.25,0.0656394508182383,0.5372224049054599,0.07472188920842374
commons-net,RASZZ,101,0.999,0.0,-0.017321967054367917,0.4773560511926543,0.06310375959464608
commons-net,RASZZ,101,0.999,0.05,-0.003835158950504848,0.495131218343978,0.06310375959464608
commons-net,RASZZ,101,0.999,0.1,0.008907141714822153,0.5030099932008572,0.06310375959464608
commons-net,RASZZ,101,0.999,0.25,0.03568619627268505,0.5195722739558274,0.06310375959464608
commons-net,RASZZ,123,0.9,0.0,0.03983074104497476,0.3510546989343353,-0.1315392847785189
commons-net,RASZZ,123,0.9,0.05,0.050871048364850645,0.35796806963320726,-0.1315392847785189
commons-net,RASZZ,123,0.9,0.1,0.061884282408805176,0.3569799152462413,-0.1315392847785189
commons-net,RASZZ,123,0.9,0.25,0.08031757300105137,0.3496211687859805,-0.1315392847785189
commons-net,RASZZ,123,0.95,0.0,0.03184430489296828,0.38910510583568636,-0.10589643925328887
commons-net,RASZZ,123,0.95,0.05,0.04517696527171881,0.39986991877588957,-0.10589643925328887
commons-net,RASZZ,123,0.95,0.1,0.05570793898812244,0.40013429497821995,-0.10589643925328887
commons-net,RASZZ,123,0.95,0.25,0.07440440468464544,0.39409079189467666,-0.10589643925328887
commons-net,RASZZ,123,0.99,0.0,0.014289950184998177,0.48256342382047124,-0.05038993335025585
commons-net,RASZZ,123,0.99,0.05,0.028858685881164362,0.5001347289068855,-0.05038993335025585
commons-net,RASZZ,123,0.99,0.1,0.0428536603942589,0.5082897156932573,-0.05038993335025585
commons-net,RASZZ,123,0.99,0.25,0.07075806510808258,0.5240306432619715,-0.05038993335025585
commons-net,RASZZ,123,0.995,0.0,0.0031110061629532814,0.4907619424552138,0.020858228771842544
commons-net,RASZZ,123,0.995,0.05,0.017279526355253833,0.5089943638728527,0.020858228771842544
commons-net,RASZZ,123,0.995,0.1,0.031608908984653294,0.5182828437938186,0.020858228771842544
commons-net,RASZZ,123,0.995,0.25,0.06329762406251563,0.539215654617156,0.020858228771842544
commons-net,RASZZ,123,0.999,0.0,-0.030160262873985773,0.47084377963150004,0.04897166834687724
commons-net,RASZZ,123,0.999,0.05,-0.017610424894067465,0.4882097164241593,0.04897166834687724
commons-net,RASZZ,123,0.999,0.1,-0.004411878946158144,0.4969015397581338,0.04897166834687724
commons-net,RASZZ,123,0.999,0.25,0.02610771416973447,0.5171331051512594,0.04897166834687724
commons-net,RASZZ,202,0.9,0.0,0.02011661085361419,0.3382454927581892,-0.132115461504048
commons-net,RASZZ,202,0.9,0.05,0.03111704609834702,0.3451502328146896,-0.132115461504048
commons-net,RASZZ,202,0.9,0.1,0.03643232888858162,0.34032376884547005,-0.132115461504048
commons-net,RASZZ,202,0.9,0.25,0.04386941626833354,0.32462249686963307,-0.132115461504048
commons-net,RASZZ,202,0.95,0.0,0.013883656747403461,0.387509961753417,-0.09924635772100329
commons-net,RASZZ,202,0.95,0.05,0.027346213062982593,0.3986855958030819,-0.09924635772100329
commons-net,RASZZ,202,0.95,0.1,0.03402043760952955,0.3971166430983386,-0.09924635772100329
commons-net,RASZZ,202,0.95,0.25,0.044553097809305754,0.38700865631791687,-0.09924635772100329
commons-net,RASZZ,202,0.99,0.0,-0.0033318244955430542,0.4670508820487469,-0.03374502105777206
commons-net,RASZZ,202,0.99,0.05,0.011260159436285907,0.48411849277703234,-0.03374502105777206
commons-net,RASZZ,202,0.99,0.1,0.023971561430232796,0.491065274691115,-0.03374502105777206
commons-net,RASZZ,202,0.99,0.25,0.04682571408648058,0.5020149654399689,-0.03374502105777206
commons-net,RASZZ,202,0.995,0.0,-0.012022696278222481,0.4761400171430355,0.01251520330263397
commons-net,RASZZ,202,0.995,0.05,0.002272397837959535,0.49389290383716794,0.01251520330263397
commons-net,RASZZ,202,0.995,0.1,0.015783845311417372,0.5021792087578391,0.01251520330263397
commons-net,RASZZ,202,0.995,0.25,0.04327022294468538,0.5187891755972676,0.01251520330263397
commons-net,RASZZ,202,0.999,0.0,-0.037212115142766365,0.46450086900345733,0.03073460393881999
commons-net,RASZZ,202,0.999,0.05,-0.024134240820893132,0.4818048393814513,0.03073460393881999
commons-net,RASZZ,202,0.999,0.1,-0.011047461184070982,0.4900858695270291,0.03073460393881999
commons-net,RASZZ,202,0.999,0.25,0.017291048103889026,0.5079604948618264,0.03073460393881999
commons-net,RASZZ,314,0.9,0.0,0.03945271459971623,0.3728998866532156,-0.16613522294941377
commons-net,RASZZ,314,0.9,0.05,0.04903658196399008,0.38023373188003523,-0.16613522294941377
commons-net,RASZZ,314,0.9,0.1,0.05614803338017344,0.3780198121921052,-0.16613522294941377
commons-net,RASZZ,314,0.9,0.25,0.06907524227014984,0.37097787184957615,-0.16613522294941377
commons-net,RASZZ,314,0.95,0.0,0.03237218489409024,0.4049515013148299,-0.11002310592714322
commons-net,RASZZ,314,0.95,0.05,0.04447525628182232,0.41603577669659475,-0.11002310592714322
commons-net,RASZZ,314,0.95,0.1,0.0521254444027689,0.41548181781399113,-0.11002310592714322
commons-net,RASZZ,314,0.95,0.25,0.06750760480724491,0.4094296440195594,-0.11002310592714322
commons-net,RASZZ,314,0.99,0.0,0.02088225534723814,0.4776065201287251,-0.028230877239773834
commons-net,RASZZ,314,0.99,0.05,0.034699445628226404,0.49459483654784747,-0.028230877239773834
commons-net,RASZZ,314,0.99,0.1,0.04734863811545473,0.5014423092739463,-0.028230877239773834
commons-net,RASZZ,314,0.99,0.25,0.07380955081666885,0.5133745671954978,-0.028230877239773834
commons-net,RASZZ,314,0.995,0.0,0.009258644273466241,0.48347463934194596,0.025911665496807266
commons-net,RASZZ,314,0.995,0.05,0.02267677594426634,0.5010235296258668,0.025911665496807266
commons-net,RASZZ,314,0.995,0.1,0.035757163792479986,0.5089676303039967,0.025911665496807266
commons-net,RASZZ,314,0.995,0.25,0.06482286983700998,0.5250312690909368,0.025911665496807266
commons-net,RASZZ,314,0.999,0.0,-0.025582371490188764,0.4675088667499784,0.04059489580465214
commons-net,RASZZ,314,0.999,0.05,-0.013845108745352561,0.4844161399503029,0.04059489580465214
commons-net,RASZZ,314,0.999,0.1,-0.0019042979571908666,0.49207114759971043,0.04059489580465214
commons-net,RASZZ,314,0.999,0.25,0.024649218364552562,0.5077058154327391,0.04059489580465214
commons-net,RASZZ,999,0.9,0.0,0.011966377162554475,0.32001167012951565,-0.13213327502145003
commons-net,RASZZ,999,0.9,0.05,0.021422982216637784,0.32517797464840903,-0.13213327502145003
commons-net,RASZZ,999,0.9,0.1,0.033294395223003356,0.3237626263123268,-0.13213327502145003
commons-net,RASZZ,999,0.9,0.25,0.028517122168289322,0.29636674599655993,-0.13213327502145003
commons-net,RASZZ,999,0.95,0.0,0.006369223888052678,0.3739012282249984,-0.09798259382687702
commons-net,RASZZ,999,0.95,0.05,0.018414757150118265,0.38384552937024813,-0.09798259382687702
commons-net,RASZZ,999,0.95,0.1,0.030466269996442988,0.38535642018106786,-0.09798259382687702
commons-net,RASZZ,999,0.95,0.25,0.02696177087949303,0.3637909824764253,-0.09798259382687702
commons-net,RASZZ,999,0.99,0.0,-0.0074096830867842614,0.460488774611115,-0.04303762576995902
commons-net,RASZZ,999,0.99,0.05,0.006166702705663608,0.4769281187217691,-0.04303762576995902
commons-net,RASZZ,999,0.99,0.1,0.021721619939810012,0.4858328969703041,-0.04303762576995902
commons-net,RASZZ,999,0.99,0.25,0.0337775856012179,0.48913001150772417,-0.04303762576995902
commons-net,RASZZ,999,0.995,0.0,-0.012259968320027233,0.4740230636406852,-0.0047938945755851125
commons-net,RASZZ,999,0.995,0.05,0.0012577131496726813,0.49140713641583095,-0.0047938945755851125
commons-net,RASZZ,999,0.995,0.1,0.017384776918428203,0.5016712589055811,-0.0047938945755851125
commons-net,RASZZ,999,0.995,0.25,0.03657422601541125,0.5125558318887042,-0.0047938945755851125
commons-net,RASZZ,999,0.999,0.0,-0.030991017609757598,0.4678316385333842,0.023688546209737007
commons-net,RASZZ,999,0.999,0.05,-0.018321184152555292,0.48507292153524967,0.023688546209737007
commons-net,RASZZ,999,0.999,0.1,-0.0026020494535799093,0.4954598483899892,0.023688546209737007
commons-net,RASZZ,999,0.999,0.25,0.020522279602442038,0.5097794125291487,0.023688546209737007
commons-scxml,oracle,7,0.9,0.0,0.11865342696838234,0.5041531734692565,0.15424434238983514
commons-scxml,oracle,7,0.9,0.05,0.1351841339347532,0.5222199683493155,0.15424434238983514
commons-scxml,oracle,7,0.9,0.1,0.14627207278328924,0.5307130688852149,0.15424434238983514
commons-scxml,oracle,7,0.9,0.25,0.12774147822371185,0.5192220371078545,0.15424434238983514
commons-scxml,oracle,7,0.95,0.0,0.11974240350005641,0.5315296194227386,0.1633541498556742
commons-scxml,oracle,7,0.95,0.05,0.13761711746019153,0.5507423282377956,0.1633541498556742
commons-scxml,oracle,7,0.95,0.1,0.1554603393798678,0.5635464565115627,0.1633541498556742
commons-scxml,oracle,7,0.95,0.25,0.14850620626207578,0.5592612059833635,0.1633541498556742
commons-scxml,oracle,7,0.99,0.0,0.09337278821737616,0.5608043356864594,0.170996428170411
commons-scxml,oracle,7,0.99,0.05,0.11054823432825495,0.5816634818468123,0.170996428170411
commons-scxml,oracle,7,0.99,0.1,0.13363167938460963,0.5988162276282962,0.170996428170411
commons-scxml,oracle,7,0.99,0.25,0.15277206305081953,0.6152781226695173,0.170996428170411
commons-scxml,oracle,7,0.995,0.0,0.0771778605447615,0.5474550900157458,0.16103340269546498
commons-scxml,oracle,7,0.995,0.05,0.09356901711118379,0.5676515647287825,0.16103340269546498
commons-scxml,oracle,7,0.995,0.1,0.11650871123652246,0.5843195087326918,0.16103340269546498
commons-scxml,oracle,7,0.995,0.25,0.13824802013141319,0.6014865198726854,0.16103340269546498
commons-scxml,oracle,7,0.999,0.0,0.057074661925237406,0.5291820444744324,0.14025613232071515
commons-scxml,oracle,7,0.999,0.05,0.07246145994318201,0.5484547064653083,0.14025613232071515
commons-scxml,oracle,7,0.999,0.1,0.09484134506236201,0.5642794881164372,0.14025613232071515
commons-scxml,oracle,7,0.999,0.25,0.11734062212963754,0.5806498148905351,0.14025613232071515
commons-scxml,oracle,13,0.9,0.0,0.136749360136238,0.5140388323320401,0.15424434229382938
commons-scxml,oracle,13,0.9,0.05,0.15422511583671353,0.5326218995318189,0.15424434229382938
commons-scxml,oracle,13,0.9,0.1,0.1663622516471943,0.5416881677043052,0.15424434229382938
commons-scxml,oracle,13,0.9,0.25,0.1399916400902492,0.526558956539175,0.15424434229382938
commons-scxml,oracle,13,0.95,0.0,0.1388541497826163,0.5432768814851098,0.16335267396712233
commons-scxml,oracle,13,0.95,0.05,0.1577269626782042,0.5631030836767317,0.16335267396712233
commons-scxml,oracle,13,0.95,0.1,0.17667827810989345,0.5765883148012154,0.16335267396712233
commons-scxml,oracle,13,0.95,0.25,0.16484330082373877,0.5700010869228445,0.16335267396712233
commons-scxml,oracle,13,0.99,0.0,0.11726577104239001,0.578602700292189,0.17324259431578323
commons-scxml,oracle,13,0.99,0.05,0.1356890131615384,0.600391354855549,0.17324259431578323
commons-scxml,oracle,13,0.99,0.1,0.16015776643931892,0.6185760446599633,0.17324259431578323
commons-scxml,oracle,13,0.99,0.25,0.17940885842778415,0.6356215912670153,0.17324259431578323
commons-scxml,oracle,13,0.995,0.0,0.10325170427841897,0.5671074946450583,0.17009864525316076
commons-scxml,oracle,13,0.995,0.05,0.12100455094311738,0.5883303038358346,0.17009864525316076
commons-scxml,oracle,13,0.995,0.1,0.14545599897348097,0.606137688566051,0.17009864525316076
commons-scxml,oracle,13,0.995,0.25,0.1683555592172745,0.6245909911871074,0.17009864525316076
commons-scxml,oracle,13,0.999,0.0,0.08457865963774325,0.5497145521774677,0.1593264966079315
commons-scxml,oracle,13,0.999,0.05,0.10140183664647637,0.570059511475852,0.1593264966079315
commons-scxml,oracle,13,0.999,0.1,0.12537639558400115,0.5870747619745009,0.1593264966079315
commons-scxml,oracle,13,0.999,0.25,0.1497876939400081,0.6051704135899842,0.1593264966079315
commons-scxml,oracle,21,0.9,0.0,0.12496711303503126,0.5084733264803747,0.15424434106865084
commons-scxml,oracle,21,0.9,0.05,0.14182754828728125,0.5267657386356758,0.15424434106865084
commons-scxml,oracle,21,0.9,0.1,0.15328155282463007,0.5355093203914357,0.15424434106865084
commons-scxml,oracle,21,0.9,0.25,0.13615972631257703,0.5249822411226784,0.15424434106865084
commons-scxml,oracle,21,0.95,0.0,0.1253987676529014,0.5357652742261971,0.1633498004802679
commons-scxml,oracle,21,0.95,0.05,0.14356888167517734,0.5551991874507192,0.1633498004802679
commons-scxml,oracle,21,0.95,0.1,0.16174005794955693,0.5682488977627491,0.1633498004802679
commons-scxml,oracle,21,0.95,0.25,0.1560480251325357,0.5649087457213082,0.1633498004802679
commons-scxml,oracle,21,0.99,0.0,0.09854154750089958,0.5642265190499733,0.17281078820400608
commons-scxml,oracle,21,0.99,0.05,0.11598692881614033,0.58526438658521,0.17281078820400608
commons-scxml,oracle,21,0.99,0.1,0.139370057038154,0.6026155495665648,0.17281078820400608
commons-scxml,oracle,21,0.99,0.25,0.15966374209551742,0.6198410338208692,0.17281078820400608
commons-scxml,oracle,21,0.995,0.0,0.08215139689802918,0.5504612584638927,0.16520387055490932
commons-scxml,oracle,21,0.995,0.05,0.09880229327400315,0.5708147284343762,0.16520387055490932
commons-scxml,oracle,21,0.995,0.1,0.12203035159606862,0.5876569692138999,0.16520387055490932
commons-scxml,oracle,21,0.995,0.25,0.1448794019357701,0.6054947444702146,0.16520387055490932
commons-scxml,oracle,21,0.999,0.0,0.06132951273347237,0.531637249958963,0.14596550437838754
commons-scxml,oracle,21,0.999,0.05,0.07693851766016428,0.5510381335128607,0.14596550437838754
commons-scxml,oracle,21,0.999,0.1,0.09956509779640246,0.56700526726661,0.14596550437838754
commons-scxml,oracle,21,0.999,0.25,0.1230137565406175,0.5839234222032427,0.14596550437838754
commons-scxml,oracle,42,0.9,0.0,0.10642621833943228,0.4876767167037509,0.1528952655453416
commons-scxml,oracle,42,0.9,0.05,0.12231836702150593,0.5048830389867718,0.1528952655453416
commons-scxml,oracle,42,0.9,0.1,0.13269737585645489,0.5124208393333065,0.1528952655453416
commons-scxml,oracle,42,0.9,0.25,0.10500968667964374,0.4945237402976359,0.1528952655453416
commons-scxml,oracle,42,0.95,0.0,0.10333530890079363,0.5171346558226195,0.1552536487711423
commons-scxml,oracle,42,0.95,0.05,0.12035317265941985,0.5355955967127187,0.1552536487711423
commons-scxml,oracle,42,0.95,0.1,0.13724511598803318,0.5475651091677569,0.1552536487711423
commons-scxml,oracle,42,0.95,0.25,0.12104612153978231,0.5373765874068936,0.1552536487711423
commons-scxml,oracle,42,0.99,0.0,0.08393064101654017,0.5533327819833779,0.13067592047275273
commons-scxml,oracle,42,0.99,0.05,0.10061297692544108,0.5738017309484055,0.13067592047275273
commons-scxml,oracle,42,0.99,0.1,0.12314896902286522,0.5905212782109976,0.13067592047275273
commons-scxml,oracle,42,0.99,0.25,0.13633181653540374,0.6028854529939928,0.13067592047275273
commons-scxml,oracle,42,0.995,0.0,0.07246336980906459,0.54369761633136,0.12313510467536114
commons-scxml,oracle,42,0.995,0.05,0.08860831506046983,0.563697859343278,0.12313510467536114
commons-scxml,oracle,42,0.995,0.1,0.11127466437893242,0.5801479461116595,0.12313510467536114
commons-scxml,oracle,42,0.995,0.25,0.1283980077335479,0.5941543486074373,0.12313510467536114
commons-scxml,oracle,42,0.999,0.0,0.05745694374606806,0.5291216028261888,0.11396781900611669
commons-scxml,oracle,42,0.999,0.05,0.07286370619179298,0.5483911082899804,0.11396781900611669
commons-scxml,oracle,42,0.999,0.1,0.09526575590018216,0.5642123855518567,0.11396781900611669
commons-scxml,oracle,42,0.999,0.25,0.11451625155590582,0.5783534374098732,0.11396781900611669
commons-scxml,oracle,77,0.9,0.0,0.12507588614082527,0.5070886559877482,0.16334510401641084
commons-scxml,oracle,77,0.9,0.05,0.1419420020001477,0.5253087545970125,0.16334510401641084
commons-scxml,oracle,77,0.9,0.1,0.154215001427835,0.5352757876448536,0.16334510401641084
commons-scxml,oracle,77,0.9,0.25,0.1370552523142815,0.5245260976603453,0.16334510401641084
commons-scxml,oracle,77,0.95,0.0,0.12492461171500979,0.5341312576938902,0.1763035401194794
commons-scxml,oracle,77,0.95,0.05,0.1430699632414964,0.5534798354321989,0.1763035401194794
commons-scxml,oracle,77,0.95,0.1,0.16217815307479153,0.5673958721102168,0.1763035401194794
commons-scxml,oracle,77,0.95,0.25,0.15726586901880987,0.5643421926519981,0.1763035401194794
commons-scxml,oracle,77,0.99,0.0,0.09643263075475955,0.562578546189788,0.17881378440192738
commons-scxml,oracle,77,0.99,0.05,0.1137678752186545,0.5835303493783612,0.17881378440192738
commons-scxml,oracle,77,0.99,0.1,0.13783133588855528,0.6013297678611417,0.17881378440192738
commons-scxml,oracle,77,0.99,0.25,0.15949502253441444,0.6194484385906038,0.17881378440192738
commons-scxml,oracle,77,0.995,0.0,0.07944672991957842,0.5486575307325746,0.16822305574157842
commons-scxml,oracle,77,0.995,0.05,0.09595637676282867,0.5689168021561612,0.16822305574157842
commons-scxml,oracle,77,0.995,0.1,0.11978944795937228,0.586146548055506,0.16822305574157842
commons-scxml,oracle,77,0.995,0.25,0.14395594987345872,0.6049016382422352,0.16822305574157842
commons-scxml,oracle,77,0.999,0.0,0.057992036834443275,0.529552329331584,0.14654349914031056
commons-scxml,oracle,77,0.999,0.05,0.0734267441803348,0.5488443292163536,0.14654349914031056
commons-scxml,oracle,77,0.999,0.1,0.09658666070520013,0.5651427656614348,0.14654349914031056
commons-scxml,oracle,77,0.999,0.25,0.12126284575438497,0.5829514786999755,0.14654349914031056
commons-scxml,oracle,101,0.9,0.0,0.12505544093778642,0.507576339273246,0.1542443423061189
commons-scxml,oracle,101,0.9,0.05,0.14192048905923255,0.5258219068355249,0.1542443423061189
commons-scxml,oracle,101,0.9,0.1,0.15337961482279092,0.5345134815329091,0.1542443423061189
commons-scxml,oracle,101,0.9,0.25,0.13627749684958396,0.5237862581798403,0.1542443423061189
commons-scxml,oracle,101,0.95,0.0,0.12521037308187796,0.5346707551005807,0.16335333058546783
commons-scxml,oracle,101,0.95,0.05,0.14337064831611201,0.5540475077518113,0.16335333058546783
commons-scxml,oracle,101,0.95,0.1,0.1615309015278492,0.5670337581620648,0.16335333058546783
commons-scxml,oracle,101,0.95,0.25,0.1557968323711711,0.563449386887153,0.16335333058546783
commons-scxml,oracle,101,0.99,0.0,0.09736984238030476,0.5633420829514709,0.17239362939850345
commons-scxml,oracle,101,0.99,0.05,0.11475403213218759,0.5843337613674434,0.17239362939850345
commons-scxml,oracle,101,0.99,0.1,0.13806922523079976,0.6016336450000641,0.17239362939850345
commons-scxml,oracle,101,0.99,0.25,0.158101468601391,0.6186617856895326,0.17239362939850345
commons-scxml,oracle,101,0.995,0.0,0.08096717012440893,0.5497120432295667,0.16414364361338046
commons-scxml,oracle,101,0.995,0.05,0.09755622100156715,0.5700263859054142,0.16414364361338046
commons-scxml,oracle,101,0.995,0.1,0.12071561819841678,0.5868251874027297,0.16414364361338046
commons-scxml,oracle,101,0.995,0.25,0.14330043290427646,0.6044957908244467,0.16414364361338046
commons-scxml,oracle,101,0.999,0.0,0.060320384815619243,0.5310476628787786,0.14451720498691545
commons-scxml,oracle,101,0.999,0.05,0.07587668867116601,0.5504177556180438,0.14451720498691545
commons-scxml,oracle,101,0.999,0.1,0.09844475986311246,0.5663507052837113,0.14451720498691545
commons-scxml,oracle,101,0.999,0.25,0.12166825265014668,0.5831373060963301,0.14451720498691545
commons-scxml,oracle,123,0.9,0.0,0.13520444728989686,0.510582811103568,0.15424434257534475
commons-scxml,oracle,123,0.9,0.05,0.15259952088814566,0.5289853897672371,0.15424434257534475
commons-scxml,oracle,123,0.9,0.1,0.16545977135660023,0.5391550129162943,0.15424434257534475
commons-scxml,oracle,123,0.9,0.25,0.1394650491327638,0.5246287062375489,0.15424434257534475
commons-scxml,oracle,123,0.95,0.0,0.13372208643064037,0.5373071035276821,0.16335550546219316
commons-scxml,oracle,123,0.95,0.05,0.15232688054382337,0.5568215378182392,0.16335550546219316
commons-scxml,oracle,123,0.95,0.1,0.17194514541214467,0.5709217091175286,0.16335550546219316
commons-scxml,oracle,123,0.95,0.25,0.16005116468122607,0.5642698026860589,0.16335550546219316
commons-scxml,oracle,123,0.99,0.0,0.10491596332535402,0.5668367279466684,0.17257835857013026
commons-scxml,oracle,123,0.99,0.05,0.12269424449989899,0.5880109120006879,0.17257835857013026
commons-scxml,oracle,123,0.99,0.1,0.14724956633427652,0.6060572186279639,0.17257835857013026
commons-scxml,oracle,123,0.99,0.25,0.16482509953391108,0.6213302704709424,0.17257835857013026
commons-scxml,oracle,123,0.995,0.0,0.08922534282425762,0.5539502825866668,0.1651187376852727
commons-scxml,oracle,123,0.995,0.05,0.10624567157935766,0.5744859646486683,0.1651187376852727
commons-scxml,oracle,123,0.995,0.1,0.13064570391885286,0.5920225827669879,0.1651187376852727
commons-scxml,oracle,123,0.995,0.25,0.15146241074438546,0.6083326428387797,0.1651187376852727
commons-scxml,oracle,123,0.999,0.0,0.0697205329025829,0.5361709728060454,0.14797840550286284
commons-scxml,oracle,123,0.999,0.05,0.08576775358278733,0.5558086271856126,0.14797840550286284
commons-scxml,oracle,123,0.999,0.1,0.10960768491146126,0.572490810661653,0.14797840550286284
commons-scxml,oracle,123,0.999,0.25,0.13172296261855326,0.5883146999167388,0.14797840550286284
commons-scxml,oracle,202,0.9,0.0,0.1075244940914751,0.4908815794852205,0.15398308728252638
commons-scxml,oracle,202,0.9,0.05,0.12347399953429375,0.5082552737123415,0.15398308728252638
commons-scxml,oracle,202,0.9,0.1,0.133916686079131,0.5159788910743666,0.15398308728252638
commons-scxml,oracle,202,0.9,0.25,0.10647405434903416,0.4987968906729287,0.15398308728252638
commons-scxml,oracle,202,0.95,0.0,0.1036336303814729,0.5202400184320114,0.15946384603099378
commons-scxml,oracle,202,0.95,0.05,0.12066707379189473,0.5388631349322721,0.15946384603099378
commons-scxml,oracle,202,0.95,0.1,0.137576313713522,0.5510126954116532,0.15946384603099378
commons-scxml,oracle,202,0.95,0.25,0.12144388351402133,0.5415170708860827,0.15946384603099378
commons-scxml,oracle,202,0.99,0.0,0.08466935163549977,0.5544648617217331,0.13148646345777057
commons-scxml,oracle,202,0.99,0.05,0.10139026624210262,0.5749929328394409,0.13148646345777057
commons-scxml,oracle,202,0.99,0.1,0.12396908856717953,0.5917781177572534,0.13148646345777057
commons-scxml,oracle,202,0.99,0.25,0.13731676402734988,0.6043948926451334,0.13148646345777057
commons-scxml,oracle,202,0.995,0.0,0.0735145593559654,0.5445989708537524,0.12391462158508235
commons-scxml,oracle,202,0.995,0.05,0.08971440232065171,0.5646462865389866,0.12391462158508235
commons-scxml,oracle,202,0.995,0.1,0.11244169930447127,0.5811486335814176,0.12391462158508235
commons-scxml,oracle,202,0.995,0.25,0.12979959379608227,0.5953561546372935,0.12391462158508235
commons-scxml,oracle,202,0.999,0.0,0.05852814748915519,0.5298366953499769,0.11521599247704847
commons-scxml,oracle,202,0.999,0.05,0.07399085287697559,0.549143546071297,0.11521599247704847
commons-scxml,oracle,202,0.999,0.1,0.09645501066801768,0.5650062841905112,0.11521599247704847
commons-scxml,oracle,202,0.999,0.25,0.11594452321335533,0.5793068941082574,0.11521599247704847
commons-scxml,oracle,314,0.9,0.0,0.12286042364897325,0.5074557709801341,0.15424434106837592
commons-scxml,oracle,314,0.9,0.05,0.13961083837235755,0.5256950419390976,0.15424434106837592
commons-scxml,oracle,314,0.9,0.1,0.15094269766949628,0.5343796261217807,0.15424434106837592
commons-scxml,oracle,314,0.9,0.25,0.13335080713116634,0.523625500455691,0.15424434106837592
commons-scxml,oracle,314,0.95,0.0,0.12289266812217514,0.5342047512186657,0.16334968869698105
commons-scxml,oracle,314,0.95,0.05,0.14093190267185995,0.5535571671101058,0.16334968869698105
commons-scxml,oracle,314,0.95,0.1,0.15895777602156694,0.5665163987503061,0.16334968869698105
commons-scxml,oracle,314,0.95,0.25,0.15270655909156738,0.562828048377933,0.16334968869698105
commons-scxml,oracle,314,0.99,0.0,0.09593995334253157,0.5625796182327323,0.1717420470274835
commons-scxml,oracle,314,0.99,0.05,0.1132494680382831,0.5835314774080743,0.1717420470274835
commons-scxml,oracle,314,0.99,0.1,0.13648175658478218,0.6007871535572196,0.1717420470274835
commons-scxml,oracle,314,0.99,0.25,0.15619494988436008,0.6176451660645478,0.1717420470274835
commons-scxml,oracle,314,0.995,0.0,0.07967358307155083,0.5490004109313639,0.163007747183463
commons-scxml,oracle,314,0.995,0.05,0.0961950771780569,0.5692775890577887,0.163007747183463
commons-scxml,oracle,314,0.995,0.1,0.11927947257238655,0.5860351303206431,0.163007747183463
commons-scxml,oracle,314,0.995,0.25,0.1415756501671323,0.603546947760176,0.163007747183463
commons-scxml,oracle,314,0.999,0.0,0.059225951111305415,0.5304401911212838,0.14307802389323335
commons-scxml,oracle,314,0.999,0.05,0.07472509885463463,0.5497785590298869,0.14307802389323335
commons-scxml,oracle,314,0.999,0.1,0.09722971509750691,0.5656762876590642,0.14307802389323335
commons-scxml,oracle,314,0.999,0.25,0.12020900771106156,0.5823273437530038,0.14307802389323335
commons-scxml,oracle,999,0.9,0.0,0.1256286816127029,0.5072804501495045,0.1633451029902408
commons-scxml,oracle,999,0.9,0.05,0.14252366686804216,0.5255105650882999,0.1633451029902408
commons-scxml,oracle,999,0.9,0.1,0.1548287172170216,0.5354887183060687,0.1633451029902408
commons-scxml,oracle,999,0.9,0.25,0.1377923129434517,0.5247818232093538,0.1633451029902408
commons-scxml,oracle,999,0.95,0.0,0.12508059622942808,0.5338451138311175,0.17629983612612266
commons-scxml,oracle,999,0.95,0.05,0.14323409394912415,0.5531787478860706,0.17629983612612266
commons-scxml,oracle,999,0.95,0.1,0.16235132771937022,0.5670781940258326,0.17629983612612266
commons-scxml,oracle,999,0.95,0.25,0.15747384837136763,0.5639606675016348,0.17629983612612266
commons-scxml,oracle,999,0.99,0.0,0.09573165585794545,0.5619380755493871,0.1778068197044151
commons-scxml,oracle,999,0.99,0.05,0.11303029234850584,0.5828564305613823,0.1778068197044151
commons-scxml,oracle,999,0.99,0.1,0.1370531106969903,0.6006187147420026,0.1778068197044151
commons-scxml,oracle,999,0.99,0.25,0.15856038933866232,0.6185944777367358,0.1778068197044151
commons-scxml,oracle,999,0.995,0.0,0.07888797283077377,0.5482174325227759,0.16661215627488538
commons-scxml,oracle,999,0.995,0.05,0.0953684389363108,0.5684537200940134,0.16661215627488538
commons-scxml,oracle,999,0.995,0.1,0.11916911355874014,0.5856579492266684,0.16661215627488538
commons-scxml,oracle,999,0.995,0.25,0.14321094042171917,0.6043148406291703,0.16661215627488538
commons-scxml,oracle,999,0.999,0.0,0.05780030071703335,0.5293909216383436,0.14494055024921945
commons-scxml,oracle,999,0.999,0.05,0.0732249947647236,0.548674492107799,0.14494055024921945
commons-scxml,oracle,999,0.999,0.1,0.09637379448505522,0.5649635701815923,0.14494055024921945
commons-scxml,oracle,999,0.999,0.25,0.1210071975978384,0.5827362684423216,0.14494055024921945
commons-scxml,BSZZ,7,0.9,0.0,0.1025644550887659,0.5064901399693716,0.13483067837016632
commons-scxml,BSZZ,7,0.9,0.05,0.11825492561268096,0.5246789814558196,0.13483067837016632
commons-scxml,BSZZ,7,0.9,0.1,0.14100135706419756,0.5431618031858052,0.13483067837016632
commons-scxml,BSZZ,7,0.9,0.25,0.09671285432304066,0.5167165402691155,0.13483067837016632
commons-scxml,BSZZ,7,0.95,0.0,0.09193112747295308,0.522209833134696,0.19571471176529215
commons-scxml,BSZZ,7,0.95,0.05,0.10835341502548315,0.5409358219695264,0.19571471176529215
commons-scxml,BSZZ,7,0.95,0.1,0.13461842047799752,0.5597964362325313,0.19571471176529215
commons-scxml,BSZZ,7,0.95,0.25,0.105525085349464,0.5426160041545984,0.19571471176529215
commons-scxml,BSZZ,7,0.99,0.0,0.05459366360249417,0.5364507758900978,0.19896665491291818
commons-scxml,BSZZ,7,0.99,0.05,0.06974389430795361,0.5560380726993834,0.19896665491291818
commons-scxml,BSZZ,7,0.99,0.1,0.09644556205254842,0.5752391375109265,0.19896665491291818
commons-scxml,BSZZ,7,0.99,0.25,0.10600223806864545,0.5855594801835686,0.19896665491291818
commons-scxml,BSZZ,7,0.995,0.0,0.037707656689771725,0.5236545492597006,0.15362331903370244
commons-scxml,BSZZ,7,0.995,0.05,0.05203750667189087,0.5426080556934081,0.15362331903370244
commons-scxml,BSZZ,7,0.995,0.1,0.0780156074228511,0.5610036066789751,0.15362331903370244
commons-scxml,BSZZ,7,0.995,0.25,0.09248530780859575,0.5738488256046034,0.15362331903370244
commons-scxml,BSZZ,7,0.999,0.0,0.020784504980588724,0.508719214567761,0.10342519211588254
commons-scxml,BSZZ,7,0.999,0.05,0.034276072365060396,0.526923218130242,0.10342519211588254
commons-scxml,BSZZ,7,0.999,0.1,0.05946069534112868,0.5444012810954818,0.10342519211588254
commons-scxml,BSZZ,7,0.999,0.25,0.0772938260836452,0.5585092435441006,0.10342519211588254
commons-scxml,BSZZ,13,0.9,0.0,0.12082892821087704,0.5194983852941609,0.16617620612639475
commons-scxml,BSZZ,13,0.9,0.05,0.13747324936205904,0.5383665742153657,0.16617620612639475
commons-scxml,BSZZ,13,0.9,0.1,0.15408769623906998,0.5539141472966784,0.16617620612639475
commons-scxml,BSZZ,13,0.9,0.25,0.11022054894988005,0.5248456727668698,0.16617620612639475
commons-scxml,BSZZ,13,0.95,0.0,0.11292483189762699,0.5366923489306994,0.2195182151216628
commons-scxml,BSZZ,13,0.95,0.05,0.1304435024665327,0.5561746780488802,0.2195182151216628
commons-scxml,BSZZ,13,0.95,0.1,0.1524823802873416,0.573404177603089,0.2195182151216628
commons-scxml,BSZZ,13,0.95,0.25,0.12088120203378865,0.5527760609451848,0.2195182151216628
commons-scxml,BSZZ,13,0.99,0.0,0.0842980141595735,0.5598550400734441,0.20738735304719086
commons-scxml,BSZZ,13,0.99,0.05,0.10099953589992876,0.5806646098671598,0.20738735304719086
commons-scxml,BSZZ,13,0.99,0.1,0.12679602529584943,0.5999032784222271,0.20738735304719086
commons-scxml,BSZZ,13,0.99,0.25,0.13296757026861472,0.6085154362857894,0.20738735304719086
commons-scxml,BSZZ,13,0.995,0.0,0.07192632406392796,0.5508689264197045,0.16702411134536096
commons-scxml,BSZZ,13,0.995,0.05,0.08804322243889472,0.5712436865929092,0.16702411134536096
commons-scxml,BSZZ,13,0.995,0.1,0.11370487453192975,0.5900250666309942,0.16702411134536096
commons-scxml,BSZZ,13,0.995,0.25,0.12576573625644633,0.6020984052113489,0.16702411134536096
commons-scxml,BSZZ,13,0.999,0.0,0.05941920531917607,0.5391442073862107,0.12862304669641028
commons-scxml,BSZZ,13,0.999,0.05,0.07492844564202655,0.5589371370726725,0.12862304669641028
commons-scxml,BSZZ,13,0.999,0.1,0.10029683795667418,0.5770838766316868,0.12862304669641028
commons-scxml,BSZZ,13,0.999,0.25,0.11679879276927746,0.5912380706200788,0.12862304669641028
commons-scxml,BSZZ,21,0.9,0.0,0.11549890473008072,0.5136105373803846,0.12032647866119478
commons-scxml,BSZZ,21,0.9,0.05,0.13186486875557316,0.5321712371455509,0.12032647866119478
commons-scxml,BSZZ,21,0.9,0.1,0.14817028241549207,0.5473774345107719,0.12032647866119478
commons-scxml,BSZZ,21,0.9,0.25,0.10907886769542145,0.521752250971232,0.12032647866119478
commons-scxml,BSZZ,21,0.95,0.0,0.10583640794630705,0.5312079193716213,0.17890484686017907
commons-scxml,BSZZ,21,0.95,0.05,0.12298489003032755,0.550403827603738,0.17890484686017907
commons-scxml,BSZZ,21,0.95,0.1,0.1446127830842435,0.5673153415211735,0.17890484686017907
commons-scxml,BSZZ,21,0.95,0.25,0.11694092435067273,0.5496227044384622,0.17890484686017907
commons-scxml,BSZZ,21,0.99,0.0,0.07628099244354072,0.5544498066037612,0.1914006628664955
commons-scxml,BSZZ,21,0.99,0.05,0.09256383026449003,0.5749770914773967,0.1914006628664955
commons-scxml,BSZZ,21,0.99,0.1,0.11789549506417225,0.5939023661620078,0.1914006628664955
commons-scxml,BSZZ,21,0.99,0.25,0.12646942581835627,0.6041436253078959,0.1914006628664955
commons-scxml,BSZZ,21,0.995,0.0,0.0632622837074446,0.5449328015677694,0.155749178789812
commons-scxml,BSZZ,21,0.995,0.05,0.07892670802124103,0.5649975513521883,0.155749178789812
commons-scxml,BSZZ,21,0.995,0.1,0.1040860215647319,0.5834347565912947,0.155749178789812
commons-scxml,BSZZ,21,0.995,0.25,0.11800835797025605,0.5967496042344463,0.155749178789812
commons-scxml,BSZZ,21,0.999,0.0,0.049621331435305775,0.5323668026797324,0.11918377491883238
commons-scxml,BSZZ,21,0.999,0.05,0.0646188839537762,0.551805786665856,0.11918377491883238
commons-scxml,BSZZ,21,0.999,0.1,0.08941919837947941,0.5695595742636783,0.11918377491883238
commons-scxml,BSZZ,21,0.999,0.25,0.10718942979853936,0.5845411590213094,0.11918377491883238
commons-scxml,BSZZ,42,0.9,0.0,0.10613074161238222,0.511705617311276,0.13487053564211293
commons-scxml,BSZZ,42,0.9,0.05,0.12200745920813025,0.5301668338233164,0.13487053564211293
commons-scxml,BSZZ,42,0.9,0.1,0.14496066291898796,0.5489520474184498,0.13487053564211293
commons-scxml,BSZZ,42,0.9,0.25,0.11251016242678684,0.5277685952936396,0.13487053564211293
commons-scxml,BSZZ,42,0.95,0.0,0.09674158371550456,0.5289776312610265,0.1966314773113062
commons-scxml,BSZZ,42,0.95,0.05,0.11341509432132071,0.5480570640985859,0.1966314773113062
commons-scxml,BSZZ,42,0.95,0.1,0.13995900863299346,0.5673100733360492,0.1966314773113062
commons-scxml,BSZZ,42,0.95,0.25,0.12063310268569888,0.5555311421123434,0.1966314773113062
commons-scxml,BSZZ,42,0.99,0.0,0.0609505817631314,0.5440488445678637,0.2028105770441232
commons-scxml,BSZZ,42,0.99,0.05,0.07643279852340168,0.5640329457374971,0.2028105770441232
commons-scxml,BSZZ,42,0.99,0.1,0.1035030385410926,0.5836745443695075,0.2028105770441232
commons-scxml,BSZZ,42,0.99,0.25,0.1194643479759451,0.5988108412697333,0.2028105770441232
commons-scxml,BSZZ,42,0.995,0.0,0.04425038211992493,0.530994657713749,0.15982199237487074
commons-scxml,BSZZ,42,0.995,0.05,0.05892192182470197,0.550331496697281,0.15982199237487074
commons-scxml,BSZZ,42,0.995,0.1,0.08527936790040894,0.569152625044286,0.15982199237487074
commons-scxml,BSZZ,42,0.995,0.25,0.10569911526977822,0.5865468284237154,0.15982199237487074
commons-scxml,BSZZ,42,0.999,0.0,0.026687069735227557,0.5151857947895595,0.11265406205788259
commons-scxml,BSZZ,42,0.999,0.05,0.04048689485350046,0.533727511439059,0.11265406205788259
commons-scxml,BSZZ,42,0.999,0.1,0.06601374682382975,0.5515805048519274,0.11265406205788259
commons-scxml,BSZZ,42,0.999,0.25,0.08928408270774,0.5698537821514769,0.11265406205788259
commons-scxml,BSZZ,77,0.9,0.0,0.10515620608454197,0.5100127731226722,0.12788573609477438
commons-scxml,BSZZ,77,0.9,0.05,0.12098202917496757,0.52838558191113,0.12788573609477438
commons-scxml,BSZZ,77,0.9,0.1,0.1366877761641184,0.5433831819471073,0.12788573609477438
commons-scxml,BSZZ,77,0.9,0.25,0.09670636186699323,0.516721950676061,0.12788573609477438
commons-scxml,BSZZ,77,0.95,0.0,0.09800591226543336,0.5266403612922337,0.18420175955576437
commons-scxml,BSZZ,77,0.95,0.05,0.11474545163497886,0.5455977316749432,0.18420175955576437
commons-scxml,BSZZ,77,0.95,0.1,0.13591933481813073,0.5622444198983433,0.18420175955576437
commons-scxml,BSZZ,77,0.95,0.25,0.10737149770306456,0.543626362560601,0.18420175955576437
commons-scxml,BSZZ,77,0.99,0.0,0.06522582571429936,0.5443907737957024,0.19447596418192406
commons-scxml,BSZZ,77,0.99,0.05,0.08093131440238692,0.5643927320043137,0.19447596418192406
commons-scxml,BSZZ,77,0.99,0.1,0.10562200383823897,0.5827347868812242,0.19447596418192406
commons-scxml,BSZZ,77,0.99,0.25,0.11207261777044437,0.5909528739629402,0.19447596418192406
commons-scxml,BSZZ,77,0.995,0.0,0.05074802065287571,0.533905208350029,0.1535289572855212
commons-scxml,BSZZ,77,0.995,0.05,0.0657588954454471,0.553394049010891,0.1535289572855212
commons-scxml,BSZZ,77,0.995,0.1,0.09019263564292479,0.5711918775903748,0.1535289572855212
commons-scxml,BSZZ,77,0.995,0.25,0.10162652327444516,0.5822555679510218,0.1535289572855212
commons-scxml,BSZZ,77,0.999,0.0,0.03655536235634012,0.5213434831470818,0.10995023691549738
commons-scxml,BSZZ,77,0.999,0.05,0.05087055285327849,0.5402067812001656,0.10995023691549738
commons-scxml,BSZZ,77,0.999,0.1,0.07491330617752572,0.5573214399253886,0.10995023691549738
commons-scxml,BSZZ,77,0.999,0.25,0.0900410684244768,0.570038685279558,0.10995023691549738
commons-scxml,BSZZ,101,0.9,0.0,0.11516211977506537,0.5138814135525571,0.12035856852146662
commons-scxml,BSZZ,101,0.9,0.05,0.13151049541799417,0.532456259655535,0.12035856852146662
commons-scxml,BSZZ,101,0.9,0.1,0.14779638238380155,0.5476781623427347,0.12035856852146662
commons-scxml,BSZZ,101,0.9,0.25,0.10327804628359005,0.5193260764568336,0.12035856852146662
commons-scxml,BSZZ,101,0.95,0.0,0.10456962772172759,0.5303074925346355,0.1797497503829281
commons-scxml,BSZZ,101,0.95,0.05,0.12165195300485131,0.549456376541223,0.1797497503829281
commons-scxml,BSZZ,101,0.95,0.1,0.1432063985083839,0.5663156839715405,0.1797497503829281
commons-scxml,BSZZ,101,0.95,0.25,0.11079401245455622,0.5460219343077364,0.1797497503829281
commons-scxml,BSZZ,101,0.99,0.0,0.07139219742980503,0.549855258360771,0.19623360287489544
commons-scxml,BSZZ,101,0.99,0.05,0.08741972100438902,0.570142595840672,0.19623360287489544
commons-scxml,BSZZ,101,0.99,0.1,0.11246793488565751,0.5888014799493817,0.19623360287489544
commons-scxml,BSZZ,101,0.99,0.25,0.11737111554189784,0.596236804121017,0.19623360287489544
commons-scxml,BSZZ,101,0.995,0.0,0.057331682553123466,0.5392490016196464,0.15719294232446637
commons-scxml,BSZZ,101,0.995,0.05,0.07268638494976967,0.559016918524763,0.15719294232446637
commons-scxml,BSZZ,101,0.995,0.1,0.09750184395666922,0.5771245786897052,0.15719294232446637
commons-scxml,BSZZ,101,0.995,0.25,0.10777620556478723,0.5875108229768312,0.15719294232446637
commons-scxml,BSZZ,101,0.999,0.0,0.04334610556074934,0.5264136761942246,0.11542513105504357
commons-scxml,BSZZ,101,0.999,0.05,0.058015938352695536,0.5455417618919367,0.11542513105504357
commons-scxml,BSZZ,101,0.999,0.1,0.08245241700038003,0.562950388940992,0.11542513105504357
commons-scxml,BSZZ,101,0.999,0.25,0.09668345018978548,0.5750480093620605,0.11542513105504357
commons-scxml,BSZZ,123,0.9,0.0,0.09656217955674162,0.5046919345699291,0.2578218062542359
commons-scxml,BSZZ,123,0.9,0.05,0.11193918501418736,0.5227868659097911,0.2578218062542359
commons-scxml,BSZZ,123,0.9,0.1,0.13433760626946045,0.5411654282117301,0.2578218062542359
commons-scxml,BSZZ,123,0.9,0.25,0.09992151878493326,0.518817695918836,0.2578218062542359
commons-scxml,BSZZ,123,0.95,0.0,0.08638534409905509,0.5204562030181296,0.26764214565745026
commons-scxml,BSZZ,123,0.95,0.05,0.1025180066011108,0.5390906096225011,0.26764214565745026
commons-scxml,BSZZ,123,0.95,0.1,0.12846146914044543,0.5578495489194454,0.26764214565745026
commons-scxml,BSZZ,123,0.95,0.25,0.10693566208664883,0.544324859397908,0.26764214565745026
commons-scxml,BSZZ,123,0.99,0.0,0.04999001984510416,0.5345879079854587,0.21381737587684485
commons-scxml,BSZZ,123,0.99,0.05,0.06489982814930725,0.5540779176894731,0.21381737587684485
commons-scxml,BSZZ,123,0.99,0.1,0.09133457796271134,0.5731709739596538,0.21381737587684485
commons-scxml,BSZZ,123,0.99,0.25,0.10486816025719413,0.5862060366495434,0.21381737587684485
commons-scxml,BSZZ,123,0.995,0.0,0.03220188037483385,0.5207201672592577,0.16245384974888635
commons-scxml,BSZZ,123,0.995,0.05,0.04624419464998332,0.5395204274376229,0.16245384974888635
commons-scxml,BSZZ,123,0.995,0.1,0.07190307208545067,0.5577458438050141,0.16245384974888635
commons-scxml,BSZZ,123,0.995,0.25,0.08963886311154699,0.5728486665463693,0.16245384974888635
commons-scxml,BSZZ,123,0.999,0.0,0.013753808863165599,0.5043629137606812,0.10723558755771799
commons-scxml,BSZZ,123,0.999,0.05,0.026878202562588077,0.5223394122519995,0.10723558755771799
commons-scxml,BSZZ,123,0.999,0.1,0.05165518781484668,0.5395648981586424,0.10723558755771799
commons-scxml,BSZZ,123,0.999,0.25,0.07203615438485016,0.5554195096767628,0.10723558755771799
commons-scxml,BSZZ,202,0.9,0.0,0.12179945733496556,0.5197726284797559,0.12035856902468357
commons-scxml,BSZZ,202,0.9,0.05,0.13849446375955257,0.538655139578932,0.12035856902468357
commons-scxml,BSZZ,202,0.9,0.1,0.15516518163397644,0.554218613200686,0.12035856902468357
commons-scxml,BSZZ,202,0.9,0.25,0.1181085190304956,0.530009432494062,0.12035856902468357
commons-scxml,BSZZ,202,0.95,0.0,0.1102908728430655,0.5369907577745494,0.1797523446865094
commons-scxml,BSZZ,202,0.95,0.05,0.12767198655612372,0.5564886711070124,0.1797523446865094
commons-scxml,BSZZ,202,0.95,0.1,0.14955814819411414,0.5737354723195265,0.1797523446865094
commons-scxml,BSZZ,202,0.95,0.25,0.12350148800259261,0.5575044767299081,0.1797523446865094
commons-scxml,BSZZ,202,0.99,0.0,0.0793254150037499,0.5578840210788865,0.1973952573652642
commons-scxml,BSZZ,202,0.99,0.05,0.09576724587910083,0.5785906556446465,0.1973952573652642
commons-scxml,BSZZ,202,0.99,0.1,0.121275425416731,0.5977150450894937,0.1973952573652642
commons-scxml,BSZZ,202,0.99,0.25,0.13073998970812375,0.608848811655346,0.1973952573652642
commons-scxml,BSZZ,202,0.995,0.0,0.06583602035201425,0.5474256826448922,0.16165899204345344
commons-scxml,BSZZ,202,0.995,0.05,0.08163485644415377,0.5676206215764723,0.16165899204345344
commons-scxml,BSZZ,202,0.995,0.1,0.10694339449258064,0.5862023633381412,0.16165899204345344
commons-scxml,BSZZ,202,0.995,0.25,0.12160934027864514,0.6001832096086046,0.16165899204345344
commons-scxml,BSZZ,202,0.999,0.0,0.05168036994586069,0.5340583221750062,0.12422837650628749
commons-scxml,BSZZ,202,0.999,0.05,0.06678545445617828,0.5535856447034362,0.12422837650628749
commons-scxml,BSZZ,202,0.999,0.1,0.09170515133813631,0.5714375061114926,0.12422837650628749
commons-scxml,BSZZ,202,0.999,0.25,0.11007532320036521,0.5868924887343182,0.12422837650628749
commons-scxml,BSZZ,314,0.9,0.0,0.096247802857716,0.504419367537538,0.13483175612886714
commons-scxml,BSZZ,314,0.9,0.05,0.11160839018968069,0.5225000642354762,0.13483175612886714
commons-scxml,BSZZ,314,0.9,0.1,0.13398858397503197,0.5408628231798509,0.13483175612886714
commons-scxml,BSZZ,314,0.9,0.25,0.0947385385586267,0.5165089109738689,0.13483175612886714
commons-scxml,BSZZ,314,0.95,0.0,0.08591807312926422,0.5206859721958553,0.19591393312286726
commons-scxml,BSZZ,314,0.95,0.05,0.1020263326986616,0.5393323783510945,0.19591393312286726
commons-scxml,BSZZ,314,0.95,0.1,0.12794270300255517,0.55810463959839,0.19591393312286726
commons-scxml,BSZZ,314,0.95,0.25,0.10279326511467775,0.5432033611543976,0.19591393312286726
commons-scxml,BSZZ,314,0.99,0.0,0.046846015682856894,0.5324303285760796,0.20227430729240622
commons-scxml,BSZZ,314,0.99,0.05,0.06159163034609157,0.5518076600517513,0.20227430729240622
commons-scxml,BSZZ,314,0.99,0.1,0.08784409170911438,0.5707756204929143,0.20227430729240622
commons-scxml,BSZZ,314,0.99,0.25,0.09954267982337597,0.5826744523464266,0.20227430729240622
commons-scxml,BSZZ,314,0.995,0.0,0.02895001615189026,0.5182308370451487,0.15512266910589464
commons-scxml,BSZZ,314,0.995,0.05,0.04282250386220514,0.5369010935179415,0.15512266910589464
commons-scxml,BSZZ,314,0.995,0.1,0.06829283915222352,0.5549821792407789,0.15512266910589464
commons-scxml,BSZZ,314,0.995,0.25,0.08441752940605325,0.5689835058055739,0.15512266910589464
commons-scxml,BSZZ,314,0.999,0.0,0.010805406171600366,0.5021318511558212,0.10116762730047273
commons-scxml,BSZZ,314,0.999,0.05,0.02377582139390048,0.5199918338051062,0.10116762730047273
commons-scxml,BSZZ,314,0.999,0.1,0.048381859112374255,0.5370879633483485,0.10116762730047273
commons-scxml,BSZZ,314,0.999,0.25,0.06738619251067486,0.5519817012278823,0.10116762730047273
commons-scxml,BSZZ,999,0.9,0.0,0.11091604214945719,0.5123289929917889,0.272401364282798
commons-scxml,BSZZ,999,0.9,0.05,0.12704266905758632,0.5308227649068737,0.272401364282798
commons-scxml,BSZZ,999,0.9,0.1,0.14308236967292226,0.5459546586997595,0.272401364282798
commons-scxml,BSZZ,999,0.9,0.25,0.10296838425459011,0.5200435251197709,0.272401364282798
commons-scxml,BSZZ,999,0.95,0.0,0.10021511084868084,0.5282715086437354,0.28330827511379053
commons-scxml,BSZZ,999,0.95,0.05,0.11707002422547523,0.5473140646714945,0.28330827511379053
commons-scxml,BSZZ,999,0.95,0.1,0.13837199610238912,0.5640553263457248,0.28330827511379053
commons-scxml,BSZZ,999,0.95,0.25,0.1094458615538378,0.5457074901346144,0.28330827511379053
commons-scxml,BSZZ,999,0.99,0.0,0.06672275015266937,0.547046038353171,0.2186257153468008
commons-scxml,BSZZ,999,0.99,0.05,0.08250641477854415,0.5671866660841258,0.2186257153468008
commons-scxml,BSZZ,999,0.99,0.1,0.10728389545961302,0.5856826724307401,0.2186257153468008
commons-scxml,BSZZ,999,0.99,0.25,0.11372510276386111,0.5942719343071089,0.2186257153468008
commons-scxml,BSZZ,999,0.995,0.0,0.05212192135854028,0.5358711362724182,0.16879710789158425
commons-scxml,BSZZ,999,0.995,0.05,0.06720454725179435,0.5554626462831921,0.16879710789158425
commons-scxml,BSZZ,999,0.995,0.1,0.09171794581411159,0.5733744587940068,0.16879710789158425
commons-scxml,BSZZ,999,0.995,0.25,0.10315454150505032,0.5846673838406448,0.16879710789158425
commons-scxml,BSZZ,999,0.999,0.0,0.037341762420186095,0.5223496482272171,0.11953234719970322
commons-scxml,BSZZ,999,0.999,0.05,0.05169802216610674,0.5412654926191088,0.11953234719970322
commons-scxml,BSZZ,999,0.999,0.1,0.07578637073820368,0.5584384885041511,0.11953234719970322
commons-scxml,BSZZ,999,0.999,0.25,0.09081667111171314,0.5711849530846225,0.11953234719970322
commons-scxml,AGSZZ,7,0.9,0.0,0.1141847573822659,0.4854004227564631,-0.20562204264170914
commons-scxml,AGSZZ,7,0.9,0.05,0.12014798455696836,0.5107501546992571,-0.20562204264170914
commons-scxml,AGSZZ,7,0.9,0.1,0.12728257325801848,0.5323126951404569,-0.20562204264170914
commons-scxml,AGSZZ,7,0.9,0.25,0.07104471140579498,0.5155100497780843,-0.20562204264170914
commons-scxml,AGSZZ,7,0.95,0.0,0.12358920336684258,0.5215579717694848,-0.24125690713221842
commons-scxml,AGSZZ,7,0.95,0.05,0.13004357182120377,0.5487960089798833,-0.24125690713221842
commons-scxml,AGSZZ,7,0.95,0.1,0.1388427900809288,0.5731310807085369,-0.24125690713221842
commons-scxml,AGSZZ,7,0.95,0.25,0.09484477579712586,0.5650045921576065,-0.24125690713221842
commons-scxml,AGSZZ,7,0.99,0.0,0.14938131947693192,0.547490040003588,-0.13615021456440554
commons-scxml,AGSZZ,7,0.99,0.05,0.15718266498152994,0.5760823631759224,-0.13615021456440554
commons-scxml,AGSZZ,7,0.99,0.1,0.16857822557346683,0.603461295803319,-0.13615021456440554
commons-scxml,AGSZZ,7,0.99,0.25,0.15156440601520715,0.6129931179851613,-0.13615021456440554
commons-scxml,AGSZZ,7,0.995,0.0,0.15454565681372126,0.541678627547508,-0.043851119905972215
commons-scxml,AGSZZ,7,0.995,0.05,0.16261670658929278,0.5699674533575324,-0.043851119905972215
commons-scxml,AGSZZ,7,0.995,0.1,0.17443652660258765,0.5972713984994802,-0.043851119905972215
commons-scxml,AGSZZ,7,0.995,0.25,0.16303519393320964,0.6092113061185034,-0.043851119905972215
commons-scxml,AGSZZ,7,0.999,0.0,0.15977852791640182,0.5325293496214332,0.0419293443621301
commons-scxml,AGSZZ,7,0.999,0.05,0.1681228610957884,0.560340360143249,0.0419293443621301
commons-scxml,AGSZZ,7,0.999,0.1,0.18033778977328369,0.5873272379397273,0.0419293443621301
commons-scxml,AGSZZ,7,0.999,0.25,0.1740297506538191,0.6007266651987245,0.0419293443621301
commons-scxml,AGSZZ,13,0.9,0.0,0.1160871573549273,0.506279120926453,-0.20562188593056502
commons-scxml,AGSZZ,13,0.9,0.05,0.12214973617230264,0.5327192297562677,-0.20562188593056502
commons-scxml,AGSZZ,13,0.9,0.1,0.12810372757868246,0.5552104588845065,-0.20562188593056502
commons-scxml,AGSZZ,13,0.9,0.25,0.08406105850391059,0.5523124676045661,-0.20562188593056502
commons-scxml,AGSZZ,13,0.95,0.0,0.13383320556703032,0.5420360545359548,-0.24097035041021467
commons-scxml,AGSZZ,13,0.95,0.05,0.1408225605966431,0.5703435467457629,-0.24097035041021467
commons-scxml,AGSZZ,13,0.95,0.1,0.14894052674521105,0.595622674029217,-0.24097035041021467
commons-scxml,AGSZZ,13,0.95,0.25,0.11479760530404148,0.5993350575142503,-0.24097035041021467
commons-scxml,AGSZZ,13,0.99,0.0,0.16308085261870295,0.5547505233504604,-0.11246667024373365
commons-scxml,AGSZZ,13,0.99,0.05,0.17159764762973773,0.5837220207014515,-0.11246667024373365
commons-scxml,AGSZZ,13,0.99,0.1,0.1826815074613352,0.6113953392664968,-0.11246667024373365
commons-scxml,AGSZZ,13,0.99,0.25,0.16987244416745972,0.6270695886558033,-0.11246667024373365
commons-scxml,AGSZZ,13,0.995,0.0,0.16584573220197546,0.5419484643881437,-0.019177057362406498
commons-scxml,AGSZZ,13,0.995,0.05,0.17450692131116954,0.5702513822575439,-0.019177057362406498
commons-scxml,AGSZZ,13,0.995,0.1,0.18590512033799764,0.5974594892815621,-0.019177057362406498
commons-scxml,AGSZZ,13,0.995,0.25,0.1771611136648803,0.6134905329879518,-0.019177057362406498
commons-scxml,AGSZZ,13,0.999,0.0,0.16825619446086643,0.5264139163016026,0.06231727890279032
commons-scxml,AGSZZ,13,0.999,0.05,0.1770432684462502,0.5539055521626148,0.06231727890279032
commons-scxml,AGSZZ,13,0.999,0.1,0.18869711847031667,0.5804378556001977,0.06231727890279032
commons-scxml,AGSZZ,13,0.999,0.25,0.18360738864983817,0.5960927751404793,0.06231727890279032
commons-scxml,AGSZZ,21,0.9,0.0,0.11341557398060903,0.5001560198944306,-0.2056219170529236
commons-scxml,AGSZZ,21,0.9,0.05,0.1193386310356892,0.5262763536219927,-0.2056219170529236
commons-scxml,AGSZZ,21,0.9,0.1,0.1258091361416058,0.5485593582135838,-0.2056219170529236
commons-scxml,AGSZZ,21,0.9,0.25,0.08058583114005372,0.5463638821727175,-0.2056219170529236
commons-scxml,AGSZZ,21,0.95,0.0,0.12838653546740128,0.5354751668795831,-0.24102569406228022
commons-scxml,AGSZZ,21,0.95,0.05,0.13509144157498318,0.5634400208558863,-0.24102569406228022
commons-scxml,AGSZZ,21,0.95,0.1,0.14354870802538003,0.5884622551697295,-0.24102569406228022
commons-scxml,AGSZZ,21,0.95,0.25,0.11060517347484983,0.5938940688377479,-0.24102569406228022
commons-scxml,AGSZZ,21,0.99,0.0,0.1550894755083601,0.5492334352817702,-0.11729149197185111
commons-scxml,AGSZZ,21,0.99,0.05,0.1631889258734002,0.5779168061765627,-0.11729149197185111
commons-scxml,AGSZZ,21,0.99,0.1,0.17437054305306637,0.6053333977321534,-0.11729149197185111
commons-scxml,AGSZZ,21,0.99,0.25,0.16563487849784383,0.6243588549760215,-0.11729149197185111
commons-scxml,AGSZZ,21,0.995,0.0,0.15701463816377623,0.5366733989684062,-0.024716915628053764
commons-scxml,AGSZZ,21,0.995,0.05,0.16521462893828678,0.5647008298623074,-0.024716915628053764
commons-scxml,AGSZZ,21,0.995,0.1,0.17664600023791,0.591658597192299,-0.024716915628053764
commons-scxml,AGSZZ,21,0.995,0.25,0.17210909763824492,0.6112256470423318,-0.024716915628053764
commons-scxml,AGSZZ,21,0.999,0.0,0.15822137414259874,0.5209018799844614,0.05593854169124059
commons-scxml,AGSZZ,21,0.999,0.05,0.16648438594501686,0.5481056532138239,0.05593854169124059
commons-scxml,AGSZZ,21,0.999,0.1,0.17808849381348543,0.5743680792817212,0.05593854169124059
commons-scxml,AGSZZ,21,0.999,0.25,0.17713874640846244,0.5935765844271842,0.05593854169124059
commons-scxml,AGSZZ,42,0.9,0.0,0.11337091112190133,0.5049852379258004,-0.2056266706327767
commons-scxml,AGSZZ,42,0.9,0.05,0.11929163568726173,0.5313577745292755,-0.2056266706327767
commons-scxml,AGSZZ,42,0.9,0.1,0.12575955125357113,0.5539207757831047,-0.2056266706327767
commons-scxml,AGSZZ,42,0.9,0.25,0.07809010188990875,0.551444851405742,-0.2056266706327767
commons-scxml,AGSZZ,42,0.95,0.0,0.12959298002928102,0.5402853598034296,-0.24127103209720635
commons-scxml,AGSZZ,42,0.95,0.05,0.13636089194570378,0.568501423081365,-0.24127103209720635
commons-scxml,AGSZZ,42,0.95,0.1,0.14488810770224236,0.5938025509872245,-0.24127103209720635
commons-scxml,AGSZZ,42,0.95,0.25,0.10894917213836341,0.5975589712653709,-0.24127103209720635
commons-scxml,AGSZZ,42,0.99,0.0,0.15721102800846778,0.5526107602394145,-0.11572643990350778
commons-scxml,AGSZZ,42,0.99,0.05,0.16542127511916146,0.5814705098070434,-0.11572643990350778
commons-scxml,AGSZZ,42,0.99,0.1,0.17672589929808386,0.6090829176851299,-0.11572643990350778
commons-scxml,AGSZZ,42,0.99,0.25,0.1638563656157421,0.624558497982842,-0.11572643990350778
commons-scxml,AGSZZ,42,0.995,0.0,0.15934019881901007,0.5398303581304036,-0.02247677049649512
commons-scxml,AGSZZ,42,0.995,0.05,0.16766164053683072,0.5680226592319912,-0.02247677049649512
commons-scxml,AGSZZ,42,0.995,0.1,0.17922784716943493,0.5951634661394962,-0.02247677049649512
commons-scxml,AGSZZ,42,0.995,0.25,0.17051126641936706,0.6110038712930239,-0.02247677049649512
commons-scxml,AGSZZ,42,0.999,0.0,0.1608470655903993,0.5242611556728795,0.05854336377418371
commons-scxml,AGSZZ,42,0.999,0.05,0.1692472024780991,0.5516403649633393,0.05854336377418371
commons-scxml,AGSZZ,42,0.999,0.1,0.1810035471759416,0.5780975608623323,0.05854336377418371
commons-scxml,AGSZZ,42,0.999,0.25,0.175917716632615,0.5935591102077112,0.05854336377418371
commons-scxml,AGSZZ,77,0.9,0.0,0.11090379218707055,0.4675647619890205,-0.1650936760688284
commons-scxml,AGSZZ,77,0.9,0.05,0.11669567301695623,0.4919830377602073,-0.1650936760688284
commons-scxml,AGSZZ,77,0.9,0.1,0.12234913441273534,0.5122296195743774,-0.1650936760688284
commons-scxml,AGSZZ,77,0.9,0.25,0.0809693316685011,0.5022911888421607,-0.1650936760688284
commons-scxml,AGSZZ,77,0.95,0.0,0.12184287855180613,0.5053868251430532,-0.2098049426061619
commons-scxml,AGSZZ,77,0.95,0.05,0.12820604629048848,0.531780334386501,-0.2098049426061619
commons-scxml,AGSZZ,77,0.95,0.1,0.13562881675279895,0.5549345499685262,-0.2098049426061619
commons-scxml,AGSZZ,77,0.95,0.25,0.10201392935416771,0.5514419727567508,-0.2098049426061619
commons-scxml,AGSZZ,77,0.99,0.0,0.1442888145840485,0.5358345825572705,-0.1401093105605128
commons-scxml,AGSZZ,77,0.99,0.05,0.15182420722190015,0.5638182067914027,-0.1401093105605128
commons-scxml,AGSZZ,77,0.99,0.1,0.16181851013306575,0.5903947845899759,-0.1401093105605128
commons-scxml,AGSZZ,77,0.99,0.25,0.14634056693635275,0.6021551136097848,-0.1401093105605128
commons-scxml,AGSZZ,77,0.995,0.0,0.1489873252705286,0.5294983438320993,-0.050180993519577104
commons-scxml,AGSZZ,77,0.995,0.05,0.15676809467537248,0.5571510619819381,-0.050180993519577104
commons-scxml,AGSZZ,77,0.995,0.1,0.1671888481528811,0.5836373146234229,-0.050180993519577104
commons-scxml,AGSZZ,77,0.995,0.25,0.1559381132640626,0.5971270193084678,-0.050180993519577104
commons-scxml,AGSZZ,77,0.999,0.0,0.15393426242691194,0.518949744526551,0.037116989310739715
commons-scxml,AGSZZ,77,0.999,0.05,0.16197338251497112,0.5460515687087888,0.037116989310739715
commons-scxml,AGSZZ,77,0.999,0.1,0.17279685106935488,0.5721511016295281,0.037116989310739715
commons-scxml,AGSZZ,77,0.999,0.25,0.16556128314108484,0.5863278478917994,0.037116989310739715
commons-scxml,AGSZZ,101,0.9,0.0,0.10105667326014005,0.4283900663012507,-0.16494860084455829
commons-scxml,AGSZZ,101,0.9,0.05,0.1063342944942286,0.4507624682164032,-0.16494860084455829
commons-scxml,AGSZZ,101,0.9,0.1,0.11141682278773497,0.4687377125250984,-0.16494860084455829
commons-scxml,AGSZZ,101,0.9,0.25,0.05471091008474863,0.4467612591798921,-0.16494860084455829
commons-scxml,AGSZZ,101,0.95,0.0,0.11878868957915752,0.4924422614913239,-0.20807191204173098
commons-scxml,AGSZZ,101,0.95,0.05,0.12499235421868798,0.5181597490353582,-0.20807191204173098
commons-scxml,AGSZZ,101,0.95,0.1,0.13223804368928696,0.5405634425674226,-0.20807191204173098
commons-scxml,AGSZZ,101,0.95,0.25,0.08783150021635194,0.5313409408343588,-0.20807191204173098
commons-scxml,AGSZZ,101,0.99,0.0,0.1558510305189847,0.5409902261786774,-0.12860535180277635
commons-scxml,AGSZZ,101,0.99,0.05,0.16399025261572084,0.5692431006599624,-0.12860535180277635
commons-scxml,AGSZZ,101,0.99,0.1,0.17465492945675004,0.5961186011819052,-0.12860535180277635
commons-scxml,AGSZZ,101,0.99,0.25,0.15551824525678282,0.6072211606384463,-0.12860535180277635
commons-scxml,AGSZZ,101,0.995,0.0,0.16560851997462034,0.5392231798975377,-0.037910681177914095
commons-scxml,AGSZZ,101,0.995,0.05,0.1742573208243587,0.5673837714976026,-0.037910681177914095
commons-scxml,AGSZZ,101,0.995,0.1,0.18564176635497479,0.5944338673164811,-0.037910681177914095
commons-scxml,AGSZZ,101,0.995,0.25,0.1724400971229537,0.6084939767111892,-0.037910681177914095
commons-scxml,AGSZZ,101,0.999,0.0,0.17474259890952226,0.5321664480667742,0.055362478990756914
commons-scxml,AGSZZ,101,0.999,0.05,0.18386842128971007,0.5599585062830273,0.055362478990756914
commons-scxml,AGSZZ,101,0.999,0.1,0.19589835116433454,0.5868243398456126,0.055362478990756914
commons-scxml,AGSZZ,101,0.999,0.25,0.18811859989414315,0.6025256929536207,0.055362478990756914
commons-scxml,AGSZZ,123,0.9,0.0,0.10604618507679589,0.5021763653558935,-0.20562315987776342
commons-scxml,AGSZZ,123,0.9,0.05,0.11158438042896897,0.5284022103551375,-0.20562315987776342
commons-scxml,AGSZZ,123,0.9,0.1,0.11894652876295876,0.5511276021801789,-0.20562315987776342
commons-scxml,AGSZZ,123,0.9,0.25,0.0801251432958334,0.5496561660197006,-0.20562315987776342
commons-scxml,AGSZZ,123,0.95,0.0,0.121415633861863,0.5378892133617588,-0.24117755750496855
commons-scxml,AGSZZ,123,0.95,0.05,0.1277564890151905,0.5659801393980595,-0.24117755750496855
commons-scxml,AGSZZ,123,0.95,0.1,0.13699365215143944,0.591404951602603,-0.24117755750496855
commons-scxml,AGSZZ,123,0.95,0.25,0.11053336603425196,0.5966476949067074,-0.24117755750496855
commons-scxml,AGSZZ,123,0.99,0.0,0.14503638598986016,0.5497874553595778,-0.11658840863720753
commons-scxml,AGSZZ,123,0.99,0.05,0.152610820074437,0.5784997596046622,-0.11658840863720753
commons-scxml,AGSZZ,123,0.99,0.1,0.1641766455421865,0.6060782411200673,-0.11658840863720753
commons-scxml,AGSZZ,123,0.99,0.25,0.16025893751813522,0.6231423619775833,-0.11658840863720753
commons-scxml,AGSZZ,123,0.995,0.0,0.14511619533183392,0.536361984797953,-0.023739362868900105
commons-scxml,AGSZZ,123,0.995,0.05,0.1526947974091251,0.5643731522825658,-0.023739362868900105
commons-scxml,AGSZZ,123,0.995,0.1,0.16437213456117303,0.5914264578962808,-0.023739362868900105
commons-scxml,AGSZZ,123,0.995,0.25,0.16401329957251384,0.6086497741645048,-0.023739362868900105
commons-scxml,AGSZZ,123,0.999,0.0,0.1437693418075672,0.5199336543456841,0.05548630739658842
commons-scxml,AGSZZ,123,0.999,0.05,0.15127760530622159,0.547086862599714,0.05548630739658842
commons-scxml,AGSZZ,123,0.999,0.1,0.16295434518389693,0.5733945541691019,0.05548630739658842
commons-scxml,AGSZZ,123,0.999,0.25,0.16541369070694897,0.5899722337859291,0.05548630739658842
commons-scxml,AGSZZ,202,0.9,0.0,0.121839967403554,0.5065576628692218,-0.2056218858011296
commons-scxml,AGSZZ,202,0.9,0.05,0.12820298310934888,0.5330123183768988,-0.2056218858011296
commons-scxml,AGSZZ,202,0.9,0.1,0.13449052077552515,0.5555196972862744,-0.2056218858011296
commons-scxml,AGSZZ,202,0.9,0.25,0.08666605007594742,0.5527825232377754,-0.2056218858011296
commons-scxml,AGSZZ,202,0.95,0.0,0.13858831519833953,0.54258575327456,-0.24096857499637897
commons-scxml,AGSZZ,202,0.95,0.05,0.14582600283925862,0.5709219531554365,-0.24096857499637897
commons-scxml,AGSZZ,202,0.95,0.1,0.15421966886650126,0.5962329518124847,-0.24096857499637897
commons-scxml,AGSZZ,202,0.95,0.25,0.1169902722051038,0.5998707560976108,-0.24096857499637897
commons-scxml,AGSZZ,202,0.99,0.0,0.1669791674026274,0.5556331029550011,-0.11206220623291147
commons-scxml,AGSZZ,202,0.99,0.05,0.17569954945266789,0.5846506924710263,-0.11206220623291147
commons-scxml,AGSZZ,202,0.99,0.1,0.187009432445937,0.6123751827458238,-0.11206220623291147
commons-scxml,AGSZZ,202,0.99,0.25,0.17160932014255528,0.6277786114604111,-0.11206220623291147
commons-scxml,AGSZZ,202,0.995,0.0,0.169978631182305,0.5429105602085635,-0.018549772286807355
commons-scxml,AGSZZ,202,0.995,0.05,0.17885565834269623,0.5712637229273861,-0.018549772286807355
commons-scxml,AGSZZ,202,0.995,0.1,0.1904934816549349,0.598527611988314,-0.018549772286807355
commons-scxml,AGSZZ,202,0.995,0.25,0.17932532130720646,0.6143118422704872,-0.018549772286807355
commons-scxml,AGSZZ,202,0.999,0.0,0.17281045335568312,0.5274687936589915,0.0634570055059242
commons-scxml,AGSZZ,202,0.999,0.05,0.18183537064891994,0.5550155198268691,0.0634570055059242
commons-scxml,AGSZZ,202,0.999,0.1,0.19375327528415393,0.5816089847479926,0.0634570055059242
commons-scxml,AGSZZ,202,0.999,0.25,0.18644947071660736,0.59705376498387,0.0634570055059242
commons-scxml,AGSZZ,314,0.9,0.0,0.10691883002325776,0.5023680602983357,-0.16456248358506376
commons-scxml,AGSZZ,314,0.9,0.05,0.11250259870919192,0.528603916445444,-0.16456248358506376
commons-scxml,AGSZZ,314,0.9,0.1,0.11921591104720128,0.5511502355951072,-0.16456248358506376
commons-scxml,AGSZZ,314,0.9,0.25,0.07140478165054333,0.5483012521122523,-0.16456248358506376
commons-scxml,AGSZZ,314,0.95,0.0,0.1240950424283913,0.5390251848779973,-0.2150618377941879
commons-scxml,AGSZZ,314,0.95,0.05,0.13057582800975795,0.5671754363126317,-0.2150618377941879
commons-scxml,AGSZZ,314,0.95,0.1,0.13940437467170946,0.5925232519963551,-0.2150618377941879
commons-scxml,AGSZZ,314,0.95,0.25,0.10487595283259665,0.5964541278178325,-0.2150618377941879
commons-scxml,AGSZZ,314,0.99,0.0,0.1507821200869442,0.5513423037532198,-0.11318939187166653
commons-scxml,AGSZZ,314,0.99,0.05,0.15865662152281942,0.5801358089782428,-0.11318939187166653
commons-scxml,AGSZZ,314,0.99,0.1,0.17013340012825598,0.6077380947416855,-0.11318939187166653
commons-scxml,AGSZZ,314,0.99,0.25,0.15993819330533557,0.6236459536429054,-0.11318939187166653
commons-scxml,AGSZZ,314,0.995,0.0,0.1518780358650611,0.5380602475984699,-0.021361851215206576
commons-scxml,AGSZZ,314,0.995,0.05,0.15980977081352657,0.5661601057902662,-0.021361851215206576
commons-scxml,AGSZZ,314,0.995,0.1,0.17147492293713637,0.5932542583111605,-0.021361851215206576
commons-scxml,AGSZZ,314,0.995,0.25,0.16532944191791654,0.6094240854911819,-0.021361851215206576
commons-scxml,AGSZZ,314,0.999,0.0,0.15188943916228265,0.521960382271127,0.05791390905460347
commons-scxml,AGSZZ,314,0.999,0.05,0.1598217696407771,0.5492194351170079,0.05791390905460347
commons-scxml,AGSZZ,314,0.999,0.1,0.17157929123809829,0.5755935272487751,0.05791390905460347
commons-scxml,AGSZZ,314,0.999,0.25,0.16880386904156902,0.5912634533587509,0.05791390905460347
commons-scxml,AGSZZ,999,0.9,0.0,0.09679913047819064,0.45824363364974213,-0.16561832146993527
commons-scxml,AGSZZ,999,0.9,0.05,0.10185440421689691,0.4821751193529201,-0.16561832146993527
commons-scxml,AGSZZ,999,0.9,0.1,0.10736149274300251,0.5020280559337665,-0.16561832146993527
commons-scxml,AGSZZ,999,0.9,0.25,0.05599439436496114,0.48912271237099764,-0.16561832146993527
commons-scxml,AGSZZ,999,0.95,0.0,0.11041571959723975,0.5002245403254316,-0.2128573279502331
commons-scxml,AGSZZ,999,0.95,0.05,0.11618211114293699,0.5263484524894291,-0.2128573279502331
commons-scxml,AGSZZ,999,0.95,0.1,0.12359743489605782,0.5493268656892021,-0.2128573279502331
commons-scxml,AGSZZ,999,0.95,0.25,0.08337949156230841,0.5441445452947069,-0.2128573279502331
commons-scxml,AGSZZ,999,0.99,0.0,0.1385017817590164,0.5304115698877493,-0.1309030096102588
commons-scxml,AGSZZ,999,0.99,0.05,0.14573495024546407,0.5581119806942663,-0.1309030096102588
commons-scxml,AGSZZ,999,0.99,0.1,0.15595481774767256,0.584437285947771,-0.1309030096102588
commons-scxml,AGSZZ,999,0.99,0.25,0.13891070394980695,0.5949595775139552,-0.1309030096102588
commons-scxml,AGSZZ,999,0.995,0.0,0.14463235846111952,0.5241423342200766,-0.04133233513053627
commons-scxml,AGSZZ,999,0.995,0.05,0.15218569246199037,0.5515153381348582,-0.04133233513053627
commons-scxml,AGSZZ,999,0.995,0.1,0.16289914277210338,0.5777465579615005,-0.04133233513053627
commons-scxml,AGSZZ,999,0.995,0.25,0.1509008126088463,0.5900865060792546,-0.04133233513053627
commons-scxml,AGSZZ,999,0.999,0.0,0.1501979802042501,0.5140363642172325,0.044624621696288704
commons-scxml,AGSZZ,999,0.999,0.05,0.15804197530195757,0.5408815902014981,0.044624621696288704
commons-scxml,AGSZZ,999,0.999,0.1,0.16918088911458412,0.5667459556544304,0.044624621696288704
commons-scxml,AGSZZ,999,0.999,0.25,0.1617189361177494,0.5799260549335155,0.044624621696288704
commons-scxml,MASZZ,7,0.9,0.0,0.10946767577812672,0.4919331635414592,-0.28319875617963
commons-scxml,MASZZ,7,0.9,0.05,0.11518455633133644,0.5176240637650943,-0.28319875617963
commons-scxml,MASZZ,7,0.9,0.1,0.12204565000770884,0.5395653706242075,-0.28319875617963
commons-scxml,MASZZ,7,0.9,0.25,0.06475526926694271,0.5242203708247459,-0.28319875617963
commons-scxml,MASZZ,7,0.95,0.0,0.12246228670530694,0.527963987622553,-0.3096588242855285
commons-scxml,MASZZ,7,0.95,0.05,0.12885780264542937,0.5555365749838854,-0.3096588242855285
commons-scxml,MASZZ,7,0.95,0.1,0.1375916826036321,0.5802430656556168,-0.3096588242855285
commons-scxml,MASZZ,7,0.95,0.25,0.09334222024841174,0.5735459466283641,-0.3096588242855285
commons-scxml,MASZZ,7,0.99,0.0,0.1545808722391365,0.5516992162561154,-0.1620121023458337
commons-scxml,MASZZ,7,0.99,0.05,0.162653761118163,0.5805113610122374,-0.1620121023458337
commons-scxml,MASZZ,7,0.99,0.1,0.17435079027273068,0.6081343404591858,-0.1620121023458337
commons-scxml,MASZZ,7,0.99,0.25,0.15849714303147996,0.6186053529885309,-0.1620121023458337
commons-scxml,MASZZ,7,0.995,0.0,0.16069507214478515,0.5453350485824016,-0.056053379789400705
commons-scxml,MASZZ,7,0.995,0.05,0.16908727127033488,0.5738148286824496,-0.056053379789400705
commons-scxml,MASZZ,7,0.995,0.1,0.18126363260278924,0.6013307720565866,-0.056053379789400705
commons-scxml,MASZZ,7,0.995,0.25,0.17123441437462822,0.6140865341650282,-0.056053379789400705
commons-scxml,MASZZ,7,0.999,0.0,0.1660796470622538,0.5355468820957991,0.03874478311542712
commons-scxml,MASZZ,7,0.999,0.05,0.1747530522279808,0.563515481354187,0.03874478311542712
commons-scxml,MASZZ,7,0.999,0.1,0.1873333179678622,0.5906773148092275,0.03874478311542712
commons-scxml,MASZZ,7,0.999,0.25,0.1824312428482884,0.6047500418312126,0.03874478311542712
commons-scxml,MASZZ,13,0.9,0.0,0.11650364375333411,0.506596866172501,-0.25655506012197665
commons-scxml,MASZZ,13,0.9,0.05,0.12258797331105174,0.5330535690480473,-0.25655506012197665
commons-scxml,MASZZ,13,0.9,0.1,0.12856611247813815,0.5555632209535882,-0.25655506012197665
commons-scxml,MASZZ,13,0.9,0.25,0.08461637370178629,0.5527361279326302,-0.25655506012197665
commons-scxml,MASZZ,13,0.95,0.0,0.1342548750636259,0.5425082127064376,-0.27339603311900595
commons-scxml,MASZZ,13,0.95,0.05,0.14126625151762567,0.5708403630798878,-0.27339603311900595
commons-scxml,MASZZ,13,0.95,0.1,0.14940866594143146,0.5961468659572629,-0.27339603311900595
commons-scxml,MASZZ,13,0.95,0.25,0.11535983129950228,0.5999646017415604,-0.27339603311900595
commons-scxml,MASZZ,13,0.99,0.0,0.16330558573015228,0.5550548607907073,-0.11909811781760324
commons-scxml,MASZZ,13,0.99,0.05,0.17183411728665932,0.5840422519732008,-0.11909811781760324
commons-scxml,MASZZ,13,0.99,0.1,0.1829310070789443,0.6117332159348527,-0.11909811781760324
commons-scxml,MASZZ,13,0.99,0.25,0.17017208831605884,0.6274753719094662,-0.11909811781760324
commons-scxml,MASZZ,13,0.995,0.0,0.166070717530278,0.5421500058820266,-0.02266724729161989
commons-scxml,MASZZ,13,0.995,0.05,0.17474365635681088,0.5704634491292504,-0.02266724729161989
commons-scxml,MASZZ,13,0.995,0.1,0.18615489996778656,0.5976832414706891,-0.02266724729161989
commons-scxml,MASZZ,13,0.995,0.25,0.17746109410261698,0.6137592549797956,-0.02266724729161989
commons-scxml,MASZZ,13,0.999,0.0,0.16844058589414715,0.5265312313321673,0.06060593441193109
commons-scxml,MASZZ,13,0.999,0.05,0.17723728960622062,0.5540289938969033,0.06060593441193109
commons-scxml,MASZZ,13,0.999,0.1,0.18890183059216298,0.5805680992259673,0.06060593441193109
commons-scxml,MASZZ,13,0.999,0.25,0.18385324389421243,0.5962491951812322,0.06060593441193109
commons-scxml,MASZZ,21,0.9,0.0,0.11806851009980308,0.5075384576237314,-0.25311206756244475
commons-scxml,MASZZ,21,0.9,0.05,0.12423456381874831,0.5340443345209088,-0.25311206756244475
commons-scxml,MASZZ,21,0.9,0.1,0.13097484481271104,0.5567553707130526,-0.25311206756244475
commons-scxml,MASZZ,21,0.9,0.25,0.08678974596564576,0.556207132478452,-0.25311206756244475
commons-scxml,MASZZ,21,0.95,0.0,0.13420263119297454,0.5429904701179573,-0.27010636477161604
commons-scxml,MASZZ,21,0.95,0.05,0.14121127924367147,0.5713478060815644,-0.27010636477161604
commons-scxml,MASZZ,21,0.95,0.1,0.1500057612390777,0.5968057754996796,-0.27010636477161604
commons-scxml,MASZZ,21,0.95,0.25,0.11835996777561415,0.6039144731555801,-0.27010636477161604
commons-scxml,MASZZ,21,0.99,0.0,0.1611685651756971,0.5544895694633541,-0.11857157253022238
commons-scxml,MASZZ,21,0.99,0.05,0.16958549217713584,0.5834474386616336,-0.11857157253022238
commons-scxml,MASZZ,21,0.99,0.1,0.18111957321435482,0.6111687793541568,-0.11857157253022238
commons-scxml,MASZZ,21,0.99,0.25,0.17374033138762657,0.6313670338848002,-0.11857157253022238
commons-scxml,MASZZ,21,0.995,0.0,0.16276472299976608,0.5405784268432784,-0.021253767477254194
commons-scxml,MASZZ,21,0.995,0.05,0.17126500834017938,0.56880979536314,-0.021253767477254194
commons-scxml,MASZZ,21,0.995,0.1,0.18302976789255995,0.5959939750778714,-0.021253767477254194
commons-scxml,MASZZ,21,0.995,0.25,0.17977587741956474,0.616432350875495,-0.021253767477254194
commons-scxml,MASZZ,21,0.999,0.0,0.16321201783332753,0.5234691403789495,0.0622429293124223
commons-scxml,MASZZ,21,0.999,0.05,0.1717356628652421,0.5508069871685659,0.0622429293124223
commons-scxml,MASZZ,21,0.999,0.1,0.18362912680890678,0.5772182622502958,0.0622429293124223
commons-scxml,MASZZ,21,0.999,0.25,0.18379293799610077,0.5969995982865017,0.0622429293124223
commons-scxml,MASZZ,42,0.9,0.0,0.10499571769370311,0.4851739564478077,-0.28318755714799876
commons-scxml,MASZZ,42,0.9,0.05,0.11047905304714602,0.5105118613299949,-0.28318755714799876
commons-scxml,MASZZ,42,0.9,0.1,0.11646137732512248,0.5319262102238639,-0.28318755714799876
commons-scxml,MASZZ,42,0.9,0.25,0.06692317731897776,0.525029809435085,-0.28318755714799876
commons-scxml,MASZZ,42,0.95,0.0,0.11795035325255414,0.5221059638583493,-0.30914849222905066
commons-scxml,MASZZ,42,0.95,0.05,0.12411023630442834,0.5493726196111064,-0.30914849222905066
commons-scxml,MASZZ,42,0.95,0.1,0.1319624159337946,0.5736197114073801,-0.30914849222905066
commons-scxml,MASZZ,42,0.95,0.25,0.09342566976939426,0.5733197766719306,-0.30914849222905066
commons-scxml,MASZZ,42,0.99,0.0,0.14592857140082577,0.5410718184180796,-0.16047776632931432
commons-scxml,MASZZ,42,0.99,0.05,0.15354959930763873,0.5693289540027763,-0.16047776632931432
commons-scxml,MASZZ,42,0.99,0.1,0.16420006992143638,0.5962723373773624,-0.16047776632931432
commons-scxml,MASZZ,42,0.99,0.25,0.14881309013888605,0.6091732422210625,-0.16047776632931432
commons-scxml,MASZZ,42,0.995,0.0,0.15002043873140428,0.5320836288579562,-0.05813798349363024
commons-scxml,MASZZ,42,0.995,0.05,0.15785516183729967,0.5598713618930914,-0.05813798349363024
commons-scxml,MASZZ,42,0.995,0.1,0.16888101148033788,0.586563015681922,-0.05813798349363024
commons-scxml,MASZZ,42,0.995,0.25,0.15808491963589263,0.6006748989297608,-0.05813798349363024
commons-scxml,MASZZ,42,0.999,0.0,0.1537573957133904,0.5199334583227935,0.030499872780108118
commons-scxml,MASZZ,42,0.999,0.05,0.16178727904851908,0.5470866563396511,0.030499872780108118
commons-scxml,MASZZ,42,0.999,0.1,0.1731325667410582,0.573292933600196,0.030499872780108118
commons-scxml,MASZZ,42,0.999,0.25,0.16646482346326974,0.5877888470742632,0.030499872780108118
commons-scxml,MASZZ,77,0.9,0.0,0.0763322355343969,0.43998050573226993,-0.2831938741738051
commons-scxml,MASZZ,77,0.9,0.05,0.08031863855070001,0.46295821106064766,-0.2831938741738051
commons-scxml,MASZZ,77,0.9,0.1,0.08396765110854258,0.4816054656893319,-0.2831938741738051
commons-scxml,MASZZ,77,0.9,0.25,0.03487392279826957,0.46551218049982657,-0.2831938741738051
commons-scxml,MASZZ,77,0.95,0.0,0.0987592401793511,0.5015094940725393,-0.30917437240940054
commons-scxml,MASZZ,77,0.95,0.05,0.10391687941502324,0.5277005121382232,-0.30917437240940054
commons-scxml,MASZZ,77,0.95,0.1,0.11000126721276722,0.5506299211882005,-0.30917437240940054
commons-scxml,MASZZ,77,0.95,0.25,0.071235744857561,0.5462721979960656,-0.30917437240940054
commons-scxml,MASZZ,77,0.99,0.0,0.1405944853606711,0.5341890478742864,-0.15272806250364973
commons-scxml,MASZZ,77,0.99,0.05,0.14793694397718582,0.5620867350940268,-0.15272806250364973
commons-scxml,MASZZ,77,0.99,0.1,0.15771705075037734,0.5885679052684589,-0.15272806250364973
commons-scxml,MASZZ,77,0.99,0.25,0.1414147946385162,0.5999610673658061,-0.15272806250364973
commons-scxml,MASZZ,77,0.995,0.0,0.1477957985393414,0.5273461059676118,-0.05439312413246626
commons-scxml,MASZZ,77,0.995,0.05,0.15551434120967453,0.5548864248479319,-0.05439312413246626
commons-scxml,MASZZ,77,0.995,0.1,0.16586601031254267,0.5812478913616246,-0.05439312413246626
commons-scxml,MASZZ,77,0.995,0.25,0.154349410955813,0.5942573688224844,-0.05439312413246626
commons-scxml,MASZZ,77,0.999,0.0,0.15401643187989253,0.5170737571054815,0.034022969789897134
commons-scxml,MASZZ,77,0.999,0.05,0.16205984321597977,0.5440776090239496,0.034022969789897134
commons-scxml,MASZZ,77,0.999,0.1,0.1728880759314395,0.5700683727375652,0.034022969789897134
commons-scxml,MASZZ,77,0.999,0.25,0.16567084241172564,0.5838265313303733,0.034022969789897134
commons-scxml,MASZZ,101,0.9,0.0,0.11001492020395878,0.4830378396353306,-0.283187557562954
commons-scxml,MASZZ,101,0.9,0.05,0.11576038025329514,0.5082641871598064,-0.283187557562954
commons-scxml,MASZZ,101,0.9,0.1,0.12136230510903577,0.5294078935327299,-0.283187557562954
commons-scxml,MASZZ,101,0.9,0.25,0.06665523934317363,0.5196249569586652,-0.283187557562954
commons-scxml,MASZZ,101,0.95,0.0,0.12558934539442465,0.5229530572107796,-0.30915563320811934
commons-scxml,MASZZ,101,0.95,0.05,0.13214817000883367,0.5502639518813619,-0.30915563320811934
commons-scxml,MASZZ,101,0.95,0.1,0.1397881595331754,0.5744366525090223,-0.30915563320811934
commons-scxml,MASZZ,101,0.95,0.25,0.09689904130337479,0.572022001793633,-0.30915563320811934
commons-scxml,MASZZ,101,0.99,0.0,0.16032333718172545,0.5500595340412462,-0.1627427482866163
commons-scxml,MASZZ,101,0.99,0.05,0.16869612268251188,0.5787860474244447,-0.1627427482866163
commons-scxml,MASZZ,101,0.99,0.1,0.17962010256803773,0.6061873837885122,-0.1627427482866163
commons-scxml,MASZZ,101,0.99,0.25,0.16148132080710387,0.6193135711218712,-0.1627427482866163
commons-scxml,MASZZ,101,0.995,0.0,0.1673306293574184,0.5442506197213275,-0.057527223582570904
commons-scxml,MASZZ,101,0.995,0.05,0.17606936628710948,0.5726737662058069,-0.057527223582570904
commons-scxml,MASZZ,101,0.995,0.1,0.18755365922077508,0.6000153515290151,-0.057527223582570904
commons-scxml,MASZZ,101,0.995,0.25,0.17473624296668447,0.6151972298095757,-0.057527223582570904
commons-scxml,MASZZ,101,0.999,0.0,0.17407827078361773,0.5347403823434772,0.037294722015539496
commons-scxml,MASZZ,101,0.999,0.05,0.1831693990450446,0.5626668626592874,0.037294722015539496
commons-scxml,MASZZ,101,0.999,0.1,0.19516081136741198,0.5896819321854625,0.037294722015539496
commons-scxml,MASZZ,101,0.999,0.25,0.18723282905960376,0.605957605322558,0.037294722015539496
commons-scxml,MASZZ,123,0.9,0.0,0.09657731420511056,0.4844334296520723,-0.28318754275207997
commons-scxml,MASZZ,123,0.9,0.05,0.10162100372839485,0.5097326609878673,-0.28318754275207997
commons-scxml,MASZZ,123,0.9,0.1,0.10843414967276117,0.531429322541651,-0.28318754275207997
commons-scxml,MASZZ,123,0.9,0.25,0.06749998213358627,0.5259989184146058,-0.28318754275207997
commons-scxml,MASZZ,123,0.95,0.0,0.10920370181497016,0.5212847553728093,-0.3091249177417731
commons-scxml,MASZZ,123,0.95,0.05,0.11490679649389512,0.5485085240286426,-0.3091249177417731
commons-scxml,MASZZ,123,0.95,0.1,0.12343591534835842,0.5729706145699734,-0.3091249177417731
commons-scxml,MASZZ,123,0.95,0.25,0.09425078997172819,0.5745084175881082,-0.3091249177417731
commons-scxml,MASZZ,123,0.99,0.0,0.13411434303426684,0.538870321064005,-0.1592415019247398
commons-scxml,MASZZ,123,0.99,0.05,0.14111838029137552,0.5670124848333051,-0.1592415019247398
commons-scxml,MASZZ,123,0.99,0.1,0.1520509488731196,0.5939579940653906,-0.1592415019247398
commons-scxml,MASZZ,123,0.99,0.25,0.14569621357734408,0.6085861829168197,-0.1592415019247398
commons-scxml,MASZZ,123,0.995,0.0,0.13606362104550673,0.5289492458397512,-0.057496695849687786
commons-scxml,MASZZ,123,0.995,0.05,0.14316945812138426,0.5565732876921174,-0.057496695849687786
commons-scxml,MASZZ,123,0.995,0.1,0.15432192963920974,0.5831968048488076,-0.057496695849687786
commons-scxml,MASZZ,123,0.995,0.25,0.15194320052407753,0.5987661222202357,-0.057496695849687786
commons-scxml,MASZZ,123,0.999,0.0,0.1368678438741013,0.5157190913825318,0.029038940199496197
commons-scxml,MASZZ,123,0.999,0.05,0.14401568098164624,0.5426521967351979,0.029038940199496197
commons-scxml,MASZZ,123,0.999,0.1,0.15529227400878376,0.5687155291651126,0.029038940199496197
commons-scxml,MASZZ,123,0.999,0.25,0.1562116934623278,0.5843528165017263,0.029038940199496197
commons-scxml,MASZZ,202,0.9,0.0,0.10723589173707637,0.48429733511706746,-0.2832010647444615
commons-scxml,MASZZ,202,0.9,0.05,0.11283621877170125,0.5095894590013244,-0.2832010647444615
commons-scxml,MASZZ,202,0.9,0.1,0.11827701636212958,0.530806190557352,-0.2832010647444615
commons-scxml,MASZZ,202,0.9,0.25,0.0671939491873106,0.523102086234903,-0.2832010647444615
commons-scxml,MASZZ,202,0.95,0.0,0.12210088996794934,0.52130611280406,-0.30990382169141334
commons-scxml,MASZZ,202,0.95,0.05,0.1284775321906469,0.5485309968383146,-0.30990382169141334
commons-scxml,MASZZ,202,0.95,0.1,0.13591526208010896,0.5726082081064602,-0.30990382169141334
commons-scxml,MASZZ,202,0.95,0.25,0.09500703856458356,0.5714979021369442,-0.30990382169141334
commons-scxml,MASZZ,202,0.99,0.0,0.15368505936539667,0.541690611534005,-0.16529002314836763
commons-scxml,MASZZ,202,0.99,0.05,0.16171116498022395,0.5699800632001909,-0.16529002314836763
commons-scxml,MASZZ,202,0.99,0.1,0.172250259441338,0.5968961718621054,-0.16529002314836763
commons-scxml,MASZZ,202,0.99,0.25,0.153883842759581,0.6091886228990827,-0.16529002314836763
commons-scxml,MASZZ,202,0.995,0.0,0.15929255074960408,0.5337071090867592,-0.06157595647348469
commons-scxml,MASZZ,202,0.995,0.05,0.16761150407695283,0.5615796273562806,-0.06157595647348469
commons-scxml,MASZZ,202,0.995,0.1,0.1786297515418955,0.5883099029877802,-0.06157595647348469
commons-scxml,MASZZ,202,0.995,0.25,0.16507721406360518,0.6020405741080814,-0.06157595647348469
commons-scxml,MASZZ,202,0.999,0.0,0.1649117683199461,0.5225037732820301,0.029522994480030814
commons-scxml,MASZZ,202,0.999,0.05,0.17352418175251583,0.5497912043818654,0.029522994480030814
commons-scxml,MASZZ,202,0.999,0.1,0.18498412291794797,0.5760967988601008,0.029522994480030814
commons-scxml,MASZZ,202,0.999,0.25,0.17591789066895802,0.5904337378145881,0.029522994480030814
commons-scxml,MASZZ,314,0.9,0.0,0.07506072547959419,0.4349735653038393,-0.28318723397059964
commons-scxml,MASZZ,314,0.9,0.05,0.0789807246825904,0.45768978631583856,-0.28318723397059964
commons-scxml,MASZZ,314,0.9,0.1,0.0838469133497462,0.4763285921726459,-0.28318723397059964
commons-scxml,MASZZ,314,0.9,0.25,0.028927308925658556,0.4584419254529239,-0.28318723397059964
commons-scxml,MASZZ,314,0.95,0.0,0.09259471857245159,0.49537739430967465,-0.30881662133963583
commons-scxml,MASZZ,314,0.95,0.05,0.09743041954238621,0.5212481673200444,-0.30881662133963583
commons-scxml,MASZZ,314,0.95,0.1,0.10443258655409476,0.5440652967531558,-0.30881662133963583
commons-scxml,MASZZ,314,0.95,0.25,0.06287552102467703,0.5382570737267354,-0.30881662133963583
commons-scxml,MASZZ,314,0.99,0.0,0.1289025871296018,0.528301575218653,-0.1564385335376375
commons-scxml,MASZZ,314,0.99,0.05,0.13563444371083822,0.5558917928799751,-0.1564385335376375
commons-scxml,MASZZ,314,0.99,0.1,0.14584265333479826,0.5821581838788193,-0.1564385335376375
commons-scxml,MASZZ,314,0.99,0.25,0.13076548269554567,0.5929249822634828,-0.1564385335376375
commons-scxml,MASZZ,314,0.995,0.0,0.13493294869761627,0.5220563972255724,-0.06026416214464094
commons-scxml,MASZZ,314,0.995,0.05,0.141979737120896,0.5493204643920916,-0.06026416214464094
commons-scxml,MASZZ,314,0.995,0.1,0.15266241800021801,0.5754867183053314,-0.06026416214464094
commons-scxml,MASZZ,314,0.995,0.25,0.14273599236132345,0.5880856183273184,-0.06026416214464094
commons-scxml,MASZZ,314,0.999,0.0,0.13995158848520337,0.5123592058406892,0.025821685494926836
commons-scxml,MASZZ,314,0.999,0.05,0.14726047221653893,0.5391168432830462,0.025821685494926836
commons-scxml,MASZZ,314,0.999,0.1,0.15832584069048375,0.5649342619872277,0.025821685494926836
commons-scxml,MASZZ,314,0.999,0.25,0.1528867348054633,0.5784618847848337,0.025821685494926836
commons-scxml,MASZZ,999,0.9,0.0,0.11150941812013848,0.4906138765427089,-0.2531106562776446
commons-scxml,MASZZ,999,0.9,0.05,0.11733292738366602,0.5162358778321734,-0.2531106562776446
commons-scxml,MASZZ,999,0.9,0.1,0.12369291412508339,0.5379656317169786,-0.2531106562776446
commons-scxml,MASZZ,999,0.9,0.25,0.07560811122089163,0.5322830362282868,-0.2531106562776446
commons-scxml,MASZZ,999,0.95,0.0,0.12298444717602569,0.5268561343228214,-0.2701390847286404
commons-scxml,MASZZ,999,0.95,0.05,0.1294072326184874,0.5543708647420017,-0.2701390847286404
commons-scxml,MASZZ,999,0.95,0.1,0.13755128755495488,0.5788933700454879,-0.2701390847286404
commons-scxml,MASZZ,999,0.95,0.25,0.1001377950006897,0.5796533372912266,-0.2701390847286404
commons-scxml,MASZZ,999,0.99,0.0,0.1469644799871502,0.5439156969687439,-0.13319373420541683
commons-scxml,MASZZ,999,0.99,0.05,0.1546396075686842,0.572321352323011,-0.13319373420541683
commons-scxml,MASZZ,999,0.99,0.1,0.16535013986217212,0.5994296229519772,-0.13319373420541683
commons-scxml,MASZZ,999,0.99,0.25,0.15019430158731867,0.6129650802886147,-0.13319373420541683
commons-scxml,MASZZ,999,0.995,0.0,0.14964479269225156,0.5334295233217993,-0.039435042122675505
commons-scxml,MASZZ,999,0.995,0.05,0.15745989791989334,0.5612875448492434,-0.039435042122675505
commons-scxml,MASZZ,999,0.995,0.1,0.1684639677144214,0.5880572332091274,-0.039435042122675505
commons-scxml,MASZZ,999,0.995,0.25,0.1575840582503557,0.6024694248815516,-0.039435042122675505
commons-scxml,MASZZ,999,0.999,0.0,0.152170881385126,0.5199892124212481,0.04238121291159076
commons-scxml,MASZZ,999,0.999,0.05,0.16011791000678635,0.5471453221608489,0.04238121291159076
commons-scxml,MASZZ,999,0.999,0.1,0.1713712120582504,0.5733548320278679,0.04238121291159076
commons-scxml,MASZZ,999,0.999,0.25,0.1643494710255839,0.5878631858722025,0.04238121291159076
commons-scxml,LSZZ,7,0.9,0.0,0.14341170786024904,0.4501654326368175,-0.25359852959991414
commons-scxml,LSZZ,7,0.9,0.05,0.150901294150823,0.4736750393702683,-0.25359852959991414
commons-scxml,LSZZ,7,0.9,0.1,0.15973045297235078,0.4931946652933401,-0.25359852959991414
commons-scxml,LSZZ,7,0.9,0.25,0.10795632363081206,0.46973067946333963,-0.25359852959991414
commons-scxml,LSZZ,7,0.95,0.0,0.13933945305042528,0.48240801890652885,-0.2738422527308648
commons-scxml,LSZZ,7,0.95,0.05,0.14661636839348424,0.507601474439365,-0.2738422527308648
commons-scxml,LSZZ,7,0.95,0.1,0.15632878156637575,0.5296666432443573,-0.2738422527308648
commons-scxml,LSZZ,7,0.95,0.25,0.11380184052456004,0.5141898345036784,-0.2738422527308648
commons-scxml,LSZZ,7,0.99,0.0,0.17623718301666566,0.5264685648173211,-0.12937498016075796
commons-scxml,LSZZ,7,0.99,0.05,0.1854410591123136,0.553963054662713,-0.12937498016075796
commons-scxml,LSZZ,7,0.99,0.1,0.1983937148910488,0.5801231682495857,-0.12937498016075796
commons-scxml,LSZZ,7,0.99,0.25,0.18662876610525353,0.5860966069555197,-0.12937498016075796
commons-scxml,LSZZ,7,0.995,0.0,0.18464336862163228,0.5204112933173141,-0.0362034835917823
commons-scxml,LSZZ,7,0.995,0.05,0.19428625247614692,0.5475894459663808,-0.0362034835917823
commons-scxml,LSZZ,7,0.995,0.1,0.2078511290995338,0.5736603172316733,-0.0362034835917823
commons-scxml,LSZZ,7,0.995,0.25,0.2026466993202533,0.5818775561795426,-0.0362034835917823
commons-scxml,LSZZ,7,0.999,0.0,0.1922604695706307,0.5110406292309987,0.0534840135749359
commons-scxml,LSZZ,7,0.999,0.05,0.2023011517338938,0.5377294048388072,0.0534840135749359
commons-scxml,LSZZ,7,0.999,0.1,0.21639937397716225,0.563470372853204,0.0534840135749359
commons-scxml,LSZZ,7,0.999,0.25,0.21697739961973792,0.5729977125302976,0.0534840135749359
commons-scxml,LSZZ,13,0.9,0.0,0.09744630773735363,0.35808828591573155,-0.1601997164857765
commons-scxml,LSZZ,13,0.9,0.05,0.10253537990158682,0.3767892215438258,-0.1601997164857765
commons-scxml,LSZZ,13,0.9,0.1,0.10740858024815167,0.39068838899505254,-0.1601997164857765
commons-scxml,LSZZ,13,0.9,0.25,0.057553898961872865,0.35499061225605955,-0.1601997164857765
commons-scxml,LSZZ,13,0.95,0.0,0.1189169735007786,0.4249956149991674,-0.19912028340306054
commons-scxml,LSZZ,13,0.95,0.05,0.12512733768747303,0.4471907438289111,-0.19912028340306054
commons-scxml,LSZZ,13,0.95,0.1,0.13238046502267856,0.4656839003393956,-0.19912028340306054
commons-scxml,LSZZ,13,0.95,0.25,0.09423433849867305,0.44431716841849045,-0.19912028340306054
commons-scxml,LSZZ,13,0.99,0.0,0.16381253589673903,0.5123076522022868,-0.09542581421621385
commons-scxml,LSZZ,13,0.99,0.05,0.1723675426070136,0.5390625972882863,-0.09542581421621385
commons-scxml,LSZZ,13,0.99,0.1,0.1834938252230732,0.5642750904815859,-0.09542581421621385
commons-scxml,LSZZ,13,0.99,0.25,0.1709208341567479,0.5714429586996358,-0.09542581421621385
commons-scxml,LSZZ,13,0.995,0.0,0.17016768510742766,0.5058830286318444,-0.02166331752432483
commons-scxml,LSZZ,13,0.995,0.05,0.179054585490214,0.5323024517905675,-0.02166331752432483
commons-scxml,LSZZ,13,0.995,0.1,0.19070337009425475,0.5574194952990583,-0.02166331752432483
commons-scxml,LSZZ,13,0.995,0.25,0.18305837907351136,0.5662705307792696,-0.02166331752432483
commons-scxml,LSZZ,13,0.999,0.0,0.17740935812478795,0.49556066424315215,0.04794726977957436
commons-scxml,LSZZ,13,0.999,0.05,0.18667445032859703,0.5214410084105896,0.04794726977957436
commons-scxml,LSZZ,13,0.999,0.1,0.19885899812985403,0.5461844492332649,0.04794726977957436
commons-scxml,LSZZ,13,0.999,0.25,0.1959797930659583,0.5557338807563914,0.04794726977957436
commons-scxml,LSZZ,21,0.9,0.0,0.09548980886492356,0.3541656786364251,0.025081848870865557
commons-scxml,LSZZ,21,0.9,0.05,0.10047670410545148,0.37266175856521333,0.025081848870865557
commons-scxml,LSZZ,21,0.9,0.1,0.10590787854378357,0.38648028547000246,0.025081848870865557
commons-scxml,LSZZ,21,0.9,0.25,0.051694526569892305,0.35067416065735485,0.025081848870865557
commons-scxml,LSZZ,21,0.95,0.0,0.11043713326466928,0.41667208738473627,-0.06049212879439909
commons-scxml,LSZZ,21,0.95,0.05,0.11620464312568682,0.438432525217208,-0.06049212879439909
commons-scxml,LSZZ,21,0.95,0.1,0.12362120843704079,0.4565665914040219,-0.06049212879439909
commons-scxml,LSZZ,21,0.95,0.25,0.08298231201044934,0.43559786379412785,-0.06049212879439909
commons-scxml,LSZZ,21,0.99,0.0,0.15360786650950484,0.5016573710679897,-0.0777206958488847
commons-scxml,LSZZ,21,0.99,0.05,0.16162994077595869,0.5278561119168015,-0.0777206958488847
commons-scxml,LSZZ,21,0.99,0.1,0.17272565469515355,0.552514257053997,-0.0777206958488847
commons-scxml,LSZZ,21,0.99,0.25,0.16225636557984832,0.5615891784347422,-0.0777206958488847
commons-scxml,LSZZ,21,0.995,0.0,0.1611916305339039,0.49751586434783485,-0.02025835287713466
commons-scxml,LSZZ,21,0.995,0.05,0.16960976210917547,0.5234983176116484,-0.02025835287713466
commons-scxml,LSZZ,21,0.995,0.1,0.1812833142161742,0.5481857424298688,-0.02025835287713466
commons-scxml,LSZZ,21,0.995,0.25,0.17661340334396988,0.5596577329189546,-0.02025835287713466
commons-scxml,LSZZ,21,0.999,0.0,0.1690283026999783,0.48902367734654495,0.041833717391394576
commons-scxml,LSZZ,21,0.999,0.05,0.1778556995527818,0.5145626314826314,0.041833717391394576
commons-scxml,LSZZ,21,0.999,0.1,0.19008639000780073,0.5389767685979935,0.041833717391394576
commons-scxml,LSZZ,21,0.999,0.25,0.19072718572770095,0.5516776667075496,0.041833717391394576
commons-scxml,LSZZ,42,0.9,0.0,0.16318406484666748,0.45146892538960587,-0.253602190242835
commons-scxml,LSZZ,42,0.9,0.05,0.17170625005142576,0.47504660621266065,-0.253602190242835
commons-scxml,LSZZ,42,0.9,0.1,0.18106231783780133,0.49450674717149284,-0.253602190242835
commons-scxml,LSZZ,42,0.9,0.25,0.13903144492938038,0.4787587288599857,-0.253602190242835
commons-scxml,LSZZ,42,0.95,0.0,0.16196363030760055,0.4861953805656802,-0.27409470922476625
commons-scxml,LSZZ,42,0.95,0.05,0.17042207908575377,0.5115866286803288,-0.27409470922476625
commons-scxml,LSZZ,42,0.95,0.1,0.1808261357663359,0.5337516352620494,-0.27409470922476625
commons-scxml,LSZZ,42,0.95,0.25,0.14818933492650216,0.525508070232431,-0.27409470922476625
commons-scxml,LSZZ,42,0.99,0.0,0.19110341608476572,0.5294779412069536,-0.12956860407405446
commons-scxml,LSZZ,42,0.99,0.05,0.20108367185708426,0.5571295938425198,-0.12956860407405446
commons-scxml,LSZZ,42,0.99,0.1,0.21435336687666764,0.5834007675756224,-0.12956860407405446
commons-scxml,LSZZ,42,0.99,0.25,0.20756299935893124,0.5943739975442991,-0.12956860407405446
commons-scxml,LSZZ,42,0.995,0.0,0.19882591387919651,0.5223628648076083,-0.03465507197431347
commons-scxml,LSZZ,42,0.995,0.05,0.20920947224426095,0.5496429370509456,-0.03465507197431347
commons-scxml,LSZZ,42,0.995,0.1,0.2230650491954379,0.5757709837566377,-0.03465507197431347
commons-scxml,LSZZ,42,0.995,0.25,0.22202330322507807,0.5883454535603883,-0.03465507197431347
commons-scxml,LSZZ,42,0.999,0.0,0.20588875746466595,0.5115191057427427,0.05724924058486048
commons-scxml,LSZZ,42,0.999,0.05,0.2166411683960895,0.5382328694855938,0.05724924058486048
commons-scxml,LSZZ,42,0.999,0.1,0.2310090173383927,0.5639512850215272,0.05724924058486048
commons-scxml,LSZZ,42,0.999,0.25,0.23508884167773247,0.5771613552011825,0.05724924058486048
commons-scxml,LSZZ,77,0.9,0.0,0.07233813075902201,0.3747132535929743,-0.27478579794236874
commons-scxml,LSZZ,77,0.9,0.05,0.07611594416423206,0.3942824177071141,-0.27478579794236874
commons-scxml,LSZZ,77,0.9,0.1,0.07953337968445294,0.40914549596733835,-0.27478579794236874
commons-scxml,LSZZ,77,0.9,0.25,0.026390847185651038,0.3779101750020543,-0.27478579794236874
commons-scxml,LSZZ,77,0.95,0.0,0.10064713992138526,0.4330023737999064,-0.3021248767130517
commons-scxml,LSZZ,77,0.95,0.05,0.10590337353430092,0.4556156505747565,-0.3021248767130517
commons-scxml,LSZZ,77,0.95,0.1,0.11209722121208675,0.47457303664062434,-0.3021248767130517
commons-scxml,LSZZ,77,0.95,0.25,0.07135178344326802,0.4553933998837855,-0.3021248767130517
commons-scxml,LSZZ,77,0.99,0.0,0.16421106178113457,0.510268697661346,-0.14077574618490346
commons-scxml,LSZZ,77,0.99,0.05,0.17278688125519767,0.536917159628186,-0.14077574618490346
commons-scxml,LSZZ,77,0.99,0.1,0.1839362702865654,0.5620114348279697,-0.14077574618490346
commons-scxml,LSZZ,77,0.99,0.25,0.17198664980376385,0.5688253314396571,-0.14077574618490346
commons-scxml,LSZZ,77,0.995,0.0,0.17373475490853454,0.5045545979600883,-0.04594677838901077
commons-scxml,LSZZ,77,0.995,0.05,0.18280794326932842,0.5309046446620659,-0.04594677838901077
commons-scxml,LSZZ,77,0.995,0.1,0.19466354554691218,0.5559446661451087,-0.04594677838901077
commons-scxml,LSZZ,77,0.995,0.25,0.18823428499352876,0.5645740566933513,-0.04594677838901077
commons-scxml,LSZZ,77,0.999,0.0,0.1821920528257201,0.4952995330308151,0.04184578950794505
commons-scxml,LSZZ,77,0.999,0.05,0.19170691825375577,0.5211662397848422,0.04184578950794505
commons-scxml,LSZZ,77,0.999,0.1,0.2041687653080317,0.5458945402954865,0.04184578950794505
commons-scxml,LSZZ,77,0.999,0.25,0.2026936748711775,0.5554428090810576,0.04184578950794505
commons-scxml,LSZZ,101,0.9,0.0,0.0746192775230744,0.36945446177306274,-0.27479087942291597
commons-scxml,LSZZ,101,0.9,0.05,0.07851622238404735,0.3887489887902246,-0.27479087942291597
commons-scxml,LSZZ,101,0.9,0.1,0.08206591813270699,0.40330716382441617,-0.27479087942291597
commons-scxml,LSZZ,101,0.9,0.25,0.022215187876685565,0.3716780441781094,-0.27479087942291597
commons-scxml,LSZZ,101,0.95,0.0,0.09914281363488672,0.4240237252858221,-0.3024298955627682
commons-scxml,LSZZ,101,0.95,0.05,0.10432048475314963,0.44616809778624217,-0.3024298955627682
commons-scxml,LSZZ,101,0.95,0.1,0.11042711202870881,0.46460490441274305,-0.3024298955627682
commons-scxml,LSZZ,101,0.95,0.25,0.06273563931384385,0.4435633139451652,-0.3024298955627682
commons-scxml,LSZZ,101,0.99,0.0,0.15414398928084894,0.49574531318033765,-0.14160706628871678
commons-scxml,LSZZ,101,0.99,0.05,0.16219406222201513,0.5216353005224443,-0.14160706628871678
commons-scxml,LSZZ,101,0.99,0.1,0.17275976530665643,0.545887514098034,-0.14160706628871678
commons-scxml,LSZZ,101,0.99,0.25,0.15376234414515952,0.5492627923559043,-0.14160706628871678
commons-scxml,LSZZ,101,0.995,0.0,0.16314871934826294,0.4885389057694437,-0.05051873349081251
commons-scxml,LSZZ,101,0.995,0.05,0.1716690586565861,0.5140525430146565,-0.05051873349081251
commons-scxml,LSZZ,101,0.995,0.1,0.1829108856595902,0.5381639793048829,-0.05051873349081251
commons-scxml,LSZZ,101,0.995,0.25,0.16966955241370485,0.5430062839914479,-0.05051873349081251
commons-scxml,LSZZ,101,0.999,0.0,0.17202572576751893,0.47861423603642284,0.03111028517181082
commons-scxml,LSZZ,101,0.999,0.05,0.18100966115576464,0.5036095636437409,0.03111028517181082
commons-scxml,LSZZ,101,0.999,0.1,0.19288206751280434,0.5273704554690593,0.03111028517181082
commons-scxml,LSZZ,101,0.999,0.25,0.18498891439327803,0.5329766738007221,0.03111028517181082
commons-scxml,LSZZ,123,0.9,0.0,0.08063966827753297,0.37810966018844805,-0.25360982929924114
commons-scxml,LSZZ,123,0.9,0.05,0.08485102426107918,0.3978561995019646,-0.25360982929924114
commons-scxml,LSZZ,123,0.9,0.1,0.09074011011234848,0.413388239708566,-0.25360982929924114
commons-scxml,LSZZ,123,0.9,0.25,0.040778653205375895,0.3829017317470158,-0.25360982929924114
commons-scxml,LSZZ,123,0.95,0.0,0.11054090438316301,0.4359098776695544,-0.27443670928250363
commons-scxml,LSZZ,123,0.95,0.05,0.1163138336256106,0.4586749970062623,-0.27443670928250363
commons-scxml,LSZZ,123,0.95,0.1,0.12492048309753577,0.4781870768749313,-0.27443670928250363
commons-scxml,LSZZ,123,0.95,0.25,0.09220360090346716,0.46073213636008575,-0.27443670928250363
commons-scxml,LSZZ,123,0.99,0.0,0.16037290345922853,0.5104060220565049,-0.12722396006646047
commons-scxml,LSZZ,123,0.99,0.05,0.1687482775276989,0.5370616557035565,-0.12722396006646047
commons-scxml,LSZZ,123,0.99,0.1,0.18120330983470972,0.5623568131264516,-0.12722396006646047
commons-scxml,LSZZ,123,0.99,0.25,0.17954243735475905,0.5712677155936008,-0.12722396006646047
commons-scxml,LSZZ,123,0.995,0.0,0.1661418916133109,0.5036773566170661,-0.0366717342688899
commons-scxml,LSZZ,123,0.995,0.05,0.17481854746158823,0.5299815899413617,-0.0366717342688899
commons-scxml,LSZZ,123,0.995,0.1,0.18771494839203726,0.5551398502832146,-0.0366717342688899
commons-scxml,LSZZ,123,0.995,0.25,0.19121412246388422,0.5656786591834356,-0.0366717342688899
commons-scxml,LSZZ,123,0.999,0.0,0.17037421358464222,0.4933690630491545,0.047546262797736945
commons-scxml,LSZZ,123,0.999,0.05,0.1792718997873218,0.5191349522219344,0.047546262797736945
commons-scxml,LSZZ,123,0.999,0.1,0.19249118242211896,0.5439024364847916,0.047546262797736945
commons-scxml,LSZZ,123,0.999,0.25,0.20027838577449475,0.5551236605720161,0.047546262797736945
commons-scxml,LSZZ,202,0.9,0.0,0.10114847733707798,0.35711410069096816,0.025078844236994646
commons-scxml,LSZZ,202,0.9,0.05,0.10643089298137412,0.375764160108098,0.025078844236994646
commons-scxml,LSZZ,202,0.9,0.1,0.11151874404866197,0.38960684458225403,0.025078844236994646
commons-scxml,LSZZ,202,0.9,0.25,0.05411864825296614,0.3525732369863402,0.025078844236994646
commons-scxml,LSZZ,202,0.95,0.0,0.11553983286835816,0.41936067038689795,-0.06054754775858886
commons-scxml,LSZZ,202,0.95,0.05,0.12157382800848518,0.4412615177765426,-0.06054754775858886
commons-scxml,LSZZ,202,0.95,0.1,0.1286311497083179,0.45942796183108026,-0.06054754775858886
commons-scxml,LSZZ,202,0.95,0.25,0.0826124109042743,0.4357982157405438,-0.06054754775858886
commons-scxml,LSZZ,202,0.99,0.0,0.15935208535045242,0.5038795348027751,-0.07743322427078898
commons-scxml,LSZZ,202,0.99,0.05,0.1676741478349055,0.5301943267557248,-0.07743322427078898
commons-scxml,LSZZ,202,0.99,0.1,0.17854181482066528,0.5549181601441687,-0.07743322427078898
commons-scxml,LSZZ,202,0.99,0.25,0.1599409621762283,0.5594701460049955,-0.07743322427078898
commons-scxml,LSZZ,202,0.995,0.0,0.16891234449949402,0.5004868891746749,-0.020081948923889665
commons-scxml,LSZZ,202,0.995,0.05,0.17773368550817167,0.5266245023424044,-0.020081948923889665
commons-scxml,LSZZ,202,0.995,0.1,0.1893096858274876,0.5514286792486498,-0.020081948923889665
commons-scxml,LSZZ,202,0.995,0.25,0.17672727506606423,0.5584067233789048,-0.020081948923889665
commons-scxml,LSZZ,202,0.999,0.0,0.17948816160908626,0.49328566898334913,0.042692874534053196
commons-scxml,LSZZ,202,0.999,0.05,0.18886181801807142,0.519047202953466,0.042692874534053196
commons-scxml,LSZZ,202,0.999,0.1,0.20116689424303416,0.5436587402101365,0.042692874534053196
commons-scxml,LSZZ,202,0.999,0.25,0.1944151778384657,0.5520901251825936,0.042692874534053196
commons-scxml,LSZZ,314,0.9,0.0,0.08467580967203583,0.342607493767929,-0.1604536769552353
commons-scxml,LSZZ,314,0.9,0.05,0.08909795060268377,0.3604999547577434,-0.1604536769552353
commons-scxml,LSZZ,314,0.9,0.1,0.09452161906543657,0.3737834025491046,-0.1604536769552353
commons-scxml,LSZZ,314,0.9,0.25,0.039740309249239464,0.33660703219900245,-0.1604536769552353
commons-scxml,LSZZ,314,0.95,0.0,0.09958926891234793,0.4037594744486849,-0.20556139678756052
commons-scxml,LSZZ,314,0.95,0.05,0.10479025587682257,0.42484555918778444,-0.20556139678756052
commons-scxml,LSZZ,314,0.95,0.1,0.11219796489063272,0.4423507081727919,-0.20556139678756052
commons-scxml,LSZZ,314,0.95,0.25,0.07028205408481596,0.41771358105307327,-0.20556139678756052
commons-scxml,LSZZ,314,0.99,0.0,0.13815255742049903,0.4878178622854931,-0.12687227477924753
commons-scxml,LSZZ,314,0.99,0.05,0.14536748788539935,0.5132938434880238,-0.12687227477924753
commons-scxml,LSZZ,314,0.99,0.1,0.15611200810673317,0.5372130005407808,-0.12687227477924753
commons-scxml,LSZZ,314,0.99,0.25,0.1424826618174026,0.5402319922997477,-0.12687227477924753
commons-scxml,LSZZ,314,0.995,0.0,0.14429000580029272,0.4826606470268049,-0.05129526959467851
commons-scxml,LSZZ,314,0.995,0.05,0.1518254606486639,0.5078672959044137,-0.05129526959467851
commons-scxml,LSZZ,314,0.995,0.1,0.16305066098767923,0.5317493956356792,-0.05129526959467851
commons-scxml,LSZZ,314,0.995,0.25,0.1548056456301347,0.5367077997395377,-0.05129526959467851
commons-scxml,LSZZ,314,0.999,0.0,0.15099462955800605,0.4739658548127612,0.021843102614147868
commons-scxml,LSZZ,314,0.999,0.05,0.15888022916741837,0.49871842363276997,0.021843102614147868
commons-scxml,LSZZ,314,0.999,0.1,0.17058586996314634,0.522309806968467,0.021843102614147868
commons-scxml,LSZZ,314,0.999,0.25,0.16734687710406687,0.5282996594340877,0.021843102614147868
commons-scxml,LSZZ,999,0.9,0.0,0.20192827789574053,0.4628023436511423,0.02532099854350258
commons-scxml,LSZZ,999,0.9,0.05,0.21247385527134013,0.4869719051184167,0.02532099854350258
commons-scxml,LSZZ,999,0.9,0.1,0.22407630130452733,0.5070891543843006,0.02532099854350258
commons-scxml,LSZZ,999,0.9,0.25,0.19415919809669707,0.4965209342358968,0.02532099854350258
commons-scxml,LSZZ,999,0.95,0.0,0.19652948028709427,0.5000891300716951,-0.05409491328593099
commons-scxml,LSZZ,999,0.95,0.05,0.2067931088514106,0.5262059705203136,-0.05409491328593099
commons-scxml,LSZZ,999,0.95,0.1,0.21920128349867185,0.5491765326728089,-0.05409491328593099
commons-scxml,LSZZ,999,0.95,0.25,0.1962628947524451,0.5455802534901937,-0.05409491328593099
commons-scxml,LSZZ,999,0.99,0.0,0.19853499378396455,0.5332375188305302,-0.02006832482000439
commons-scxml,LSZZ,999,0.99,0.05,0.2089033590299356,0.5610855130441168,-0.02006832482000439
commons-scxml,LSZZ,999,0.99,0.1,0.22260393477128843,0.587574665998532,-0.02006832482000439
commons-scxml,LSZZ,999,0.99,0.25,0.21823491364964268,0.6000226897454534,-0.02006832482000439
commons-scxml,LSZZ,999,0.995,0.0,0.19861199300357785,0.5182186619734631,0.03781423680177413
commons-scxml,LSZZ,999,0.995,0.05,0.2089843794853894,0.5452823058289438,0.03781423680177413
commons-scxml,LSZZ,999,0.995,0.1,0.22282755336617951,0.571170072855056,0.03781423680177413
commons-scxml,LSZZ,999,0.995,0.25,0.22236208336102606,0.5833477341134925,0.03781423680177413
commons-scxml,LSZZ,999,0.999,0.0,0.19967301415639807,0.5007441250578833,0.09223822656011417
commons-scxml,LSZZ,999,0.999,0.05,0.2101008118009295,0.5268951722079082,0.09223822656011417
commons-scxml,LSZZ,999,0.999,0.1,0.22410827374717288,0.5519888574856835,0.09223822656011417
commons-scxml,LSZZ,999,0.999,0.25,0.22732116317705262,0.5632409790752021,0.09223822656011417
commons-scxml,RSZZ,7,0.9,0.0,0.08558975618587927,0.4606165926651932,0.022100106805733717
commons-scxml,RSZZ,7,0.9,0.05,0.09005962739868148,0.4846720046612478,0.022100106805733717
commons-scxml,RSZZ,7,0.9,0.1,0.09553628621549944,0.5047975858146388,0.022100106805733717
commons-scxml,RSZZ,7,0.9,0.25,0.037500543990128185,0.48596687857503285,0.022100106805733717
commons-scxml,RSZZ,7,0.95,0.0,0.09485257716884628,0.492693360341246,-0.056793685668695096
commons-scxml,RSZZ,7,0.95,0.05,0.09980619338462743,0.51842396136487,-0.056793685668695096
commons-scxml,RSZZ,7,0.95,0.1,0.10693927038356152,0.5410854712861658,-0.056793685668695096
commons-scxml,RSZZ,7,0.95,0.25,0.060239735457901705,0.5294313908987558,-0.056793685668695096
commons-scxml,RSZZ,7,0.99,0.0,0.11094730496687343,0.49747964985710796,-0.0720242217643869
commons-scxml,RSZZ,7,0.99,0.05,0.11674145822433105,0.5234602118419086,-0.0720242217643869
commons-scxml,RSZZ,7,0.99,0.1,0.12590862579087128,0.5479395565386553,-0.0720242217643869
commons-scxml,RSZZ,7,0.99,0.25,0.10225109918935918,0.5479769625227802,-0.0720242217643869
commons-scxml,RSZZ,7,0.995,0.0,0.11276106722315016,0.4854004809868646,-0.01985091676365889
commons-scxml,RSZZ,7,0.995,0.05,0.11864994307426245,0.5107502159707048,-0.01985091676365889
commons-scxml,RSZZ,7,0.995,0.1,0.12804710468979036,0.5347911704811333,-0.01985091676365889
commons-scxml,RSZZ,7,0.995,0.25,0.1089682103012258,0.5356113677105699,-0.01985091676365889
commons-scxml,RSZZ,7,0.999,0.0,0.11632505472764547,0.47293446066556677,0.026100259334519853
commons-scxml,RSZZ,7,0.999,0.05,0.12240005758576235,0.49763316557460013,0.026100259334519853
commons-scxml,RSZZ,7,0.999,0.1,0.1320955664780113,0.5211647489764796,0.026100259334519853
commons-scxml,RSZZ,7,0.999,0.25,0.11751047920584332,0.5225202486241356,0.026100259334519853
commons-scxml,RSZZ,13,0.9,0.0,0.08704699059564834,0.4745967098637897,-0.1660683165485722
commons-scxml,RSZZ,13,0.9,0.05,0.09159296495944427,0.4993822246922662,-0.1660683165485722
commons-scxml,RSZZ,13,0.9,0.1,0.09586321591123806,0.5200365168067742,-0.1660683165485722
commons-scxml,RSZZ,13,0.9,0.25,0.062001520467555866,0.5191562062431889,-0.1660683165485722
commons-scxml,RSZZ,13,0.95,0.0,0.10040290216225302,0.5130511585217812,-0.15431770722330138
commons-scxml,RSZZ,13,0.95,0.05,0.10564638061173239,0.5398449327579284,-0.15431770722330138
commons-scxml,RSZZ,13,0.95,0.1,0.11182606745500934,0.5634435241685835,-0.15431770722330138
commons-scxml,RSZZ,13,0.95,0.25,0.08339307431983309,0.567613368164637,-0.15431770722330138
commons-scxml,RSZZ,13,0.99,0.0,0.11428127395094888,0.5162559145121343,-0.030533027751816957
commons-scxml,RSZZ,13,0.99,0.05,0.12024954164277793,0.5432170551152824,-0.030533027751816957
commons-scxml,RSZZ,13,0.99,0.1,0.12850401604244088,0.5686584674133347,-0.030533027751816957
commons-scxml,RSZZ,13,0.99,0.25,0.11119931515343784,0.57912806438925,-0.030533027751816957
commons-scxml,RSZZ,13,0.995,0.0,0.11061262897442581,0.49948503411902107,0.016271450415214217
commons-scxml,RSZZ,13,0.995,0.05,0.1163893039885641,0.5255703260362621,0.016271450415214217
commons-scxml,RSZZ,13,0.995,0.1,0.12458510369353434,0.5503164156766586,0.016271450415214217
commons-scxml,RSZZ,13,0.995,0.25,0.10886167121185349,0.5597284782540752,0.016271450415214217
commons-scxml,RSZZ,13,0.999,0.0,0.10853416257291301,0.4817479077909315,0.044147343207170016
commons-scxml,RSZZ,13,0.999,0.05,0.11420229098581176,0.506906889435719,0.044147343207170016
commons-scxml,RSZZ,13,0.999,0.1,0.12239347490491528,0.5308494706414116,0.044147343207170016
commons-scxml,RSZZ,13,0.999,0.25,0.1085112219008088,0.5389828107149565,0.044147343207170016
commons-scxml,RSZZ,21,0.9,0.0,0.10310651195619273,0.49489975982196577,0.02044676523419104
commons-scxml,RSZZ,21,0.9,0.05,0.10849118472759933,0.5207455886714686,0.02044676523419104
commons-scxml,RSZZ,21,0.9,0.1,0.11436397340429463,0.5427238368270105,0.02044676523419104
commons-scxml,RSZZ,21,0.9,0.25,0.07795764883228791,0.5463293944755122,0.02044676523419104
commons-scxml,RSZZ,21,0.95,0.0,0.11508607946574705,0.5236383025703703,-0.058632163014619744
commons-scxml,RSZZ,21,0.95,0.05,0.12109637761966421,0.5509849837490937,-0.058632163014619744
commons-scxml,RSZZ,21,0.95,0.1,0.12878248748476798,0.5753209200999095,-0.058632163014619744
commons-scxml,RSZZ,21,0.95,0.25,0.10149827361773116,0.5835853171328848,-0.058632163014619744
commons-scxml,RSZZ,21,0.99,0.0,0.13002303343139593,0.5209954354262836,-0.047318824747089275
commons-scxml,RSZZ,21,0.99,0.05,0.13681340461640112,0.5482040945297839,-0.047318824747089275
commons-scxml,RSZZ,21,0.99,0.1,0.14654167674721222,0.57398345503545,-0.047318824747089275
commons-scxml,RSZZ,21,0.99,0.25,0.13647247445274224,0.589624082228442,-0.047318824747089275
commons-scxml,RSZZ,21,0.995,0.0,0.1283091899745512,0.5039820815661417,0.006922120011888929
commons-scxml,RSZZ,21,0.995,0.05,0.13501005676239047,0.5303022289593444,0.006922120011888929
commons-scxml,RSZZ,21,0.995,0.1,0.14477709449313775,0.5553645631783564,0.006922120011888929
commons-scxml,RSZZ,21,0.995,0.25,0.13742169078163669,0.5701404809198781,0.006922120011888929
commons-scxml,RSZZ,21,0.999,0.0,0.12731193296010462,0.4856719371696534,0.049477226195396816
commons-scxml,RSZZ,21,0.999,0.05,0.13396071862726674,0.5110358487819952,0.049477226195396816
commons-scxml,RSZZ,21,0.999,0.1,0.14377270605169606,0.5352556529730365,0.049477226195396816
commons-scxml,RSZZ,21,0.999,0.25,0.13898609923398741,0.5487773986263411,0.049477226195396816
commons-scxml,RSZZ,42,0.9,0.0,0.11593859767330471,0.4907960542627567,-0.18325907870634245
commons-scxml,RSZZ,42,0.9,0.05,0.12199341805469587,0.5164275696691287,-0.18325907870634245
commons-scxml,RSZZ,42,0.9,0.1,0.12861020734329243,0.5381678861653582,-0.18325907870634245
commons-scxml,RSZZ,42,0.9,0.25,0.08266633381944904,0.5334813000542352,-0.18325907870634245
commons-scxml,RSZZ,42,0.95,0.0,0.1299456026615402,0.5275924938810742,-0.17622319668802694
commons-scxml,RSZZ,42,0.95,0.05,0.13673193007326476,0.5551456802152889,-0.17622319668802694
commons-scxml,RSZZ,42,0.95,0.1,0.1452795907878526,0.5797108794326095,-0.17622319668802694
commons-scxml,RSZZ,42,0.95,0.25,0.11122553257412754,0.5821799741205657,-0.17622319668802694
commons-scxml,RSZZ,42,0.99,0.0,0.1416087852892769,0.5282541256949052,-0.02684224393651732
commons-scxml,RSZZ,42,0.99,0.05,0.14900421508194708,0.5558418653346778,-0.02684224393651732
commons-scxml,RSZZ,42,0.99,0.1,0.1594042257486148,0.5820420825989809,-0.02684224393651732
commons-scxml,RSZZ,42,0.99,0.25,0.1443168942871642,0.5932422790801459,-0.02684224393651732
commons-scxml,RSZZ,42,0.995,0.0,0.13889906425096038,0.5108427122526575,0.02546509608806641
commons-scxml,RSZZ,42,0.995,0.05,0.14615298056580744,0.5375211517706879,0.02546509608806641
commons-scxml,RSZZ,42,0.995,0.1,0.15653401613878384,0.5629812633691007,0.02546509608806641
commons-scxml,RSZZ,42,0.995,0.25,0.1443618515565375,0.5733746081845339,0.02546509608806641
commons-scxml,RSZZ,42,0.999,0.0,0.13820801117684028,0.4924892313837849,0.05992053663295551
commons-scxml,RSZZ,42,0.999,0.05,0.14542583767930584,0.5182091719009265,0.05992053663295551
commons-scxml,RSZZ,42,0.999,0.1,0.15586957656170466,0.5428242408352558,0.05992053663295551
commons-scxml,RSZZ,42,0.999,0.25,0.1467044317721928,0.5520985443702544,0.05992053663295551
commons-scxml,RSZZ,77,0.9,0.0,0.09166122210708443,0.4872935614039548,0.011484525537398012
commons-scxml,RSZZ,77,0.9,0.05,0.09644817181093605,0.5127421613225367,0.011484525537398012
commons-scxml,RSZZ,77,0.9,0.1,0.10098595456883241,0.5341326132105494,0.011484525537398012
commons-scxml,RSZZ,77,0.9,0.25,0.06474003598634136,0.5348046979903717,0.011484525537398012
commons-scxml,RSZZ,77,0.95,0.0,0.10365268352237555,0.517729661304629,-0.06759218696416534
commons-scxml,RSZZ,77,0.95,0.05,0.10906587976048801,0.5447677674075788,-0.06759218696416534
commons-scxml,RSZZ,77,0.95,0.1,0.11543398798543109,0.5686376170540308,-0.06759218696416534
commons-scxml,RSZZ,77,0.95,0.25,0.08547664349790628,0.5731209403240923,-0.06759218696416534
commons-scxml,RSZZ,77,0.99,0.0,0.12004560206773164,0.5170489708287271,-0.05340598269884171
commons-scxml,RSZZ,77,0.99,0.05,0.12631490817184915,0.5440515282994729,-0.05340598269884171
commons-scxml,RSZZ,77,0.99,0.1,0.13490359664556295,0.5695389217729807,-0.05340598269884171
commons-scxml,RSZZ,77,0.99,0.25,0.1179600875246026,0.5799763130119479,-0.05340598269884171
commons-scxml,RSZZ,77,0.995,0.0,0.11900177495664585,0.5012070834163187,-0.0001205928246445862
commons-scxml,RSZZ,77,0.995,0.05,0.1252165678460645,0.5273823082755847,-0.0001205928246445862
commons-scxml,RSZZ,77,0.995,0.1,0.1338987678044072,0.552228241835291,-0.0001205928246445862
commons-scxml,RSZZ,77,0.995,0.25,0.11929242031509496,0.5618660207433263,-0.0001205928246445862
commons-scxml,RSZZ,77,0.999,0.0,0.1190751077790192,0.48455472495015117,0.040836266131580624
commons-scxml,RSZZ,77,0.999,0.05,0.12529373042898734,0.5098602908566388,0.040836266131580624
commons-scxml,RSZZ,77,0.999,0.1,0.13409607529700054,0.533965610507974,0.040836266131580624
commons-scxml,RSZZ,77,0.999,0.25,0.12193877716462391,0.5426017218658907,0.040836266131580624
commons-scxml,RSZZ,101,0.9,0.0,0.08518170799823803,0.4616091294601714,-0.17826555564172888
commons-scxml,RSZZ,101,0.9,0.05,0.08963026915095065,0.48571637606640855,-0.17826555564172888
commons-scxml,RSZZ,101,0.9,0.1,0.09379237155819475,0.5056176520321449,-0.17826555564172888
commons-scxml,RSZZ,101,0.9,0.25,0.0511491000621659,0.5007204484390284,-0.17826555564172888
commons-scxml,RSZZ,101,0.95,0.0,0.09561074006327043,0.4995423868199038,-0.173295682803219
commons-scxml,RSZZ,101,0.95,0.05,0.10060395085961144,0.5256306739458949,-0.173295682803219
commons-scxml,RSZZ,101,0.95,0.1,0.10650578953287357,0.5484460306873153,-0.173295682803219
commons-scxml,RSZZ,101,0.95,0.25,0.06997287873592892,0.5485954808630846,-0.173295682803219
commons-scxml,RSZZ,101,0.99,0.0,0.11195302438759555,0.5082427737392647,-0.059104332657267916
commons-scxml,RSZZ,101,0.99,0.05,0.11779970070957829,0.5347854331028241,-0.059104332657267916
commons-scxml,RSZZ,101,0.99,0.1,0.12591918387414655,0.5597622458205981,-0.059104332657267916
commons-scxml,RSZZ,101,0.99,0.25,0.10331565452781989,0.5677117083005965,-0.059104332657267916
commons-scxml,RSZZ,101,0.995,0.0,0.11167589723767063,0.4950917999625097,-0.007139853225320923
commons-scxml,RSZZ,101,0.995,0.05,0.11750810076845808,0.5209476579876311,-0.007139853225320923
commons-scxml,RSZZ,101,0.995,0.1,0.1257655484592592,0.5454390291845317,-0.007139853225320923
commons-scxml,RSZZ,101,0.995,0.25,0.10586152987865617,0.5532050506843394,-0.007139853225320923
commons-scxml,RSZZ,101,0.999,0.0,0.11293828347751014,0.4805673029119272,0.031218058111770804
commons-scxml,RSZZ,101,0.999,0.05,0.11883641433610354,0.5056646282090684,0.031218058111770804
commons-scxml,RSZZ,101,0.999,0.1,0.12728294790920272,0.5295387582859458,0.031218058111770804
commons-scxml,RSZZ,101,0.999,0.25,0.11026610288381372,0.5368012544853346,0.031218058111770804
commons-scxml,RSZZ,123,0.9,0.0,0.07002786629892424,0.4647819279403228,0.01136038197802775
commons-scxml,RSZZ,123,0.9,0.05,0.07368502759499956,0.48905487195268016,0.01136038197802775
commons-scxml,RSZZ,123,0.9,0.1,0.07895884424221959,0.5096121451310556,0.01136038197802775
commons-scxml,RSZZ,123,0.9,0.25,0.04494159205616634,0.5072859017884835,0.01136038197802775
commons-scxml,RSZZ,123,0.95,0.0,0.07764154695964022,0.4956220278722706,-0.07113712767707188
commons-scxml,RSZZ,123,0.95,0.05,0.08169632794205857,0.5215055767166639,-0.07113712767707188
commons-scxml,RSZZ,123,0.95,0.1,0.08839548220284923,0.5444797497530488,-0.07113712767707188
commons-scxml,RSZZ,123,0.95,0.25,0.0621092421901893,0.5462375893527848,-0.07113712767707188
commons-scxml,RSZZ,123,0.99,0.0,0.09222753920037119,0.5009306689269533,-0.07768747101055865
commons-scxml,RSZZ,123,0.99,0.05,0.09704406445841766,0.5270914582132739,-0.07768747101055865
commons-scxml,RSZZ,123,0.99,0.1,0.10554804829018238,0.5518372374071127,-0.07768747101055865
commons-scxml,RSZZ,123,0.99,0.25,0.09451151403050073,0.5610474253364767,-0.07768747101055865
commons-scxml,RSZZ,123,0.995,0.0,0.09148446797539947,0.4882969704102412,-0.023565980551365336
commons-scxml,RSZZ,123,0.995,0.05,0.0962621868058362,0.5137979727334068,-0.023565980551365336
commons-scxml,RSZZ,123,0.995,0.1,0.10482997194504987,0.5380644827393108,-0.023565980551365336
commons-scxml,RSZZ,123,0.995,0.25,0.09637332799857219,0.5471517957363159,-0.023565980551365336
commons-scxml,RSZZ,123,0.999,0.0,0.09074516680134279,0.47414570090064373,0.021387433446605614
commons-scxml,RSZZ,123,0.999,0.05,0.09548427609270886,0.49890766206953613,0.021387433446605614
commons-scxml,RSZZ,123,0.999,0.1,0.10408668966678247,0.5225605813648123,0.021387433446605614
commons-scxml,RSZZ,123,0.999,0.25,0.09797291476926434,0.5311497299063316,0.021387433446605614
commons-scxml,RSZZ,202,0.9,0.0,0.0897375915375482,0.4835649248110138,0.020532689877242705
commons-scxml,RSZZ,202,0.9,0.05,0.09442408084415128,0.5088187990274498,0.020532689877242705
commons-scxml,RSZZ,202,0.9,0.1,0.09885033205897992,0.5299930656461415,0.020532689877242705
commons-scxml,RSZZ,202,0.9,0.25,0.0572236114479128,0.5299948422401517,0.020532689877242705
commons-scxml,RSZZ,202,0.95,0.0,0.10161973952057946,0.5144977011527367,-0.057347767200042546
commons-scxml,RSZZ,202,0.95,0.05,0.106926766536161,0.5413670201684503,-0.057347767200042546
commons-scxml,RSZZ,202,0.95,0.1,0.11317700525690648,0.5650494817017256,-0.057347767200042546
commons-scxml,RSZZ,202,0.95,0.25,0.07798487801234097,0.5685358999735284,-0.057347767200042546
commons-scxml,RSZZ,202,0.99,0.0,0.1166182780917751,0.5141182460711566,-0.050453185518465005
commons-scxml,RSZZ,202,0.99,0.05,0.12270859435575561,0.5409677482837703,-0.050453185518465005
commons-scxml,RSZZ,202,0.99,0.1,0.13109856757837854,0.5662852191849841,-0.050453185518465005
commons-scxml,RSZZ,202,0.99,0.25,0.1095359928000593,0.5755456714097856,-0.050453185518465005
commons-scxml,RSZZ,202,0.995,0.0,0.11558801274543024,0.49861411923979787,-0.00043226854829564665
commons-scxml,RSZZ,202,0.995,0.05,0.12162452404935017,0.5246539281749517,-0.00043226854829564665
commons-scxml,RSZZ,202,0.995,0.1,0.13010879506379233,0.5493495224229904,-0.00043226854829564665
commons-scxml,RSZZ,202,0.995,0.25,0.1110776838890023,0.5579014763873902,-0.00043226854829564665
commons-scxml,RSZZ,202,0.999,0.0,0.11609665367248999,0.4825677337198433,0.03766468080820312
commons-scxml,RSZZ,202,0.999,0.05,0.12215972842908035,0.5077695302584038,0.03766468080820312
commons-scxml,RSZZ,202,0.999,0.1,0.13078938339097626,0.5317596447339179,0.03766468080820312
commons-scxml,RSZZ,202,0.999,0.25,0.11447726314378684,0.5394684955625559,0.03766468080820312
commons-scxml,RSZZ,314,0.9,0.0,0.08733203819201,0.483852102539388,0.009746874389439312
commons-scxml,RSZZ,314,0.9,0.05,0.09189289898733742,0.5091209744321606,0.009746874389439312
commons-scxml,RSZZ,314,0.9,0.1,0.09747057481006094,0.5305937437157857,0.009746874389439312
commons-scxml,RSZZ,314,0.9,0.25,0.05725515746046864,0.5307651583506436,0.009746874389439312
commons-scxml,RSZZ,314,0.95,0.0,0.09694617191438357,0.5145809748994407,-0.07315953375522069
commons-scxml,RSZZ,314,0.95,0.05,0.10200912479966089,0.5414546428342276,-0.07315953375522069
commons-scxml,RSZZ,314,0.95,0.1,0.10926358781534168,0.5653851903058756,-0.07315953375522069
commons-scxml,RSZZ,314,0.95,0.25,0.07818503543409039,0.5696553520659838,-0.07315953375522069
commons-scxml,RSZZ,314,0.99,0.0,0.10908560270295618,0.5134996128842265,-0.05705543819471437
commons-scxml,RSZZ,314,0.99,0.05,0.11478252972999643,0.5403168073675421,-0.05705543819471437
commons-scxml,RSZZ,314,0.99,0.1,0.1238417563386856,0.5657249848789665,-0.05705543819471437
commons-scxml,RSZZ,314,0.99,0.25,0.10900859507038643,0.5762225241540359,-0.05705543819471437
commons-scxml,RSZZ,314,0.995,0.0,0.10656325075100352,0.49728909054274484,-0.003728694799177886
commons-scxml,RSZZ,314,0.995,0.05,0.11212844953297081,0.5232597006871436,-0.003728694799177886
commons-scxml,RSZZ,314,0.995,0.1,0.12116626354520307,0.5479899533350084,-0.003728694799177886
commons-scxml,RSZZ,314,0.995,0.25,0.10881233639423075,0.5576458164730062,-0.003728694799177886
commons-scxml,RSZZ,314,0.999,0.0,0.10487246167085483,0.480374293787272,0.035356794585643524
commons-scxml,RSZZ,314,0.999,0.05,0.11034936005598651,0.5054615393042088,0.035356794585643524
commons-scxml,RSZZ,314,0.999,0.1,0.11938085092108457,0.5294244820748625,0.035356794585643524
commons-scxml,RSZZ,314,0.999,0.25,0.10942325733407912,0.5380427186595934,0.035356794585643524
commons-scxml,RSZZ,999,0.9,0.0,0.11865011487371847,0.5053394413334017,0.011484298812923868
commons-scxml,RSZZ,999,0.9,0.05,0.12484654253636915,0.531730475987177,0.011484298812923868
commons-scxml,RSZZ,999,0.9,0.1,0.13162054480660895,0.5543140138519517,0.011484298812923868
commons-scxml,RSZZ,999,0.9,0.25,0.09574812861823805,0.5585602792448913,0.011484298812923868
commons-scxml,RSZZ,999,0.95,0.0,0.12867356543399414,0.53522729302231,-0.06770631326826508
commons-scxml,RSZZ,999,0.95,0.05,0.13539346150114664,0.5631792019422373,-0.06770631326826508
commons-scxml,RSZZ,999,0.95,0.1,0.14386736986584228,0.5881870646016548,-0.06770631326826508
commons-scxml,RSZZ,999,0.95,0.25,0.11610933388940832,0.59625206375475,-0.06770631326826508
commons-scxml,RSZZ,999,0.99,0.0,0.13999650570031716,0.5329163906675705,-0.05036483036973581
commons-scxml,RSZZ,999,0.99,0.05,0.1473077352049759,0.5607476141647165,-0.05036483036973581
commons-scxml,RSZZ,999,0.99,0.1,0.15761426636821868,0.5872181482012869,-0.05036483036973581
commons-scxml,RSZZ,999,0.99,0.25,0.14507976130014735,0.6012201596769774,-0.05036483036973581
commons-scxml,RSZZ,999,0.995,0.0,0.13630150723310863,0.5146321782259244,0.0077453125632724025
commons-scxml,RSZZ,999,0.995,0.05,0.14341976776559204,0.5415085202222493,0.0077453125632724025
commons-scxml,RSZZ,999,0.995,0.1,0.15365019773529126,0.5671883439598295,0.0077453125632724025
commons-scxml,RSZZ,999,0.995,0.25,0.14330687372111597,0.5799043776194696,0.0077453125632724025
commons-scxml,RSZZ,999,0.999,0.0,0.13385342060747288,0.4951726256584293,0.05179388368258562
commons-scxml,RSZZ,999,0.999,0.05,0.14084383135486508,0.5210327047547109,0.05179388368258562
commons-scxml,RSZZ,999,0.999,0.1,0.1510350923377539,0.5458033561115956,0.05179388368258562
commons-scxml,RSZZ,999,0.999,0.25,0.14292198983440368,0.5569358018381235,0.05179388368258562
commons-scxml,RASZZ,7,0.9,0.0,0.01063647066169287,0.2926701852141105,-0.2020358013013041
commons-scxml,RASZZ,7,0.9,0.05,0.011191953655630409,0.307954701656627,-0.2020358013013041
commons-scxml,RASZZ,7,0.9,0.1,0.011808653142777393,0.3249236341968901,-0.2020358013013041
commons-scxml,RASZZ,7,0.9,0.25,-0.017446085167562596,0.33334918891372245,-0.2020358013013041
commons-scxml,RASZZ,7,0.95,0.0,0.03896480873144864,0.3440920823344966,-0.23141989577691024
commons-scxml,RASZZ,7,0.95,0.05,0.040999721373129704,0.36206207502894805,-0.23141989577691024
commons-scxml,RASZZ,7,0.95,0.1,0.043258889693689906,0.38201243426523707,-0.23141989577691024
commons-scxml,RASZZ,7,0.95,0.25,0.020748158658601752,0.4050763280070476,-0.23141989577691024
commons-scxml,RASZZ,7,0.99,0.0,0.09379423140447543,0.40403749218112994,-0.1362857574997122
commons-scxml,RASZZ,7,0.99,0.05,0.09869257617801672,0.4251380962215372,-0.1362857574997122
commons-scxml,RASZZ,7,0.99,0.1,0.1041307385388462,0.4485640729521117,-0.1362857574997122
commons-scxml,RASZZ,7,0.99,0.25,0.09677142874862263,0.49523012092514823,-0.1362857574997122
commons-scxml,RASZZ,7,0.995,0.0,0.09736182021657645,0.3894407441786875,-0.06945228485035128
commons-scxml,RASZZ,7,0.995,0.05,0.10244648007314815,0.4097790422305726,-0.06945228485035128
commons-scxml,RASZZ,7,0.995,0.1,0.10809149019962772,0.4323587037412368,-0.06945228485035128
commons-scxml,RASZZ,7,0.995,0.25,0.1027485178935172,0.4783412485309859,-0.06945228485035128
commons-scxml,RASZZ,7,0.999,0.0,0.10178843762261565,0.3701994678015431,-0.016665302598371543
commons-scxml,RASZZ,7,0.999,0.05,0.10710427479052786,0.3895329022902117,-0.016665302598371543
commons-scxml,RASZZ,7,0.999,0.1,0.11300593891163858,0.41099696017150905,-0.016665302598371543
commons-scxml,RASZZ,7,0.999,0.25,0.10987160137736306,0.4550312872194011,-0.016665302598371543
commons-scxml,RASZZ,13,0.9,0.0,0.07442241586044239,0.3809031035784005,-0.10771174672832097
commons-scxml,RASZZ,13,0.9,0.05,0.07830907974483685,0.4007955287169243,-0.10771174672832097
commons-scxml,RASZZ,13,0.9,0.1,0.08262406985322583,0.4228801802992855,-0.10771174672832097
commons-scxml,RASZZ,13,0.9,0.25,0.06486653844265043,0.4479125466484196,-0.10771174672832097
commons-scxml,RASZZ,13,0.95,0.0,0.1050559163947894,0.4450523692804542,-0.09265865313202735
commons-scxml,RASZZ,13,0.95,0.05,0.11054239558755402,0.46829494949432693,-0.09265865313202735
commons-scxml,RASZZ,13,0.95,0.1,0.11663350718115394,0.4940989569154429,-0.09265865313202735
commons-scxml,RASZZ,13,0.95,0.25,0.10552963145630237,0.5358575703119254,-0.09265865313202735
commons-scxml,RASZZ,13,0.99,0.0,0.15036473871815623,0.4811057369799548,-0.02221928599734385
commons-scxml,RASZZ,13,0.99,0.05,0.1582174426744236,0.5062311816578248,-0.02221928599734385
commons-scxml,RASZZ,13,0.99,0.1,0.16693554665852445,0.5341255528920315,-0.02221928599734385
commons-scxml,RASZZ,13,0.99,0.25,0.16930278132861054,0.5943923995143293,-0.02221928599734385
commons-scxml,RASZZ,13,0.995,0.0,0.15185648913310823,0.4634857066982614,0.025233489532495414
commons-scxml,RASZZ,13,0.995,0.05,0.15978709881704234,0.4876909563710914,0.025233489532495414
commons-scxml,RASZZ,13,0.995,0.1,0.16859169405798138,0.5145637233548046,0.025233489532495414
commons-scxml,RASZZ,13,0.995,0.25,0.1726962718705039,0.5736847481457537,0.025233489532495414
commons-scxml,RASZZ,13,0.999,0.0,0.15353757321183928,0.44121738387662396,0.0639257553011859
commons-scxml,RASZZ,13,0.999,0.05,0.16155597645501077,0.4642596843885559,0.0639257553011859
commons-scxml,RASZZ,13,0.999,0.1,0.17045804046375626,0.48984134046710903,0.0639257553011859
commons-scxml,RASZZ,13,0.999,0.25,0.17633036714707453,0.546546464518172,0.0639257553011859
commons-scxml,RASZZ,21,0.9,0.0,0.05457308091719894,0.349601982461843,-0.10321105170450764
commons-scxml,RASZZ,21,0.9,0.05,0.057423125762004285,0.3678597262267749,-0.10321105170450764
commons-scxml,RASZZ,21,0.9,0.1,0.06058725718154329,0.3881295478760053,-0.10321105170450764
commons-scxml,RASZZ,21,0.9,0.25,0.043091341290526525,0.40871471634634965,-0.10321105170450764
commons-scxml,RASZZ,21,0.95,0.0,0.08219401370942823,0.40343816598884025,-0.08138593699157495
commons-scxml,RASZZ,21,0.95,0.05,0.08648654440605215,0.42450747059560756,-0.08138593699157495
commons-scxml,RASZZ,21,0.95,0.1,0.09125212950597748,0.44789869856720227,-0.08138593699157495
commons-scxml,RASZZ,21,0.95,0.25,0.0781704318966907,0.48240501621559917,-0.08138593699157495
commons-scxml,RASZZ,21,0.99,0.0,0.12296514980020662,0.45430638512083205,0.004726324793099163
commons-scxml,RASZZ,21,0.99,0.05,0.12938692744934702,0.47803225049464726,0.004726324793099163
commons-scxml,RASZZ,21,0.99,0.1,0.13651641120676,0.5043728030729236,0.004726324793099163
commons-scxml,RASZZ,21,0.99,0.25,0.1342682858113167,0.5599142814909804,0.004726324793099163
commons-scxml,RASZZ,21,0.995,0.0,0.12245096527206624,0.4359841345808531,0.03549474995534627
commons-scxml,RASZZ,21,0.995,0.05,0.1288458899574546,0.45875313193807365,0.03549474995534627
commons-scxml,RASZZ,21,0.995,0.1,0.1359455614449062,0.48403136573874306,0.03549474995534627
commons-scxml,RASZZ,21,0.995,0.25,0.1347885006803031,0.5381362742232352,0.03549474995534627
commons-scxml,RASZZ,21,0.999,0.0,0.12317041526266985,0.41335417663247154,0.05283501911767283
commons-scxml,RASZZ,21,0.999,0.05,0.12960291277155203,0.4349413386616334,0.05283501911767283
commons-scxml,RASZZ,21,0.999,0.1,0.13674429776100486,0.45890749405727443,0.05283501911767283
commons-scxml,RASZZ,21,0.999,0.25,0.1369867231036451,0.5104040545339167,0.05283501911767283
commons-scxml,RASZZ,42,0.9,0.0,0.035579861049971594,0.3316928314746208,-0.27402251313027476
commons-scxml,RASZZ,42,0.9,0.05,0.03743799692685598,0.3490152810874153,-0.27402251313027476
commons-scxml,RASZZ,42,0.9,0.1,0.03950090696160111,0.3682467353514158,-0.27402251313027476
commons-scxml,RASZZ,42,0.9,0.25,0.009788718465025563,0.380997089232604,-0.27402251313027476
commons-scxml,RASZZ,42,0.95,0.0,0.06908156596918476,0.3887629780297233,-0.2915749351504336
commons-scxml,RASZZ,42,0.95,0.05,0.07268930732540912,0.40906588017054063,-0.2915749351504336
commons-scxml,RASZZ,42,0.95,0.1,0.0766946365045643,0.43160624499626427,-0.2915749351504336
commons-scxml,RASZZ,42,0.95,0.25,0.054658238179807785,0.4599538226279771,-0.2915749351504336
commons-scxml,RASZZ,42,0.99,0.0,0.13566302478760234,0.4566811824829107,-0.1390114993146537
commons-scxml,RASZZ,42,0.99,0.05,0.14274794097573631,0.4805310701560995,-0.1390114993146537
commons-scxml,RASZZ,42,0.99,0.1,0.1506136438458279,0.507009312797354,-0.1390114993146537
commons-scxml,RASZZ,42,0.99,0.25,0.1478153678391954,0.5615878122025345,-0.1390114993146537
commons-scxml,RASZZ,42,0.995,0.0,0.14371799669088017,0.4460241911006445,-0.05304861290348337
commons-scxml,RASZZ,42,0.995,0.05,0.15122357872309247,0.46931752409816363,-0.05304861290348337
commons-scxml,RASZZ,42,0.995,0.1,0.1595563065302833,0.495177877466838,-0.05304861290348337
commons-scxml,RASZZ,42,0.995,0.25,0.16013343687662712,0.550225796236204,-0.05304861290348337
commons-scxml,RASZZ,42,0.999,0.0,0.15129496232543582,0.43003860853716075,0.021310512488401066
commons-scxml,RASZZ,42,0.999,0.05,0.15919624662482992,0.4524971045342659,0.021310512488401066
commons-scxml,RASZZ,42,0.999,0.1,0.1679682847041573,0.47743061845758256,0.021310512488401066
commons-scxml,RASZZ,42,0.999,0.25,0.17177061081845002,0.5315063621199563,0.021310512488401066
commons-scxml,RASZZ,77,0.9,0.0,0.031058645428788126,0.32620422414606787,-0.2541306255715417
commons-scxml,RASZZ,77,0.9,0.05,0.03268066366201303,0.34324003469141373,-0.2541306255715417
commons-scxml,RASZZ,77,0.9,0.1,0.03448143492502192,0.36215326109277735,-0.2541306255715417
commons-scxml,RASZZ,77,0.9,0.25,0.007048177867111418,0.37498070740530937,-0.2541306255715417
commons-scxml,RASZZ,77,0.95,0.0,0.06312418578708515,0.3834177241415626,-0.2723229247558114
commons-scxml,RASZZ,77,0.95,0.05,0.06642080670826755,0.40344147375823997,-0.2723229247558114
commons-scxml,RASZZ,77,0.95,0.1,0.07008072871055984,0.42567192231226536,-0.2723229247558114
commons-scxml,RASZZ,77,0.95,0.25,0.049620657312696693,0.45367804346006996,-0.2723229247558114
commons-scxml,RASZZ,77,0.99,0.0,0.12756556641533326,0.4530021104745115,-0.13757144284369738
commons-scxml,RASZZ,77,0.99,0.05,0.13422759793025402,0.4766598609248245,-0.13757144284369738
commons-scxml,RASZZ,77,0.99,0.1,0.14162381251008432,0.5029247920370087,-0.13757144284369738
commons-scxml,RASZZ,77,0.99,0.25,0.13890388492484662,0.5569208975070716,-0.13757144284369738
commons-scxml,RASZZ,77,0.995,0.0,0.13526150365735523,0.4431027782558634,-0.05524916994506254
commons-scxml,RASZZ,77,0.995,0.05,0.1423254506568689,0.466243542304042,-0.05524916994506254
commons-scxml,RASZZ,77,0.995,0.1,0.1501678734481658,0.4919345130024279,-0.05524916994506254
commons-scxml,RASZZ,77,0.995,0.25,0.1505696245694999,0.5465075102225563,-0.05524916994506254
commons-scxml,RASZZ,77,0.999,0.0,0.14258777070521844,0.42781760815066944,0.016518142698661142
commons-scxml,RASZZ,77,0.999,0.05,0.1500343273958198,0.4501601137987702,0.016518142698661142
commons-scxml,RASZZ,77,0.999,0.1,0.15830152502783437,0.4749648547631923,0.016518142698661142
commons-scxml,RASZZ,77,0.999,0.25,0.16173063047158004,0.528680096883566,0.016518142698661142
commons-scxml,RASZZ,101,0.9,0.0,0.07952332969044948,0.3687786756620208,0.2761127814877837
commons-scxml,RASZZ,101,0.9,0.05,0.08367638559304548,0.38803791017435074,0.2761127814877837
commons-scxml,RASZZ,101,0.9,0.1,0.08828712520735615,0.4094195909390599,0.2761127814877837
commons-scxml,RASZZ,101,0.9,0.25,0.07166775688265989,0.4317466427599134,0.2761127814877837
commons-scxml,RASZZ,101,0.95,0.0,0.1038804712012169,0.4194193466345869,0.25071941709076695
commons-scxml,RASZZ,101,0.95,0.05,0.10930556350766342,0.4413232583543815,0.25071941709076695
commons-scxml,RASZZ,101,0.95,0.1,0.11532852312951426,0.46564107054941895,0.25071941709076695
commons-scxml,RASZZ,101,0.95,0.25,0.10396237119820569,0.5016802067841023,0.25071941709076695
commons-scxml,RASZZ,101,0.99,0.0,0.14213657104539626,0.4716883776402761,0.1328596618905482
commons-scxml,RASZZ,101,0.99,0.05,0.14955956411739954,0.4963220066466348,0.1328596618905482
commons-scxml,RASZZ,101,0.99,0.1,0.1578006013238685,0.5236703621149187,0.1328596618905482
commons-scxml,RASZZ,101,0.99,0.25,0.15833189109826393,0.5818359203947576,0.1328596618905482
commons-scxml,RASZZ,101,0.995,0.0,0.14201896269506228,0.45471167472363083,0.11466536769736932
commons-scxml,RASZZ,101,0.995,0.05,0.14943581374490109,0.47845870609217633,0.11466536769736932
commons-scxml,RASZZ,101,0.995,0.1,0.1576700320532936,0.5048227572441942,0.11466536769736932
commons-scxml,RASZZ,101,0.995,0.25,0.1595795699531093,0.5619860388462462,0.11466536769736932
commons-scxml,RASZZ,101,0.999,0.0,0.14339916296135904,0.43301846483671524,0.09812848232705057
commons-scxml,RASZZ,101,0.999,0.05,0.1508880941024745,0.4556325819558474,0.09812848232705057
commons-scxml,RASZZ,101,0.999,0.1,0.15920233602240677,0.48073886708402674,0.09812848232705057
commons-scxml,RASZZ,101,0.999,0.25,0.16281248681310084,0.5356145724649605,0.09812848232705057
commons-scxml,RASZZ,123,0.9,0.0,0.032164438668300446,0.324850262988487,-0.10770648530474913
commons-scxml,RASZZ,123,0.9,0.05,0.033844206258327736,0.34181536376351435,-0.10770648530474913
commons-scxml,RASZZ,123,0.9,0.1,0.03570909109297029,0.360650087889259,-0.10770648530474913
commons-scxml,RASZZ,123,0.9,0.25,0.013213151625328538,0.37571242371520835,-0.10770648530474913
commons-scxml,RASZZ,123,0.95,0.0,0.06028374055820893,0.38018347479736897,-0.09234445784484967
commons-scxml,RASZZ,123,0.95,0.05,0.06343202101289296,0.4000383177751813,-0.09234445784484967
commons-scxml,RASZZ,123,0.95,0.1,0.06692725482380747,0.42208124548932385,-0.09234445784484967
commons-scxml,RASZZ,123,0.95,0.25,0.04895673436173164,0.45139876129363743,-0.09234445784484967
commons-scxml,RASZZ,123,0.99,0.0,0.10608396609049692,0.4403702951411683,-0.03034429420966713
commons-scxml,RASZZ,123,0.99,0.05,0.11162413453236039,0.4633683569763937,-0.03034429420966713
commons-scxml,RASZZ,123,0.99,0.1,0.11777485214944963,0.48890089909550116,-0.03034429420966713
commons-scxml,RASZZ,123,0.99,0.25,0.11176004086503707,0.5413328281847622,-0.03034429420966713
commons-scxml,RASZZ,123,0.995,0.0,0.108332494086932,0.42633515020943585,0.004694782752401761
commons-scxml,RASZZ,123,0.995,0.05,0.11399009048992458,0.4486002354234683,0.004694782752401761
commons-scxml,RASZZ,123,0.995,0.1,0.12027117710875716,0.473319023905986,0.004694782752401761
commons-scxml,RASZZ,123,0.995,0.25,0.11596387243345745,0.5252709617280122,0.004694782752401761
commons-scxml,RASZZ,123,0.999,0.0,0.11133482414667396,0.40751204861216483,0.03069459550152472
commons-scxml,RASZZ,123,0.999,0.05,0.11714921534969176,0.42879410917798394,0.03069459550152472
commons-scxml,RASZZ,123,0.999,0.1,0.12360437619549108,0.45242153968370946,0.03069459550152472
commons-scxml,RASZZ,123,0.999,0.25,0.12120593494898398,0.5026145505068411,0.03069459550152472
commons-scxml,RASZZ,202,0.9,0.0,0.07490476621202873,0.3658127490297491,0.2629829505163672
commons-scxml,RASZZ,202,0.9,0.05,0.0788166205403165,0.3849170898881693,0.2629829505163672
commons-scxml,RASZZ,202,0.9,0.1,0.08315957718233394,0.4061268070860888,0.2629829505163672
commons-scxml,RASZZ,202,0.9,0.25,0.06612926775072185,0.4279037736014412,0.2629829505163672
commons-scxml,RASZZ,202,0.95,0.0,0.10140354311307986,0.4168439754527987,0.22892398020453184
commons-scxml,RASZZ,202,0.95,0.05,0.10669927940718657,0.4386133900315715,0.22892398020453184
commons-scxml,RASZZ,202,0.95,0.1,0.11257862745615398,0.46278188295167855,0.22892398020453184
commons-scxml,RASZZ,202,0.95,0.25,0.10127725344889835,0.4984003725047752,0.22892398020453184
commons-scxml,RASZZ,202,0.99,0.0,0.14243346485686198,0.4715565967035448,0.1207720136196176
commons-scxml,RASZZ,202,0.99,0.05,0.14987196302153372,0.4961833435333237,0.1207720136196176
commons-scxml,RASZZ,202,0.99,0.1,0.15813021404516922,0.5235240583810783,0.1207720136196176
commons-scxml,RASZZ,202,0.99,0.25,0.1591308535002565,0.5817126580315712,0.1207720136196176
commons-scxml,RASZZ,202,0.995,0.0,0.14253225530846964,0.4548432379858916,0.10745385874688608
commons-scxml,RASZZ,202,0.995,0.05,0.14997591274237423,0.47859714016310445,0.10745385874688608
commons-scxml,RASZZ,202,0.995,0.1,0.15823989160777036,0.5049688193149491,0.10745385874688608
commons-scxml,RASZZ,202,0.995,0.25,0.16062833176714264,0.5622008228698272,0.10745385874688608
commons-scxml,RASZZ,202,0.999,0.0,0.14391430349023576,0.43320955736343414,0.09449186914113988
commons-scxml,RASZZ,202,0.999,0.05,0.15143013752164075,0.4558336541696484,0.09449186914113988
commons-scxml,RASZZ,202,0.999,0.1,0.15977424714018013,0.4809510187871596,0.09449186914113988
commons-scxml,RASZZ,202,0.999,0.25,0.16383212014555448,0.535899647218624,0.09449186914113988
commons-scxml,RASZZ,314,0.9,0.0,0.026180251925123847,0.3257037847820637,-0.25411175955128923
commons-scxml,RASZZ,314,0.9,0.05,0.027547499124308265,0.34271346019621396,-0.25411175955128923
commons-scxml,RASZZ,314,0.9,0.1,0.02906542254544362,0.36159767126825026,-0.25411175955128923
commons-scxml,RASZZ,314,0.9,0.25,0.0005436531955590592,0.3743134549199705,-0.25411175955128923
commons-scxml,RASZZ,314,0.95,0.0,0.058236254603163014,0.3830990166384267,-0.27138164471526416
commons-scxml,RASZZ,314,0.95,0.05,0.06127760639094908,0.4031061219561008,-0.27138164471526416
commons-scxml,RASZZ,314,0.95,0.1,0.06465412755942995,0.42531809194143705,-0.27138164471526416
commons-scxml,RASZZ,314,0.95,0.25,0.04310341573413385,0.4532531001225554,-0.27138164471526416
commons-scxml,RASZZ,314,0.99,0.0,0.1193943788205865,0.4521365257735713,-0.13158750325758078
commons-scxml,RASZZ,314,0.99,0.05,0.12562967519999818,0.4757490716070073,-0.13158750325758078
commons-scxml,RASZZ,314,0.99,0.1,0.13255212669061034,0.5019638163690261,-0.13158750325758078
commons-scxml,RASZZ,314,0.99,0.25,0.12800896813185095,0.5557667845724846,-0.13158750325758078
commons-scxml,RASZZ,314,0.995,0.0,0.12598865431618472,0.4415836880772718,-0.05105867321450204
commons-scxml,RASZZ,314,0.995,0.05,0.13256833258801642,0.4646451185958141,-0.05105867321450204
commons-scxml,RASZZ,314,0.995,0.1,0.13987311826123366,0.4902480128857875,-0.05105867321450204
commons-scxml,RASZZ,314,0.995,0.25,0.13820582544793925,0.5444820566511009,-0.05105867321450204
commons-scxml,RASZZ,314,0.999,0.0,0.13207528780383634,0.4258174047598427,0.017647071921083005
commons-scxml,RASZZ,314,0.999,0.05,0.1389728366833404,0.44805545104323874,0.017647071921083005
commons-scxml,RASZZ,314,0.999,0.1,0.14663052360262646,0.4727442207946009,0.017647071921083005
commons-scxml,RASZZ,314,0.999,0.25,0.1477139866030706,0.5260131590291304,0.017647071921083005
commons-scxml,RASZZ,999,0.9,0.0,0.01308743457437254,0.2905268067952259,-0.2044804033636662
commons-scxml,RASZZ,999,0.9,0.05,0.013770917617908439,0.30569938664720103,-0.2044804033636662
commons-scxml,RASZZ,999,0.9,0.1,0.014529723282568695,0.32254404672776105,-0.2044804033636662
commons-scxml,RASZZ,999,0.9,0.25,-0.014178133283989706,0.3304913510218763,-0.2044804033636662
commons-scxml,RASZZ,999,0.95,0.0,0.044091349296780866,0.34204136901204196,-0.23872555375875268
commons-scxml,RASZZ,999,0.95,0.05,0.046393992296806165,0.3599042644923614,-0.23872555375875268
commons-scxml,RASZZ,999,0.95,0.1,0.04895039595397713,0.3797357239643895,-0.23872555375875268
commons-scxml,RASZZ,999,0.95,0.25,0.02758354607904473,0.4023420435771081,-0.23872555375875268
commons-scxml,RASZZ,999,0.99,0.0,0.10022586030817733,0.4034323663812207,-0.14557963740333665
commons-scxml,RASZZ,999,0.99,0.05,0.10546009285812084,0.42450136810712574,-0.14557963740333665
commons-scxml,RASZZ,999,0.99,0.1,0.1112711591992826,0.4478922598191511,-0.14557963740333665
commons-scxml,RASZZ,999,0.99,0.25,0.10534693395355849,0.4944232865252692,-0.14557963740333665
commons-scxml,RASZZ,999,0.995,0.0,0.10429252331315565,0.38961817505931373,-0.07594160068574903
commons-scxml,RASZZ,999,0.995,0.05,0.10973913478212122,0.40996573932740166,-0.07594160068574903
commons-scxml,RASZZ,999,0.995,0.1,0.11578598506603402,0.43255568822911566,-0.07594160068574903
commons-scxml,RASZZ,999,0.995,0.25,0.11198945535562281,0.4785778230384875,-0.07594160068574903
commons-scxml,RASZZ,999,0.999,0.0,0.10928848022397869,0.3709221415636993,-0.020123864008508303
commons-scxml,RASZZ,999,0.999,0.05,0.11499600240202013,0.39029331723530447,-0.020123864008508303
commons-scxml,RASZZ,999,0.999,0.1,0.12133251682009062,0.41179927553194373,-0.020123864008508303
commons-scxml,RASZZ,999,0.999,0.25,0.11987165817918041,0.45599485223560937,-0.020123864008508303
commons-validator,oracle,7,0.9,0.0,0.07788041136650732,0.34668998885168106,-0.05353134182105683
commons-validator,oracle,7,0.9,0.05,0.08211470608461427,0.36435960164025527,-0.05353134182105683
commons-validator,oracle,7,0.9,0.1,0.09116168606404855,0.38463935683359046,-0.05353134182105683
commons-validator,oracle,7,0.9,0.25,0.11766322291937105,0.424888165310965,-0.05353134182105683
commons-validator,oracle,7,0.95,0.0,0.08129919677862932,0.3809950057534983,-0.06198667304782105
commons-validator,oracle,7,0.95,0.05,0.0856612998857656,0.4004130288938348,-0.06198667304782105
commons-validator,oracle,7,0.95,0.1,0.09573743185563005,0.42269946834989236,-0.06198667304782105
commons-validator,oracle,7,0.95,0.25,0.12741156227140954,0.46164207444539085,-0.06198667304782105
commons-validator,oracle,7,0.99,0.0,0.0716579174656386,0.4465889025927876,0.13132021097364643
commons-validator,oracle,7,0.99,0.05,0.07547851709383463,0.469350024166058,0.13132021097364643
commons-validator,oracle,7,0.99,0.1,0.0848362439098294,0.4954734021344842,0.13132021097364643
commons-validator,oracle,7,0.99,0.25,0.114468188445768,0.5398945352204775,0.13132021097364643
commons-validator,oracle,7,0.995,0.0,0.047005729416062285,0.43871972717541646,0.15653215776685336
commons-validator,oracle,7,0.995,0.05,0.0495634020865269,0.4610797835692426,0.15653215776685336
commons-validator,oracle,7,0.995,0.1,0.05738430198819919,0.48674285130036926,0.15653215776685336
commons-validator,oracle,7,0.995,0.25,0.08150056180930905,0.5297628590868034,0.15653215776685336
commons-validator,oracle,7,0.999,0.0,0.015305542184844815,0.4192413419557273,0.12109348067930278
commons-validator,oracle,7,0.999,0.05,0.016242389548713217,0.4406086511239454,0.12109348067930278
commons-validator,oracle,7,0.999,0.1,0.02212167489957338,0.46513232372824664,0.12109348067930278
commons-validator,oracle,7,0.999,0.25,0.039209618656426665,0.5046741753841573,0.12109348067930278
commons-validator,oracle,13,0.9,0.0,0.01783516815279582,0.2933150785263166,-0.049113540555259606
commons-validator,oracle,13,0.9,0.05,0.019009160492699552,0.3082643531788002,-0.049113540555259606
commons-validator,oracle,13,0.9,0.1,0.024023398761142012,0.3254219238566556,-0.049113540555259606
commons-validator,oracle,13,0.9,0.25,0.03755801885292818,0.35400017361410757,-0.049113540555259606
commons-validator,oracle,13,0.95,0.0,0.02429933520463335,0.3323423886074295,-0.060448612714643885
commons-validator,oracle,13,0.95,0.05,0.0257563487060651,0.3492807528774039,-0.060448612714643885
commons-validator,oracle,13,0.95,0.1,0.031893885770501666,0.3687212400505433,-0.060448612714643885
commons-validator,oracle,13,0.95,0.25,0.05086122129093865,0.39702263935095367,-0.060448612714643885
commons-validator,oracle,13,0.99,0.0,0.02483237356471537,0.40826401517597016,0.06965497531119316
commons-validator,oracle,13,0.99,0.05,0.026266434048576134,0.42907184723239045,0.06965497531119316
commons-validator,oracle,13,0.99,0.1,0.0324082842213622,0.4529533971711135,0.06965497531119316
commons-validator,oracle,13,0.99,0.25,0.0505687282769715,0.4881125993113348,0.06965497531119316
commons-validator,oracle,13,0.995,0.0,0.011565230827465767,0.40731502539685666,0.08329159634544783
commons-validator,oracle,13,0.995,0.05,0.012316621496051134,0.4280744906631288,0.08329159634544783
commons-validator,oracle,13,0.995,0.1,0.01761367060363164,0.45190052910449036,0.08329159634544783
commons-validator,oracle,13,0.995,0.25,0.03266738504087925,0.48710030747847066,0.08329159634544783
commons-validator,oracle,13,0.999,0.0,-0.006796534957832986,0.39619528806383125,0.06053782356923394
commons-validator,oracle,13,0.999,0.05,-0.006986155497545702,0.4163880180354501,0.06053782356923394
commons-validator,oracle,13,0.999,0.1,-0.00282889068881764,0.4395636034548628,0.06053782356923394
commons-validator,oracle,13,0.999,0.25,0.008078442296650912,0.47309498958383717,0.06053782356923394
commons-validator,oracle,21,0.9,0.0,0.004304532934793065,0.2819137840831438,-0.04911354325363292
commons-validator,oracle,21,0.9,0.05,0.004788914692408434,0.2962819734300879,-0.04911354325363292
commons-validator,oracle,21,0.9,0.1,0.009011673602764196,0.31277262130189243,-0.04911354325363292
commons-validator,oracle,21,0.9,0.25,0.018223160249336658,0.3375731599301555,-0.04911354325363292
commons-validator,oracle,21,0.95,0.0,0.010015223446631149,0.3218084923304398,-0.06048720556450377
commons-validator,oracle,21,0.95,0.05,0.010744224222259626,0.3382099796372636,-0.06048720556450377
commons-validator,oracle,21,0.95,0.1,0.01604620704826547,0.35703428277106314,-0.06048720556450377
commons-validator,oracle,21,0.95,0.25,0.03069716775048756,0.3815368156660182,-0.06048720556450377
commons-validator,oracle,21,0.99,0.0,0.011280229692841055,0.3967952146505972,0.05401874426285322
commons-validator,oracle,21,0.99,0.05,0.012023583371281165,0.41701852084544305,0.05401874426285322
commons-validator,oracle,21,0.99,0.1,0.017372696029561024,0.4402291991856347,0.05401874426285322
commons-validator,oracle,21,0.99,0.25,0.03199466707945141,0.4721236627528416,0.05401874426285322
commons-validator,oracle,21,0.995,0.0,0.00029415883283628744,0.3970520635367807,0.06289456963655156
commons-validator,oracle,21,0.995,0.05,0.0004711011923807714,0.4172884604481456,0.06289456963655156
commons-validator,oracle,21,0.995,0.1,0.005108844902725464,0.4405141632560202,0.06289456963655156
commons-validator,oracle,21,0.995,0.25,0.017220593318912146,0.47285849941189256,0.06289456963655156
commons-validator,oracle,21,0.999,0.0,-0.014778994257511542,0.38800288588615434,0.04165690022162148
commons-validator,oracle,21,0.999,0.05,-0.015375453671900314,0.4077780769067141,0.04165690022162148
commons-validator,oracle,21,0.999,0.1,-0.011685125681781976,0.4304744448235998,0.04165690022162148
commons-validator,oracle,21,0.999,0.25,-0.0029206302023329586,0.4617175293327754,0.04165690022162148
commons-validator,oracle,42,0.9,0.0,0.03510088505781009,0.34633772441905025,-0.023862730320131552
commons-validator,oracle,42,0.9,0.05,0.037154852424507175,0.3639893834843445,-0.023862730320131552
commons-validator,oracle,42,0.9,0.1,0.04385827184567279,0.38424853284339894,-0.023862730320131552
commons-validator,oracle,42,0.9,0.25,0.06128141356865689,0.4245482591987641,-0.023862730320131552
commons-validator,oracle,42,0.95,0.0,0.04058989092496686,0.37248644790119384,0.01382166327371642
commons-validator,oracle,42,0.95,0.05,0.04287717879527325,0.39147081870810885,0.01382166327371642
commons-validator,oracle,42,0.95,0.1,0.05074722899945303,0.41325954702210377,0.01382166327371642
commons-validator,oracle,42,0.95,0.25,0.0742732146581662,0.4508987107511252,0.01382166327371642
commons-validator,oracle,42,0.99,0.0,0.02704536974869146,0.4151762183891815,0.13685274587361568
commons-validator,oracle,42,0.99,0.05,0.028592219141753125,0.43633634199776905,0.13685274587361568
commons-validator,oracle,42,0.99,0.1,0.03546621184606367,0.4606222237416151,0.13685274587361568
commons-validator,oracle,42,0.99,0.25,0.056360048360856826,0.4990793269818145,0.13685274587361568
commons-validator,oracle,42,0.995,0.0,0.010301609582152487,0.408884075816317,0.12208692169913242
commons-validator,oracle,42,0.995,0.05,0.010988597761960896,0.42972351026038236,0.12208692169913242
commons-validator,oracle,42,0.995,0.1,0.016779747011039438,0.45364133086856695,0.12208692169913242
commons-validator,oracle,42,0.995,0.25,0.033896795787540714,0.4910065049072998,0.12208692169913242
commons-validator,oracle,42,0.999,0.0,-0.010739447272669931,0.3941246095672299,0.07917525310522314
commons-validator,oracle,42,0.999,0.05,-0.01113002467904393,0.41421180407944375,0.07917525310522314
commons-validator,oracle,42,0.999,0.1,-0.006663946545862811,0.43726626441781724,0.07917525310522314
commons-validator,oracle,42,0.999,0.25,0.00576751048727153,0.47214739693498026,0.07917525310522314
commons-validator,oracle,77,0.9,0.0,0.07304603738531226,0.3432710381264009,-0.047819273307790955
commons-validator,oracle,77,0.9,0.05,0.07703394045938643,0.3607663985933001,-0.047819273307790955
commons-validator,oracle,77,0.9,0.1,0.08561626171121235,0.38084616103819624,-0.047819273307790955
commons-validator,oracle,77,0.9,0.25,0.1127601853116214,0.42311328020175115,-0.047819273307790955
commons-validator,oracle,77,0.95,0.0,0.07726486224969796,0.3779124673020177,-0.054382278042634825
commons-validator,oracle,77,0.95,0.05,0.08142134901001703,0.39717338391319257,-0.054382278042634825
commons-validator,oracle,77,0.95,0.1,0.09105694575609441,0.4192795091773778,-0.054382278042634825
commons-validator,oracle,77,0.95,0.25,0.1234251798839334,0.45991497400244374,-0.054382278042634825
commons-validator,oracle,77,0.99,0.0,0.06934468542561924,0.44483219939803365,0.13508207050688795
commons-validator,oracle,77,0.99,0.05,0.07304738746302344,0.46750378776805634,0.13508207050688795
commons-validator,oracle,77,0.99,0.1,0.08211361315325366,0.4935244067532914,0.13508207050688795
commons-validator,oracle,77,0.99,0.25,0.11174435814068366,0.5383919550366225,0.13508207050688795
commons-validator,oracle,77,0.995,0.0,0.045429800084966325,0.43734275020441216,0.15682910607375142
commons-validator,oracle,77,0.995,0.05,0.047907152982844314,0.4596326267526158,0.15682910607375142
commons-validator,oracle,77,0.995,0.1,0.05548880949859292,0.4852151477221493,0.15682910607375142
commons-validator,oracle,77,0.995,0.25,0.07961343482018622,0.5285383018930184,0.15682910607375142
commons-validator,oracle,77,0.999,0.0,0.014389117217577633,0.4182168826526169,0.12010421168646258
commons-validator,oracle,77,0.999,0.05,0.015279257509300601,0.43953197860503496,0.12010421168646258
commons-validator,oracle,77,0.999,0.1,0.020965366809938837,0.46399572509511117,0.12010421168646258
commons-validator,oracle,77,0.999,0.25,0.03809283375608415,0.5037549118790762,0.12010421168646258
commons-validator,oracle,101,0.9,0.0,0.0031336956484658554,0.2817044851896555,-0.04911354325363292
commons-validator,oracle,101,0.9,0.05,0.0035584038009784324,0.29606200728192267,-0.04911354325363292
commons-validator,oracle,101,0.9,0.1,0.0077126741645013545,0.3125404121399146,-0.04911354325363292
commons-validator,oracle,101,0.9,0.25,0.018339377957824882,0.33864979217748176,-0.04911354325363292
commons-validator,oracle,101,0.95,0.0,0.008888012574070904,0.3209656029758579,-0.0604872055617169
commons-validator,oracle,101,0.95,0.05,0.009559563234929179,0.3373241310712882,-0.0604872055617169
commons-validator,oracle,101,0.95,0.1,0.01479560945681644,0.35609912909009833,-0.0604872055617169
commons-validator,oracle,101,0.95,0.25,0.030940950119426325,0.3822927785578832,-0.0604872055617169
commons-validator,oracle,101,0.99,0.0,0.010441149604549083,0.3957633609475801,0.05403368060058202
commons-validator,oracle,101,0.99,0.05,0.011141738216977833,0.4159340770591439,0.05403368060058202
commons-validator,oracle,101,0.99,0.1,0.01644176858466567,0.43908439674703686,0.05403368060058202
commons-validator,oracle,101,0.99,0.25,0.03200668088151802,0.47201073473433164,0.05403368060058202
commons-validator,oracle,101,0.995,0.0,-0.0008137950759623625,0.39584121149154483,0.06278300296457702
commons-validator,oracle,101,0.995,0.05,-0.00069332136906314,0.4160158953812721,0.06278300296457702
commons-validator,oracle,101,0.995,0.1,0.0038796121801622195,0.43917076896464535,0.06278300296457702
commons-validator,oracle,101,0.995,0.25,0.016752884079295222,0.4723211307271467,0.06278300296457702
commons-validator,oracle,101,0.999,0.0,-0.01630640174303807,0.3864446859884563,0.040967637248100694
commons-validator,oracle,101,0.999,0.05,-0.01698070793612679,0.40614046084551303,0.040967637248100694
commons-validator,oracle,101,0.999,0.1,-0.013379726194481165,0.42874568130073637,0.040967637248100694
commons-validator,oracle,101,0.999,0.25,-0.00404549333882331,0.460565667156618,0.040967637248100694
commons-validator,oracle,123,0.9,0.0,0.005557888739803909,0.28237036565046847,-0.04911354321684031
commons-validator,oracle,123,0.9,0.05,0.0061061497915235186,0.2967618254112129,-0.04911354321684031
commons-validator,oracle,123,0.9,0.1,0.010402224199047102,0.3132791811854919,-0.04911354321684031
commons-validator,oracle,123,0.9,0.25,0.020589827890092963,0.33918835283850457,-0.04911354321684031
commons-validator,oracle,123,0.95,0.0,0.01175183176288428,0.32227542080815846,-0.06048642803798937
commons-validator,oracle,123,0.95,0.05,0.012569341573963265,0.3387007058757096,-0.06048642803798937
commons-validator,oracle,123,0.95,0.1,0.017972907926037954,0.3575523221582166,-0.06048642803798937
commons-validator,oracle,123,0.95,0.25,0.03340749649953883,0.38301725377857737,-0.06048642803798937
commons-validator,oracle,123,0.99,0.0,0.013944599380871574,0.3984295486045194,0.05530930164949763
commons-validator,oracle,123,0.99,0.05,0.014823746944993393,0.4187361512574738,0.05530930164949763
commons-validator,oracle,123,0.99,0.1,0.020328712863405655,0.4420424305482422,0.05530930164949763
commons-validator,oracle,123,0.99,0.25,0.03548048416347735,0.47443351667994343,0.05530930164949763
commons-validator,oracle,123,0.995,0.0,0.002766994423460646,0.39878280548560424,0.06526734365028637
commons-validator,oracle,123,0.995,0.05,0.003069968825409541,0.41910741244356997,0.06526734365028637
commons-validator,oracle,123,0.995,0.1,0.007852361940189966,0.44243435562224737,0.06526734365028637
commons-validator,oracle,123,0.995,0.25,0.020409558582036212,0.47522130256748885,0.06526734365028637
commons-validator,oracle,123,0.999,0.0,-0.012730400211617579,0.3896410011701318,0.04447552073501466
commons-validator,oracle,123,0.999,0.05,-0.013222449736145326,0.40949968137036685,0.04447552073501466
commons-validator,oracle,123,0.999,0.1,-0.009412288502849522,0.4322918714280868,0.04447552073501466
commons-validator,oracle,123,0.999,0.25,-0.0003235441484730814,0.46390929387896923,0.04447552073501466
commons-validator,oracle,202,0.9,0.0,0.00501165872523303,0.2831751036764056,-0.04911354321684031
commons-validator,oracle,202,0.9,0.05,0.005532080285876096,0.2976075782047285,-0.04911354321684031
commons-validator,oracle,202,0.9,0.1,0.009942063528605608,0.3141720074183497,-0.04911354321684031
commons-validator,oracle,202,0.9,0.25,0.020085462006060067,0.34027375979875657,-0.04911354321684031
commons-validator,oracle,202,0.95,0.0,0.010864408050527564,0.3226971670392033,-0.06048642815417541
commons-validator,oracle,202,0.95,0.05,0.011636688885054099,0.3391439470816231,-0.06048642815417541
commons-validator,oracle,202,0.95,0.1,0.017167148502703684,0.3580202335611198,-0.06048642815417541
commons-validator,oracle,202,0.95,0.25,0.03267116331219196,0.3837278305794774,-0.06048642815417541
commons-validator,oracle,202,0.99,0.0,0.012205929757722033,0.39736984065782976,0.05506060426453983
commons-validator,oracle,202,0.99,0.05,0.012996463228572603,0.41762243359118134,0.05506060426453983
commons-validator,oracle,202,0.99,0.1,0.018543018816332028,0.4408667248856812,0.05506060426453983
commons-validator,oracle,202,0.99,0.25,0.03385796080754775,0.4734645659222537,0.05506060426453983
commons-validator,oracle,202,0.995,0.0,0.0008513594574329909,0.3974031080409124,0.06438583174814887
commons-validator,oracle,202,0.995,0.05,0.0010567004428356736,0.41765739649993955,0.06438583174814887
commons-validator,oracle,202,0.995,0.1,0.005862419805904111,0.4409036337819399,0.06438583174814887
commons-validator,oracle,202,0.995,0.25,0.018566133513676086,0.47383363293740643,0.06438583174814887
commons-validator,oracle,202,0.999,0.0,-0.014767101523134558,0.38799260749780184,0.04279886888445572
commons-validator,oracle,202,0.999,0.05,-0.015362954805191287,0.40776727466377055,0.04279886888445572
commons-validator,oracle,202,0.999,0.1,-0.011543150718661556,0.43046304134264474,0.04279886888445572
commons-validator,oracle,202,0.999,0.25,-0.0023223524818887344,0.4621580484884706,0.04279886888445572
commons-validator,oracle,314,0.9,0.0,0.08114073436008204,0.3505956452374115,-0.05353134182093731
commons-validator,oracle,314,0.9,0.05,0.08554119668243094,0.3684643160843094,-0.05353134182093731
commons-validator,oracle,314,0.9,0.1,0.0947788904242669,0.3889725340481857,-0.05353134182093731
commons-validator,oracle,314,0.9,0.25,0.12101609857829902,0.4275321493673214,-0.05353134182093731
commons-validator,oracle,314,0.95,0.0,0.08542775548011178,0.384450901424822,-0.06198663015252685
commons-validator,oracle,314,0.95,0.05,0.09000027722053978,0.40404505984541933,-0.06198663015252685
commons-validator,oracle,314,0.95,0.1,0.10031791071182025,0.4265336531577803,-0.06198663015252685
commons-validator,oracle,314,0.95,0.25,0.13191374846897105,0.46436113831013803,-0.06198663015252685
commons-validator,oracle,314,0.99,0.0,0.07753311560827277,0.45075848019120246,0.13275166027900068
commons-validator,oracle,314,0.99,0.05,0.08165315415762239,0.47373211099180856,0.13275166027900068
commons-validator,oracle,314,0.99,0.1,0.0913545527953493,0.5000993898967331,0.13275166027900068
commons-validator,oracle,314,0.99,0.25,0.1218644847250361,0.5448052069549325,0.13275166027900068
commons-validator,oracle,314,0.995,0.0,0.05285346221426135,0.4432621644931103,0.16061104912944563
commons-validator,oracle,314,0.995,0.05,0.055709173990433826,0.46585373350945514,0.16061104912944563
commons-validator,oracle,314,0.995,0.1,0.06387213911866867,0.49178251274003704,0.16061104912944563
commons-validator,oracle,314,0.995,0.25,0.08893616791656012,0.5353161957408967,0.16061104912944563
commons-validator,oracle,314,0.999,0.0,0.02052497432187137,0.42386907040091776,0.12720190364589395
commons-validator,oracle,314,0.999,0.05,0.02172783843789052,0.4454722391911227,0.12720190364589395
commons-validator,oracle,314,0.999,0.1,0.02791243634287929,0.4702666124299607,0.12720190364589395
commons-validator,oracle,314,0.999,0.25,0.045864392991515936,0.5104444242894972,0.12720190364589395
commons-validator,oracle,999,0.9,0.0,0.07941524755474774,0.34756805637901356,-0.047818920863531754
commons-validator,oracle,999,0.9,0.05,0.08372776766733445,0.365282421291125,-0.047818920863531754
commons-validator,oracle,999,0.9,0.1,0.09234415475811278,0.3856135393592766,-0.047818920863531754
commons-validator,oracle,999,0.9,0.25,0.11895664430732328,0.4260218028511325,-0.047818920863531754
commons-validator,oracle,999,0.95,0.0,0.0840088354774648,0.38230370888470966,-0.054312227048035074
commons-validator,oracle,999,0.95,0.05,0.08850903967821483,0.4017884321846333,-0.054312227048035074
commons-validator,oracle,999,0.95,0.1,0.09813930536818852,0.42415142469954803,-0.054312227048035074
commons-validator,oracle,999,0.95,0.25,0.12964288229312268,0.46296584235269234,-0.054312227048035074
commons-validator,oracle,999,0.99,0.0,0.07776357435090918,0.4508428807005228,0.13964775963966172
commons-validator,oracle,999,0.99,0.05,0.08189535860067437,0.4738208131088096,0.13964775963966172
commons-validator,oracle,999,0.99,0.1,0.09113343834036758,0.500193029051786,0.13964775963966172
commons-validator,oracle,999,0.99,0.25,0.12047769358905078,0.5442401371552443,0.13964775963966172
commons-validator,oracle,999,0.995,0.0,0.054109237573854184,0.44409311835983506,0.16393389422596122
commons-validator,oracle,999,0.995,0.05,0.05702895196062104,0.46672703827624146,0.16393389422596122
commons-validator,oracle,999,0.995,0.1,0.06481462799572862,0.4927044244511714,0.16393389422596122
commons-validator,oracle,999,0.995,0.25,0.08878965079570067,0.5355677771750391,0.16393389422596122
commons-validator,oracle,999,0.999,0.0,0.023069948278038634,0.42574852273666663,0.1291992259175554
commons-validator,oracle,999,0.999,0.05,0.024402521084266653,0.447447480837481,0.1291992259175554
commons-validator,oracle,999,0.999,0.1,0.03030683653762249,0.4723517933145207,0.1291992259175554
commons-validator,oracle,999,0.999,0.25,0.047357098160690426,0.5119990442058909,0.1291992259175554
commons-validator,BSZZ,7,0.9,0.0,0.04141612892990487,0.40103409650341754,-0.04970717660096456
commons-validator,BSZZ,7,0.9,0.05,0.04228739237941292,0.41683807626684294,-0.04970717660096456
commons-validator,BSZZ,7,0.9,0.1,0.042248661094254375,0.4117422476164866,-0.04970717660096456
commons-validator,BSZZ,7,0.9,0.25,0.06765356181866573,0.4607824139847662,-0.04970717660096456
commons-validator,BSZZ,7,0.95,0.0,0.03066538381883519,0.43164306854540674,-0.01536352301013476
commons-validator,BSZZ,7,0.95,0.05,0.030605205098342393,0.4471434341437634,-0.01536352301013476
commons-validator,BSZZ,7,0.95,0.1,0.028922543832225426,0.4460460650337809,-0.01536352301013476
commons-validator,BSZZ,7,0.95,0.25,0.05433729210583634,0.491582931839292,-0.01536352301013476
commons-validator,BSZZ,7,0.99,0.0,0.005119775755876434,0.46134335396767334,0.09846286194167657
commons-validator,BSZZ,7,0.99,0.05,0.0034869645750718738,0.4767338232275262,0.09846286194167657
commons-validator,BSZZ,7,0.99,0.1,-0.00020764607995683645,0.4791457518825109,0.09846286194167657
commons-validator,BSZZ,7,0.99,0.25,0.011136036765803076,0.4982469716563191,0.09846286194167657
commons-validator,BSZZ,7,0.995,0.0,-0.006833497857271209,0.45387612321706033,0.06445268767863473
commons-validator,BSZZ,7,0.995,0.05,-0.009104550238650441,0.46868116063753745,0.06445268767863473
commons-validator,BSZZ,7,0.995,0.1,-0.01354352966397697,0.47079090627494,0.06445268767863473
commons-validator,BSZZ,7,0.995,0.25,-0.007214857378873023,0.4830052492971632,0.06445268767863473
commons-validator,BSZZ,7,0.999,0.0,-0.016938063116449728,0.4453888039632149,0.019879130823448162
commons-validator,BSZZ,7,0.999,0.05,-0.01974637868864868,0.45959762695404627,0.019879130823448162
commons-validator,BSZZ,7,0.999,0.1,-0.024810950143479497,0.46129468521182454,0.019879130823448162
commons-validator,BSZZ,7,0.999,0.25,-0.022784655266276,0.46774692958369196,0.019879130823448162
commons-validator,BSZZ,13,0.9,0.0,0.042609247374001444,0.3998988973535941,-0.050318617188392374
commons-validator,BSZZ,13,0.9,0.05,0.04354132002364797,0.41564501986685265,-0.050318617188392374
commons-validator,BSZZ,13,0.9,0.1,0.0436276267195196,0.4110556113513946,-0.050318617188392374
commons-validator,BSZZ,13,0.9,0.25,0.07076759043500365,0.46207817632292575,-0.050318617188392374
commons-validator,BSZZ,13,0.95,0.0,0.03374841604032272,0.4326027645421151,-0.017808358066297384
commons-validator,BSZZ,13,0.95,0.05,0.03384536901477392,0.44815204259021624,-0.017808358066297384
commons-validator,BSZZ,13,0.95,0.1,0.03240399391240108,0.4474758267269573,-0.017808358066297384
commons-validator,BSZZ,13,0.95,0.25,0.06040353122226677,0.4954962418367658,-0.017808358066297384
commons-validator,BSZZ,13,0.99,0.0,0.01146664523716644,0.4659431523566174,0.09968209843619542
commons-validator,BSZZ,13,0.99,0.05,0.010157312465777375,0.48156805773822664,0.09968209843619542
commons-validator,BSZZ,13,0.99,0.1,0.006874286768952651,0.4844481137179158,0.09968209843619542
commons-validator,BSZZ,13,0.99,0.25,0.021719400646670266,0.5077076408539214,0.09968209843619542
commons-validator,BSZZ,13,0.995,0.0,-0.0007271667769312063,0.458449393349198,0.07036414483976564
commons-validator,BSZZ,13,0.995,0.05,-0.0026870001753054045,0.47348751483616386,0.07036414483976564
commons-validator,BSZZ,13,0.995,0.1,-0.006731855266762188,0.4760448391175999,0.07036414483976564
commons-validator,BSZZ,13,0.995,0.25,0.0029632139196389402,0.492530900925242,0.07036414483976564
commons-validator,BSZZ,13,0.999,0.0,-0.012249366457323574,0.4487791063497969,0.0287315506407161
commons-validator,BSZZ,13,0.999,0.05,-0.014818715064470403,0.4631607215536527,0.0287315506407161
commons-validator,BSZZ,13,0.999,0.1,-0.019574801953053177,0.465221473264086,0.0287315506407161
commons-validator,BSZZ,13,0.999,0.25,-0.01458680837115966,0.47574860672944075,0.0287315506407161
commons-validator,BSZZ,21,0.9,0.0,0.0022534098497264347,0.3303788679469139,-0.03227867457413499
commons-validator,BSZZ,21,0.9,0.05,0.0011286823443571916,0.3425817903673891,-0.03227867457413499
commons-validator,BSZZ,21,0.9,0.1,-0.0010588304160329353,0.33456550439898464,-0.03227867457413499
commons-validator,BSZZ,21,0.9,0.25,0.015896972462771632,0.37109087665698365,-0.03227867457413499
commons-validator,BSZZ,21,0.95,0.0,-0.008627823488320543,0.37702882683707395,-0.044498095753252004
commons-validator,BSZZ,21,0.95,0.05,-0.010690643706014606,0.38974568978245755,-0.044498095753252004
commons-validator,BSZZ,21,0.95,0.1,-0.014503764154045098,0.3864304143845682,-0.044498095753252004
commons-validator,BSZZ,21,0.95,0.25,0.0030283569643410695,0.4226895217289926,-0.044498095753252004
commons-validator,BSZZ,21,0.99,0.0,-0.010873497284965799,0.44672439962170996,0.006841387206152271
commons-validator,BSZZ,21,0.99,0.05,-0.013321431344829096,0.46136979036480896,0.006841387206152271
commons-validator,BSZZ,21,0.99,0.1,-0.017818160295456173,0.4635925424169448,0.006841387206152271
commons-validator,BSZZ,21,0.99,0.25,-0.008335561126542003,0.4827990936719519,0.006841387206152271
commons-validator,BSZZ,21,0.995,0.0,-0.014199194645010148,0.44707392578970395,0.0004297482076544652
commons-validator,BSZZ,21,0.995,0.05,-0.01684565160783829,0.46153227827978877,0.0004297482076544652
commons-validator,BSZZ,21,0.995,0.1,-0.021589636189079962,0.46386510773532025,0.0004297482076544652
commons-validator,BSZZ,21,0.995,0.25,-0.015160656369522102,0.4780761815724269,0.0004297482076544652
commons-validator,BSZZ,21,0.999,0.0,-0.018096898447318044,0.4439248007227274,-0.01464906336024369
commons-validator,BSZZ,21,0.999,0.05,-0.020964275925659664,0.45805900843416647,-0.01464906336024369
commons-validator,BSZZ,21,0.999,0.1,-0.025977144132426102,0.46025505519530197,-0.01464906336024369
commons-validator,BSZZ,21,0.999,0.25,-0.022459889007702582,0.4700086901067672,-0.01464906336024369
commons-validator,BSZZ,42,0.9,0.0,0.04068431817086299,0.40010784240770014,-0.054299832690554856
commons-validator,BSZZ,42,0.9,0.05,0.04151828370822302,0.4158646141416425,-0.054299832690554856
commons-validator,BSZZ,42,0.9,0.1,0.04157880070834491,0.4119271495335861,-0.054299832690554856
commons-validator,BSZZ,42,0.9,0.25,0.06630526554284033,0.4625411136391028,-0.054299832690554856
commons-validator,BSZZ,42,0.95,0.0,0.031885694137582125,0.4320803677714201,-0.029725497347417022
commons-validator,BSZZ,42,0.95,0.05,0.0318877104948462,0.44760302102804456,-0.029725497347417022
commons-validator,BSZZ,42,0.95,0.1,0.03044444278526806,0.4475080052542138,-0.029725497347417022
commons-validator,BSZZ,42,0.95,0.25,0.05610636498675416,0.4947490605252529,-0.029725497347417022
commons-validator,BSZZ,42,0.99,0.0,0.012712962055589451,0.46780307058002923,0.0874769627635194
commons-validator,BSZZ,42,0.99,0.05,0.011467149825033884,0.4835227696848001,0.0874769627635194
commons-validator,BSZZ,42,0.99,0.1,0.008350119269760963,0.48697852615177756,0.0874769627635194
commons-validator,BSZZ,42,0.99,0.25,0.022060506428611324,0.5092856949669591,0.0874769627635194
commons-validator,BSZZ,42,0.995,0.0,0.0015664788019015604,0.46138204134451877,0.0634017301054647
commons-validator,BSZZ,42,0.995,0.05,-0.0002764552611718534,0.4765696299525114,0.0634017301054647
commons-validator,BSZZ,42,0.995,0.1,-0.004098221121819845,0.47973941775717416,0.0634017301054647
commons-validator,BSZZ,42,0.995,0.25,0.004860155040352471,0.49550066525471126,0.0634017301054647
commons-validator,BSZZ,42,0.999,0.0,-0.009056608016196548,0.45278830515811325,0.027437016257249338
commons-validator,BSZZ,42,0.999,0.05,-0.01146323255516643,0.46737425562636464,0.027437016257249338
commons-validator,BSZZ,42,0.999,0.1,-0.015947285732035278,0.47008877625719575,0.027437016257249338
commons-validator,BSZZ,42,0.999,0.25,-0.011350589731693575,0.4801613371246601,0.027437016257249338
commons-validator,BSZZ,77,0.9,0.0,0.008662504829734246,0.35336327075101387,-0.050385217070246284
commons-validator,BSZZ,77,0.9,0.05,0.007864427156386482,0.36673763022125866,-0.050385217070246284
commons-validator,BSZZ,77,0.9,0.1,0.006051816704643639,0.3600658251352588,-0.050385217070246284
commons-validator,BSZZ,77,0.9,0.25,0.023657059801203372,0.4002844235484604,-0.050385217070246284
commons-validator,BSZZ,77,0.95,0.0,-0.006975168300403671,0.38316523649102013,-0.019323298555683766
commons-validator,BSZZ,77,0.95,0.05,-0.0089537582888366,0.39619485142228145,-0.019323298555683766
commons-validator,BSZZ,77,0.95,0.1,-0.01267020607913919,0.39323852750712807,-0.019323298555683766
commons-validator,BSZZ,77,0.95,0.25,0.0043495816060960145,0.429601513742003,-0.019323298555683766
commons-validator,BSZZ,77,0.99,0.0,-0.04335452307480503,0.40434232599593617,0.0691099459677166
commons-validator,BSZZ,77,0.99,0.05,-0.047457904846277,0.4168276462027479,0.0691099459677166
commons-validator,BSZZ,77,0.99,0.1,-0.05385462304559319,0.4165712436633033,0.0691099459677166
commons-validator,BSZZ,77,0.99,0.25,-0.05261289247556662,0.4247655941623095,0.0691099459677166
commons-validator,BSZZ,77,0.995,0.0,-0.05520480687219746,0.3961380488962318,0.01601607824182482
commons-validator,BSZZ,77,0.995,0.05,-0.05994118080266784,0.4080003725112538,0.01601607824182482
commons-validator,BSZZ,77,0.995,0.1,-0.06708380337249001,0.4073536895863474,0.01601607824182482
commons-validator,BSZZ,77,0.995,0.25,-0.07075059959909345,0.4086055483636742,0.01601607824182482
commons-validator,BSZZ,77,0.999,0.0,-0.0611285767989052,0.39024992868588304,-0.04123340285304248
commons-validator,BSZZ,77,0.999,0.05,-0.06618913296300434,0.4016485102302422,-0.04123340285304248
commons-validator,BSZZ,77,0.999,0.1,-0.07371915462268422,0.4007048261080423,-0.04123340285304248
commons-validator,BSZZ,77,0.999,0.25,-0.08070256597236121,0.3968696909545183,-0.04123340285304248
commons-validator,BSZZ,101,0.9,0.0,0.006210110609464495,0.35945143907732036,-0.05380289338211004
commons-validator,BSZZ,101,0.9,0.05,0.0052870427210239025,0.3731360918366036,-0.05380289338211004
commons-validator,BSZZ,101,0.9,0.1,0.0031889227721331394,0.36560787073187406,-0.05380289338211004
commons-validator,BSZZ,101,0.9,0.25,0.022531990427948085,0.40738497825015035,-0.05380289338211004
commons-validator,BSZZ,101,0.95,0.0,-0.007662792533961844,0.38853075240757723,-0.028100185442914215
commons-validator,BSZZ,101,0.95,0.05,-0.009676428397215825,0.40183382948572816,-0.028100185442914215
commons-validator,BSZZ,101,0.95,0.1,-0.013601110080525261,0.3982145899866157,-0.028100185442914215
commons-validator,BSZZ,101,0.95,0.25,0.0051859456997387626,0.4360076523562522,-0.028100185442914215
commons-validator,BSZZ,101,0.99,0.0,-0.041621125490445596,0.4078228559016941,0.05926403589475616
commons-validator,BSZZ,101,0.99,0.05,-0.04563616186658115,0.42048556691213856,0.05926403589475616
commons-validator,BSZZ,101,0.99,0.1,-0.05206489829758312,0.41976679484455987,0.05926403589475616
commons-validator,BSZZ,101,0.99,0.25,-0.04960630481034612,0.42917847945611964,0.05926403589475616
commons-validator,BSZZ,101,0.995,0.0,-0.05274006765541036,0.3996744560397993,0.01068641562414499
commons-validator,BSZZ,101,0.995,0.05,-0.05735082218818859,0.4117170183317342,0.01068641562414499
commons-validator,BSZZ,101,0.995,0.1,-0.06447512287230203,0.41065621801519586,0.01068641562414499
commons-validator,BSZZ,101,0.995,0.25,-0.06694426959473598,0.4130624476731719,0.01068641562414499
commons-validator,BSZZ,101,0.999,0.0,-0.05844012628651068,0.3937149711081402,-0.04142051487441469
commons-validator,BSZZ,101,0.999,0.05,-0.0633636612469904,0.40529015411163033,-0.04142051487441469
commons-validator,BSZZ,101,0.999,0.1,-0.07085591076629294,0.4039645329904245,-0.04142051487441469
commons-validator,BSZZ,101,0.999,0.25,-0.07673744654821675,0.4011766850983396,-0.04142051487441469
commons-validator,BSZZ,123,0.9,0.0,0.005557037224984192,0.34628114506089874,-0.05023856381971143
commons-validator,BSZZ,123,0.9,0.05,0.004600684401306474,0.3592945526066914,-0.05023856381971143
commons-validator,BSZZ,123,0.9,0.1,0.0026591003041243127,0.3528010829813949,-0.05023856381971143
commons-validator,BSZZ,123,0.9,0.25,0.020296819145120562,0.3910782543780912,-0.05023856381971143
commons-validator,BSZZ,123,0.95,0.0,-0.009442660627056699,0.3737056570129538,-0.016873386437427914
commons-validator,BSZZ,123,0.95,0.05,-0.011547010329853306,0.38625314926431376,-0.016873386437427914
commons-validator,BSZZ,123,0.95,0.1,-0.015348518001028643,0.3831235011074633,-0.016873386437427914
commons-validator,BSZZ,123,0.95,0.25,0.001729383754693051,0.4174392397657108,-0.016873386437427914
commons-validator,BSZZ,123,0.99,0.0,-0.04854837410824402,0.3932635632097627,0.07757560453142634
commons-validator,BSZZ,123,0.99,0.05,-0.05291646884978581,0.405184236455592,0.07757560453142634
commons-validator,BSZZ,123,0.99,0.1,-0.05957683832919881,0.4044865310463371,0.07757560453142634
commons-validator,BSZZ,123,0.99,0.25,-0.05921218932461899,0.41054858196892147,0.07757560453142634
commons-validator,BSZZ,123,0.995,0.0,-0.06156676548375128,0.38437157978495007,0.018210436615880822
commons-validator,BSZZ,123,0.995,0.05,-0.06662738686542563,0.3956342063802407,0.018210436615880822
commons-validator,BSZZ,123,0.995,0.1,-0.07410528493345486,0.3944860390884086,0.018210436615880822
commons-validator,BSZZ,123,0.995,0.25,-0.07894452653787747,0.3934588149147136,0.018210436615880822
commons-validator,BSZZ,123,0.999,0.0,-0.06794947445643033,0.3787673677674846,-0.046241219480013133
commons-validator,BSZZ,123,0.999,0.05,-0.07335766863822409,0.38958072212971107,-0.046241219480013133
commons-validator,BSZZ,123,0.999,0.1,-0.08125246930105186,0.3881367315893384,-0.046241219480013133
commons-validator,BSZZ,123,0.999,0.25,-0.08953653048359328,0.38208587872782696,-0.046241219480013133
commons-validator,BSZZ,202,0.9,0.0,0.011082215264448973,0.3669885439111631,-0.05038855765865041
commons-validator,BSZZ,202,0.9,0.05,0.010407462024504953,0.38105733733860353,-0.05038855765865041
commons-validator,BSZZ,202,0.9,0.1,0.008736393402156449,0.3751825474910459,-0.05038855765865041
commons-validator,BSZZ,202,0.9,0.25,0.026879747640756606,0.41843122388202225,-0.05038855765865041
commons-validator,BSZZ,202,0.95,0.0,0.0013675441546658212,0.4002544180919589,-0.0195746238431623
commons-validator,BSZZ,202,0.95,0.05,-0.00018584607770906624,0.4141550106443576,-0.0195746238431623
commons-validator,BSZZ,202,0.95,0.1,-0.003414283911919219,0.41219832453377253,-0.0195746238431623
commons-validator,BSZZ,202,0.95,0.25,0.015460811111956962,0.4523617155178635,-0.0195746238431623
commons-validator,BSZZ,202,0.99,0.0,-0.02647870847456594,0.4259106462439262,0.0690676423823403
commons-validator,BSZZ,202,0.99,0.05,-0.029721987217203236,0.4394952305758552,0.0690676423823403
commons-validator,BSZZ,202,0.99,0.1,-0.03513154859115354,0.440500474662001,0.0690676423823403
commons-validator,BSZZ,202,0.99,0.25,-0.030136863230704764,0.45349133026096894,0.0690676423823403
commons-validator,BSZZ,202,0.995,0.0,-0.03676290433931984,0.4188234842392229,0.024250165697619713
commons-validator,BSZZ,202,0.995,0.05,-0.0405593570510671,0.4318420075465942,0.024250165697619713
commons-validator,BSZZ,202,0.995,0.1,-0.046623213920429125,0.4325223172952689,0.024250165697619713
commons-validator,BSZZ,202,0.995,0.25,-0.046188778408312106,0.43881911258440626,0.024250165697619713
commons-validator,BSZZ,202,0.999,0.0,-0.04305582380555227,0.41263160410988675,-0.023089004793002233
commons-validator,BSZZ,202,0.999,0.05,-0.04719527305083378,0.42517090373385247,-0.023089004793002233
commons-validator,BSZZ,202,0.999,0.1,-0.05366812254471565,0.4255364437398684,-0.023089004793002233
commons-validator,BSZZ,202,0.999,0.25,-0.056632396061392275,0.4266786929668885,-0.023089004793002233
commons-validator,BSZZ,314,0.9,0.0,0.0326000896807924,0.3888969296341049,-0.05551732858278347
commons-validator,BSZZ,314,0.9,0.05,0.0330220295130346,0.4040823191704475,-0.05551732858278347
commons-validator,BSZZ,314,0.9,0.1,0.03246760085126874,0.39827652259264806,-0.05551732858278347
commons-validator,BSZZ,314,0.9,0.25,0.0602243699718893,0.4453700991924553,-0.05551732858278347
commons-validator,BSZZ,314,0.95,0.0,0.02138218182415387,0.4223466311283316,-0.0188443813234104
commons-validator,BSZZ,314,0.95,0.05,0.020848869785830206,0.43737318884427145,-0.0188443813234104
commons-validator,BSZZ,314,0.95,0.1,0.018623184290816473,0.435732021294614,-0.0188443813234104
commons-validator,BSZZ,314,0.95,0.25,0.04608671925856665,0.4805822921347717,-0.0188443813234104
commons-validator,BSZZ,314,0.99,0.0,-0.0044306344301439145,0.45141168055398834,0.09149293740664866
commons-validator,BSZZ,314,0.99,0.05,-0.0065501976239442355,0.4662959661073442,0.09149293740664866
commons-validator,BSZZ,314,0.99,0.1,-0.010803462946821708,0.4681269379652872,0.09149293740664866
commons-validator,BSZZ,314,0.99,0.25,0.001302777539489225,0.48803809155236283,0.09149293740664866
commons-validator,BSZZ,314,0.995,0.0,-0.016105593897139378,0.4436097055324674,0.05523856940235785
commons-validator,BSZZ,314,0.995,0.05,-0.018849213563503105,0.4578914984663837,0.05523856940235785
commons-validator,BSZZ,314,0.995,0.1,-0.02383056757091791,0.4594007063206051,0.05523856940235785
commons-validator,BSZZ,314,0.995,0.25,-0.016985163126478863,0.47242638396840303,0.05523856940235785
commons-validator,BSZZ,314,0.999,0.0,-0.02585787162118797,0.4345852020368354,0.009771055150273433
commons-validator,BSZZ,314,0.999,0.05,-0.029120799577635446,0.4482434020823856,0.009771055150273433
commons-validator,BSZZ,314,0.999,0.1,-0.03470713842888482,0.44930849977216797,0.009771055150273433
commons-validator,BSZZ,314,0.999,0.25,-0.03234920513446033,0.4564473831624621,0.009771055150273433
commons-validator,BSZZ,999,0.9,0.0,0.03907639337079761,0.40169744033603466,-0.05420358289674513
commons-validator,BSZZ,999,0.9,0.05,0.039828408435043594,0.41753522848460217,-0.05420358289674513
commons-validator,BSZZ,999,0.9,0.1,0.03979486929751171,0.41369074797726707,-0.05420358289674513
commons-validator,BSZZ,999,0.9,0.25,0.06247529859649223,0.46454758913575156,-0.05420358289674513
commons-validator,BSZZ,999,0.95,0.0,0.032066684656167535,0.4340467378953742,-0.028249290107017936
commons-validator,BSZZ,999,0.95,0.05,0.03207792548625933,0.44966961036745495,-0.028249290107017936
commons-validator,BSZZ,999,0.95,0.1,0.030645244881954654,0.44968961811900887,-0.028249290107017936
commons-validator,BSZZ,999,0.95,0.25,0.05487342771210449,0.49692556795505316,-0.028249290107017936
commons-validator,BSZZ,999,0.99,0.0,0.011942343570035154,0.46908990316956517,0.08851884535583433
commons-validator,BSZZ,999,0.99,0.05,0.01065725552914379,0.48487518776659705,0.08851884535583433
commons-validator,BSZZ,999,0.99,0.1,0.0074951473692758674,0.48840621796725525,0.08851884535583433
commons-validator,BSZZ,999,0.99,0.25,0.020365377620276227,0.5102941776747517,0.08851884535583433
commons-validator,BSZZ,999,0.995,0.0,0.0014097361506790974,0.46285795258577983,0.061316467045346844
commons-validator,BSZZ,999,0.995,0.05,-0.000441186553669272,0.47812076338357323,0.061316467045346844
commons-validator,BSZZ,999,0.995,0.1,-0.004272121131895973,0.4813768851454378,0.061316467045346844
commons-validator,BSZZ,999,0.995,0.25,0.004078274845971544,0.4967764875838144,0.061316467045346844
commons-validator,BSZZ,999,0.999,0.0,-0.008185251089240066,0.4550792234468319,0.024966247472947362
commons-validator,BSZZ,999,0.999,0.05,-0.010547465521212166,0.4697819342496578,0.024966247472947362
commons-validator,BSZZ,999,0.999,0.1,-0.0149805483622394,0.47263046296712863,0.024966247472947362
commons-validator,BSZZ,999,0.999,0.25,-0.010689437617251706,0.48254728311071654,0.024966247472947362
commons-validator,AGSZZ,7,0.9,0.0,0.07330928396900152,0.48794590173150537,-0.04589279424397068
commons-validator,AGSZZ,7,0.9,0.05,0.07580603335196089,0.5081794814098948,-0.04589279424397068
commons-validator,AGSZZ,7,0.9,0.1,0.07712748648246093,0.5049938522474551,-0.04589279424397068
commons-validator,AGSZZ,7,0.9,0.25,0.09805258701034199,0.5414051665106613,-0.04589279424397068
commons-validator,AGSZZ,7,0.95,0.0,0.07566950882806503,0.5064852041785508,-0.027665895189884975
commons-validator,AGSZZ,7,0.95,0.05,0.07790303770909711,0.5258000195719182,-0.027665895189884975
commons-validator,AGSZZ,7,0.95,0.1,0.07831621097617085,0.526263782163472,-0.027665895189884975
commons-validator,AGSZZ,7,0.95,0.25,0.10055331509217218,0.5534842071229985,-0.027665895189884975
commons-validator,AGSZZ,7,0.99,0.0,0.073682152497957,0.5298565007974008,0.11837513842798868
commons-validator,AGSZZ,7,0.99,0.05,0.07554373310189819,0.5487388527603504,0.11837513842798868
commons-validator,AGSZZ,7,0.99,0.1,0.07538839522892199,0.5529070054913019,0.11837513842798868
commons-validator,AGSZZ,7,0.99,0.25,0.09079907248991778,0.5685675847453238,0.11837513842798868
commons-validator,AGSZZ,7,0.995,0.0,0.06189707037652853,0.523437003885589,0.12227550198811754
commons-validator,AGSZZ,7,0.995,0.05,0.06312898192973664,0.5417873234491019,0.12227550198811754
commons-validator,AGSZZ,7,0.995,0.1,0.06225458840017131,0.5458063854172625,0.12227550198811754
commons-validator,AGSZZ,7,0.995,0.25,0.07352743423747464,0.5581637428934407,0.12227550198811754
commons-validator,AGSZZ,7,0.999,0.0,0.04575114160312942,0.5112409069753346,0.09464408025285462
commons-validator,AGSZZ,7,0.999,0.05,0.04613788215899337,0.5288059882919155,0.09464408025285462
commons-validator,AGSZZ,7,0.999,0.1,0.04429796346360601,0.5322719077540625,0.09464408025285462
commons-validator,AGSZZ,7,0.999,0.25,0.050681003125448015,0.5405821655088502,0.09464408025285462
commons-validator,AGSZZ,13,0.9,0.0,0.08334854023214935,0.5023908859325874,-0.041219149525136826
commons-validator,AGSZZ,13,0.9,0.05,0.086356956454531,0.5233606774595382,-0.041219149525136826
commons-validator,AGSZZ,13,0.9,0.1,0.08842179786465323,0.5225502859523415,-0.041219149525136826
commons-validator,AGSZZ,13,0.9,0.25,0.111995997754086,0.5515777077336887,-0.041219149525136826
commons-validator,AGSZZ,13,0.95,0.0,0.08978028707245957,0.5184423867138309,-0.014442887000931187
commons-validator,AGSZZ,13,0.95,0.05,0.092732994458039,0.538366619143267,-0.014442887000931187
commons-validator,AGSZZ,13,0.95,0.1,0.09415534499505863,0.5405971660951148,-0.014442887000931187
commons-validator,AGSZZ,13,0.95,0.25,0.12057404150257993,0.5696224187783274,-0.014442887000931187
commons-validator,AGSZZ,13,0.99,0.0,0.08373781114220465,0.5357076299790392,0.13760069916413062
commons-validator,AGSZZ,13,0.99,0.05,0.08611189455929731,0.5548881941498406,0.13760069916413062
commons-validator,AGSZZ,13,0.99,0.1,0.08667332841381517,0.5600137292092026,0.13760069916413062
commons-validator,AGSZZ,13,0.99,0.25,0.10752471300153207,0.5835863248171573,0.13760069916413062
commons-validator,AGSZZ,13,0.995,0.0,0.06948298113816405,0.5271645386927942,0.139176188059343
commons-validator,AGSZZ,13,0.995,0.05,0.07110152083212336,0.5457048380619468,0.139176188059343
commons-validator,AGSZZ,13,0.995,0.1,0.0707892048549351,0.5505009243763174,0.139176188059343
commons-validator,AGSZZ,13,0.995,0.25,0.08697278196533816,0.5707007201901281,0.139176188059343
commons-validator,AGSZZ,13,0.999,0.0,0.05018251618323104,0.5119587431829828,0.11165603597764544
commons-validator,AGSZZ,13,0.999,0.05,0.05079510887059402,0.5295604101762277,0.11165603597764544
commons-validator,AGSZZ,13,0.999,0.1,0.049324407597089774,0.533583313769178,0.11165603597764544
commons-validator,AGSZZ,13,0.999,0.25,0.05986589674977817,0.5492592049938338,0.11165603597764544
commons-validator,AGSZZ,21,0.9,0.0,0.08284013003762032,0.48565453740179143,-0.05377770667734037
commons-validator,AGSZZ,21,0.9,0.05,0.08582263431687134,0.5057713340124099,-0.05377770667734037
commons-validator,AGSZZ,21,0.9,0.1,0.08836015026596561,0.5074363018104711,-0.05377770667734037
commons-validator,AGSZZ,21,0.9,0.25,0.11306827497976263,0.5393683949262869,-0.05377770667734037
commons-validator,AGSZZ,21,0.95,0.0,0.08702391344807642,0.5059211119419335,-0.032987425839195096
commons-validator,AGSZZ,21,0.95,0.05,0.08983613781940786,0.5252071774673538,-0.032987425839195096
commons-validator,AGSZZ,21,0.95,0.1,0.09166053830283849,0.5298110381999748,-0.032987425839195096
commons-validator,AGSZZ,21,0.95,0.25,0.1189421039968464,0.5607659203471469,-0.032987425839195096
commons-validator,AGSZZ,21,0.99,0.0,0.07953987838090779,0.5279653596464565,0.11601435060933411
commons-validator,AGSZZ,21,0.99,0.05,0.08170000740419096,0.5467513265595338,0.11601435060933411
commons-validator,AGSZZ,21,0.99,0.1,0.08251214544015684,0.5538529189790368,0.11601435060933411
commons-validator,AGSZZ,21,0.99,0.25,0.10399569091864264,0.579689684940354,0.11601435060933411
commons-validator,AGSZZ,21,0.995,0.0,0.06539768087909623,0.5195280845057259,0.12404929231837797
commons-validator,AGSZZ,21,0.995,0.05,0.06680800667584468,0.5376791797071719,0.12404929231837797
commons-validator,AGSZZ,21,0.995,0.1,0.06673489745050623,0.5443439792490905,0.12404929231837797
commons-validator,AGSZZ,21,0.995,0.25,0.08358293528443157,0.5669008823711322,0.12404929231837797
commons-validator,AGSZZ,21,0.999,0.0,0.04576918193807736,0.5034641464050721,0.10100067816456343
commons-validator,AGSZZ,21,0.999,0.05,0.04615684194862232,0.5206328726135026,0.10100067816456343
commons-validator,AGSZZ,21,0.999,0.1,0.04489032237542175,0.5263797924763547,0.10100067816456343
commons-validator,AGSZZ,21,0.999,0.25,0.05602586515815748,0.5443008450025917,0.10100067816456343
commons-validator,AGSZZ,42,0.9,0.0,0.08365645291844814,0.4971724936267783,-0.04499387310951449
commons-validator,AGSZZ,42,0.9,0.05,0.08668056240603658,0.5178763213982485,-0.04499387310951449
commons-validator,AGSZZ,42,0.9,0.1,0.08914775904206647,0.5189836905326984,-0.04499387310951449
commons-validator,AGSZZ,42,0.9,0.25,0.11205168179011823,0.5468133643923643,-0.04499387310951449
commons-validator,AGSZZ,42,0.95,0.0,0.08501785164195229,0.5092583741064437,-0.041475002518000216
commons-validator,AGSZZ,42,0.95,0.05,0.08772783384741802,0.5287145285646774,-0.041475002518000216
commons-validator,AGSZZ,42,0.95,0.1,0.08929057467103506,0.5325830804237832,-0.041475002518000216
commons-validator,AGSZZ,42,0.95,0.25,0.11392136760280905,0.5591160824378985,-0.041475002518000216
commons-validator,AGSZZ,42,0.99,0.0,0.08035525229277862,0.5310055874212556,0.11435977323447469
commons-validator,AGSZZ,42,0.99,0.05,0.0825569381586703,0.5499465044318183,0.11435977323447469
commons-validator,AGSZZ,42,0.99,0.1,0.08330335920065607,0.556633818943267,0.11435977323447469
commons-validator,AGSZZ,42,0.99,0.25,0.10334947288124893,0.579610505438843,0.11435977323447469
commons-validator,AGSZZ,42,0.995,0.0,0.06609788553448974,0.5224938379728848,0.12694410801527123
commons-validator,AGSZZ,42,0.995,0.05,0.06754389838748849,0.5407960875689666,0.12694410801527123
commons-validator,AGSZZ,42,0.995,0.1,0.06740523181321799,0.5470876713112092,0.12694410801527123
commons-validator,AGSZZ,42,0.995,0.25,0.08292989614140021,0.5669643783954771,0.12694410801527123
commons-validator,AGSZZ,42,0.999,0.0,0.04638180678348959,0.5066473209737427,0.10059445097527722
commons-validator,AGSZZ,42,0.999,0.05,0.04680069020443342,0.5239782827928786,0.10059445097527722
commons-validator,AGSZZ,42,0.999,0.1,0.04546928092181411,0.5294008446817319,0.10059445097527722
commons-validator,AGSZZ,42,0.999,0.25,0.05537743948492689,0.5448446586000966,0.10059445097527722
commons-validator,AGSZZ,77,0.9,0.0,0.04467526465681944,0.4477183068234103,-0.04809878511322876
commons-validator,AGSZZ,77,0.9,0.05,0.04571263519961486,0.46590162243794264,-0.04809878511322876
commons-validator,AGSZZ,77,0.9,0.1,0.04582112049897367,0.46382529216138124,-0.04809878511322876
commons-validator,AGSZZ,77,0.9,0.25,0.06291197396916132,0.48432640935359145,-0.04809878511322876
commons-validator,AGSZZ,77,0.95,0.0,0.05351266280485752,0.4718582899024627,-0.07815469405736734
commons-validator,AGSZZ,77,0.95,0.05,0.05461693239823932,0.48940828892675015,-0.07815469405736734
commons-validator,AGSZZ,77,0.95,0.1,0.05424790153259733,0.49065978043636477,-0.07815469405736734
commons-validator,AGSZZ,77,0.95,0.25,0.07439691511906327,0.5128068400686321,-0.07815469405736734
commons-validator,AGSZZ,77,0.99,0.0,0.06561189548976616,0.517474145732085,0.033857779034889054
commons-validator,AGSZZ,77,0.99,0.05,0.06706216246763086,0.5357254110572592,0.033857779034889054
commons-validator,AGSZZ,77,0.99,0.1,0.06685635733744527,0.5411888359295874,0.033857779034889054
commons-validator,AGSZZ,77,0.99,0.25,0.08515208814257114,0.5639543512768731,0.033857779034889054
commons-validator,AGSZZ,77,0.995,0.0,0.056868684342544384,0.5136625251171005,0.06890896153488697
commons-validator,AGSZZ,77,0.995,0.05,0.05784431611546155,0.531514672651991,0.06890896153488697
commons-validator,AGSZZ,77,0.995,0.1,0.057077606168759946,0.5368674464831431,0.06890896153488697
commons-validator,AGSZZ,77,0.995,0.25,0.07186070685372997,0.5572809040835832,0.06890896153488697
commons-validator,AGSZZ,77,0.999,0.0,0.041490453649158675,0.5011918273454989,0.06921422074705658
commons-validator,AGSZZ,77,0.999,0.05,0.04166004139190285,0.5182447411589775,0.06921422074705658
commons-validator,AGSZZ,77,0.999,0.1,0.039955988451625006,0.5229357665913104,0.06921422074705658
commons-validator,AGSZZ,77,0.999,0.25,0.04990801312164699,0.5394094908314975,0.06921422074705658
commons-validator,AGSZZ,101,0.9,0.0,0.07000016908285459,0.49761611483679463,-0.04270717820212612
commons-validator,AGSZZ,101,0.9,0.05,0.07232826410430557,0.5183425524766135,-0.04270717820212612
commons-validator,AGSZZ,101,0.9,0.1,0.07391813876756183,0.5191850123691805,-0.04270717820212612
commons-validator,AGSZZ,101,0.9,0.25,0.09474935992224656,0.5456528288382828,-0.04270717820212612
commons-validator,AGSZZ,101,0.95,0.0,0.07926151490862196,0.5124407464810857,-0.012703780376919353
commons-validator,AGSZZ,101,0.95,0.05,0.08167811615579844,0.5320590956649164,-0.012703780376919353
commons-validator,AGSZZ,101,0.95,0.1,0.08281527362545657,0.5356844725217387,-0.012703780376919353
commons-validator,AGSZZ,101,0.95,0.25,0.10689133495720272,0.5630830803023246,-0.012703780376919353
commons-validator,AGSZZ,101,0.99,0.0,0.07597183495188733,0.5276832083281305,0.1357462520169956
commons-validator,AGSZZ,101,0.99,0.05,0.07795011290409563,0.5464547949455464,0.1357462520169956
commons-validator,AGSZZ,101,0.99,0.1,0.07835031614699714,0.552515402594588,0.1357462520169956
commons-validator,AGSZZ,101,0.99,0.25,0.09800708625964487,0.5756990147786255,0.1357462520169956
commons-validator,AGSZZ,101,0.995,0.0,0.06309050281234779,0.5193863694161317,0.134418923522074
commons-validator,AGSZZ,101,0.995,0.05,0.06438323956878746,0.5375302418801469,0.134418923522074
commons-validator,AGSZZ,101,0.995,0.1,0.06398047712412624,0.5432178340356861,0.134418923522074
commons-validator,AGSZZ,101,0.995,0.25,0.07936124666497123,0.5633122762602308,0.134418923522074
commons-validator,AGSZZ,101,0.999,0.0,0.0454065155338105,0.5049013737405255,0.1056031518936322
commons-validator,AGSZZ,101,0.999,0.05,0.045775691667863834,0.5221433505512899,0.1056031518936322
commons-validator,AGSZZ,101,0.999,0.1,0.044300710171517016,0.5270513672299483,0.1056031518936322
commons-validator,AGSZZ,101,0.999,0.25,0.05445887524874142,0.5429585385064383,0.1056031518936322
commons-validator,AGSZZ,123,0.9,0.0,0.08468647059712833,0.5070645257367138,-0.055194394799042965
commons-validator,AGSZZ,123,0.9,0.05,0.08776307659206606,0.5282725168318889,-0.055194394799042965
commons-validator,AGSZZ,123,0.9,0.1,0.09041181289587448,0.5312497739204747,-0.055194394799042965
commons-validator,AGSZZ,123,0.9,0.25,0.113279099286448,0.5537524256420672,-0.055194394799042965
commons-validator,AGSZZ,123,0.95,0.0,0.0881372638040355,0.5167797285361208,-0.03395302994178073
commons-validator,AGSZZ,123,0.95,0.05,0.09100623186661967,0.5366192209178354,-0.03395302994178073
commons-validator,AGSZZ,123,0.95,0.1,0.0928973448046182,0.541871561345128,-0.03395302994178073
commons-validator,AGSZZ,123,0.95,0.25,0.11773856615244845,0.5670353208636999,-0.03395302994178073
commons-validator,AGSZZ,123,0.99,0.0,0.08368998684780844,0.53190460549438,0.12639872436837918
commons-validator,AGSZZ,123,0.99,0.05,0.08606163282283169,0.5508913424067363,0.12639872436837918
commons-validator,AGSZZ,123,0.99,0.1,0.08711576543973432,0.5582189856285349,0.12639872436837918
commons-validator,AGSZZ,123,0.99,0.25,0.10871031322214661,0.5833389294306102,0.12639872436837918
commons-validator,AGSZZ,123,0.995,0.0,0.07092659454707698,0.5240636240528764,0.13462174367486546
commons-validator,AGSZZ,123,0.995,0.05,0.07261871031987367,0.5424458803208732,0.13462174367486546
commons-validator,AGSZZ,123,0.995,0.1,0.07286805618184021,0.5493706732512764,0.13462174367486546
commons-validator,AGSZZ,123,0.995,0.25,0.09044818267486968,0.5720239163705337,0.13462174367486546
commons-validator,AGSZZ,123,0.999,0.0,0.052404632829568594,0.5092285389684147,0.11347681117566627
commons-validator,AGSZZ,123,0.999,0.05,0.05313047926516319,0.5266910567134654,0.11347681117566627
commons-validator,AGSZZ,123,0.999,0.1,0.052251015852748176,0.5327692845560127,0.11347681117566627
commons-validator,AGSZZ,123,0.999,0.25,0.06458665981278597,0.5515359930724486,0.11347681117566627
commons-validator,AGSZZ,202,0.9,0.0,0.1067677542602244,0.5277231474254088,-0.04818123583106244
commons-validator,AGSZZ,202,0.9,0.05,0.11096976838561866,0.5499840383957547,-0.04818123583106244
commons-validator,AGSZZ,202,0.9,0.1,0.11455733350399039,0.5510541584747034,-0.04818123583106244
commons-validator,AGSZZ,202,0.9,0.25,0.1369721202375101,0.5837848448259753,-0.04818123583106244
commons-validator,AGSZZ,202,0.95,0.0,0.10056038936437255,0.5358514610102891,-0.014561835578277359
commons-validator,AGSZZ,202,0.95,0.05,0.10406252199857322,0.5566629749065046,-0.014561835578277359
commons-validator,AGSZZ,202,0.95,0.1,0.10626621630937716,0.5605745515878275,-0.014561835578277359
commons-validator,AGSZZ,202,0.95,0.25,0.12860995641419104,0.584960044817798,-0.014561835578277359
commons-validator,AGSZZ,202,0.99,0.0,0.07451735821404852,0.5349728675328683,0.17271186515121853
commons-validator,AGSZZ,202,0.99,0.05,0.07642150642039157,0.5541159833540406,0.17271186515121853
commons-validator,AGSZZ,202,0.99,0.1,0.07660944946936789,0.5599710998852937,0.17271186515121853
commons-validator,AGSZZ,202,0.99,0.25,0.08965213378838702,0.5720265474217252,0.17271186515121853
commons-validator,AGSZZ,202,0.995,0.0,0.05646018685066776,0.5227631717278686,0.15508681926276333
commons-validator,AGSZZ,202,0.995,0.05,0.05741499889201301,0.5410791483518844,0.15508681926276333
commons-validator,AGSZZ,202,0.995,0.1,0.0565070790189501,0.5463894140102168,0.15508681926276333
commons-validator,AGSZZ,202,0.995,0.25,0.0644619536940769,0.5545645518470536,0.15508681926276333
commons-validator,AGSZZ,202,0.999,0.0,0.03701779555429332,0.5079808715802856,0.10345637665669652
commons-validator,AGSZZ,202,0.999,0.05,0.03695942708482116,0.5253797999505457,0.10345637665669652
commons-validator,AGSZZ,202,0.999,0.1,0.03488451172250262,0.5299379629401407,0.10345637665669652
commons-validator,AGSZZ,202,0.999,0.25,0.03756599725225161,0.5340689620679554,0.10345637665669652
commons-validator,AGSZZ,314,0.9,0.0,0.11511229468639816,0.5333113675995802,-0.049042337484181395
commons-validator,AGSZZ,314,0.9,0.05,0.1197396017333373,0.5558570711974321,-0.049042337484181395
commons-validator,AGSZZ,314,0.9,0.1,0.12422598936039034,0.5611061341664649,-0.049042337484181395
commons-validator,AGSZZ,314,0.9,0.25,0.15645489289648104,0.5971641205201693,-0.049042337484181395
commons-validator,AGSZZ,314,0.95,0.0,0.11281538320449391,0.5393389618160261,-0.017813966759878244
commons-validator,AGSZZ,314,0.95,0.05,0.11694211130682025,0.5603282217990013,-0.017813966759878244
commons-validator,AGSZZ,314,0.95,0.1,0.12034521329913452,0.5673823078536869,-0.017813966759878244
commons-validator,AGSZZ,314,0.95,0.25,0.1536282192016499,0.6040839836420383,-0.017813966759878244
commons-validator,AGSZZ,314,0.99,0.0,0.09632603907783092,0.5413579631972082,0.18376509993319362
commons-validator,AGSZZ,314,0.99,0.05,0.09934170177459523,0.5608265056866858,0.18376509993319362
commons-validator,AGSZZ,314,0.99,0.1,0.10118365914805995,0.5689702118302848,0.18376509993319362
commons-validator,AGSZZ,314,0.99,0.25,0.12791402025660067,0.6010066832212067,0.18376509993319362
commons-validator,AGSZZ,314,0.995,0.0,0.07693036339371284,0.527158338206224,0.18167013043901079
commons-validator,AGSZZ,314,0.995,0.05,0.07892847090034512,0.5456983215576077,0.18167013043901079
commons-validator,AGSZZ,314,0.995,0.1,0.07957390654645903,0.5530416896600135,0.18167013043901079
commons-validator,AGSZZ,314,0.995,0.25,0.10060025461199511,0.5809008201561153,0.18167013043901079
commons-validator,AGSZZ,314,0.999,0.0,0.05224092803280912,0.5061024924679556,0.1373284098737869
commons-validator,AGSZZ,314,0.999,0.05,0.052958430990185754,0.5234056862261639,0.1373284098737869
commons-validator,AGSZZ,314,0.999,0.1,0.05211120158145503,0.5295188544717768,0.1373284098737869
commons-validator,AGSZZ,314,0.999,0.25,0.06633526144139508,0.5518564277749842,0.1373284098737869
commons-validator,AGSZZ,999,0.9,0.0,0.05980781996536796,0.46649510059267374,-0.04614929115779775
commons-validator,AGSZZ,999,0.9,0.05,0.06161644552388905,0.48563540569632485,-0.04614929115779775
commons-validator,AGSZZ,999,0.9,0.1,0.06283708748502817,0.48650847240406647,-0.04614929115779775
commons-validator,AGSZZ,999,0.9,0.25,0.08214462036195504,0.5031746087326252,-0.04614929115779775
commons-validator,AGSZZ,999,0.95,0.0,0.0677185298665353,0.49633438882064823,-0.053254394354323935
commons-validator,AGSZZ,999,0.95,0.05,0.06954682431894814,0.5151318515859329,-0.053254394354323935
commons-validator,AGSZZ,999,0.95,0.1,0.07027654191570439,0.5194017158561663,-0.053254394354323935
commons-validator,AGSZZ,999,0.95,0.25,0.08809705310049426,0.5309485546943657,-0.053254394354323935
commons-validator,AGSZZ,999,0.99,0.0,0.07830201443880047,0.5352695723689526,0.072603684205656
commons-validator,AGSZZ,999,0.99,0.05,0.0803990537356845,0.554427810229222,0.072603684205656
commons-validator,AGSZZ,999,0.99,0.1,0.08116314932225248,0.5620848299740305,0.072603684205656
commons-validator,AGSZZ,999,0.99,0.25,0.0924350306499247,0.5714857155356394,0.072603684205656
commons-validator,AGSZZ,999,0.995,0.0,0.0699119417741388,0.5324988850945728,0.09597041572531254
commons-validator,AGSZZ,999,0.995,0.05,0.07155234413671545,0.5513110580061711,0.09597041572531254
commons-validator,AGSZZ,999,0.995,0.1,0.07176578347462464,0.5588507871412308,0.09597041572531254
commons-validator,AGSZZ,999,0.995,0.25,0.07968296697426532,0.5667820562217815,0.09597041572531254
commons-validator,AGSZZ,999,0.999,0.0,0.05597344454233276,0.5230143654170244,0.08873640004775363
commons-validator,AGSZZ,999,0.999,0.05,0.05688118120581867,0.5411794999758004,0.08873640004775363
commons-validator,AGSZZ,999,0.999,0.1,0.0562325146102106,0.5481768977091744,0.08873640004775363
commons-validator,AGSZZ,999,0.999,0.25,0.05986397918393445,0.5535629214365632,0.08873640004775363
commons-validator,MASZZ,7,0.9,0.0,0.04589687905677361,0.45852613039797563,-0.04472123903759082
commons-validator,MASZZ,7,0.9,0.05,0.04699651114192171,0.4772602841208776,-0.04472123903759082
commons-validator,MASZZ,7,0.9,0.1,0.04713384760909732,0.47516034159404086,-0.04472123903759082
commons-validator,MASZZ,7,0.9,0.25,0.06397710959055335,0.4987983797909864,-0.04472123903759082
commons-validator,MASZZ,7,0.95,0.0,0.04476757325517626,0.4751297580105521,-0.0003596359063790284
commons-validator,MASZZ,7,0.95,0.05,0.04542613529681683,0.4928464926677649,-0.0003596359063790284
commons-validator,MASZZ,7,0.95,0.1,0.04447221359151977,0.4938099572037388,-0.0003596359063790284
commons-validator,MASZZ,7,0.95,0.25,0.06252592027989515,0.5164512726822115,-0.0003596359063790284
commons-validator,MASZZ,7,0.99,0.0,0.032943033310763356,0.4882728256403429,0.14065358498085778
commons-validator,MASZZ,7,0.99,0.05,0.03272827919338889,0.5050357987288556,0.14065358498085778
commons-validator,MASZZ,7,0.99,0.1,0.030563080410322678,0.5085475748985256,0.14065358498085778
commons-validator,MASZZ,7,0.99,0.25,0.04122889621261683,0.5238455087473693,0.14065358498085778
commons-validator,MASZZ,7,0.995,0.0,0.02232714950249625,0.4802921026656014,0.10733415493527443
commons-validator,MASZZ,7,0.995,0.05,0.021542316406588477,0.49644347295779695,0.10733415493527443
commons-validator,MASZZ,7,0.995,0.1,0.018712454507430205,0.49963346091522187,0.10733415493527443
commons-validator,MASZZ,7,0.995,0.25,0.025425874054256885,0.5115943797878123,0.10733415493527443
commons-validator,MASZZ,7,0.999,0.0,0.010588830222087316,0.4689248455927516,0.05919291154726282
commons-validator,MASZZ,7,0.999,0.05,0.009183467034453519,0.4843332207931727,0.05919291154726282
commons-validator,MASZZ,7,0.999,0.1,0.005633975524114495,0.4869519546450654,0.05919291154726282
commons-validator,MASZZ,7,0.999,0.25,0.008315618655847318,0.4951835448930262,0.05919291154726282
commons-validator,MASZZ,13,0.9,0.0,0.038901897340129624,0.432734672036579,-0.01783886681165139
commons-validator,MASZZ,13,0.9,0.05,0.03964501893356828,0.45015432260925153,-0.01783886681165139
commons-validator,MASZZ,13,0.9,0.1,0.03937318143738469,0.44654569947879935,-0.01783886681165139
commons-validator,MASZZ,13,0.9,0.25,0.056044582832003136,0.46694909407642465,-0.01783886681165139
commons-validator,MASZZ,13,0.95,0.0,0.0350354319270114,0.45421494929168493,0.025255323674220453
commons-validator,MASZZ,13,0.95,0.05,0.03519797973575779,0.470865727089764,0.025255323674220453
commons-validator,MASZZ,13,0.95,0.1,0.03367477293429789,0.4706057723913408,0.025255323674220453
commons-validator,MASZZ,13,0.95,0.25,0.05067758877008448,0.4905209846522401,0.025255323674220453
commons-validator,MASZZ,13,0.99,0.0,0.01786173320134702,0.47105784019357794,0.14227625684626935
commons-validator,MASZZ,13,0.99,0.05,0.016878336371893343,0.4869434238656474,0.14227625684626935
commons-validator,MASZZ,13,0.99,0.1,0.013830951531972092,0.48944820328968425,0.14227625684626935
commons-validator,MASZZ,13,0.99,0.25,0.021732992793137354,0.5020300625881471,0.14227625684626935
commons-validator,MASZZ,13,0.995,0.0,0.002983967633338004,0.46030709785470403,0.09552020339773401
commons-validator,MASZZ,13,0.995,0.05,0.001213278168000376,0.4754399002391385,0.09552020339773401
commons-validator,MASZZ,13,0.995,0.1,-0.0027480700895208703,0.47746085817511685,0.09552020339773401
commons-validator,MASZZ,13,0.995,0.25,0.00016497455635155908,0.4859623818914362,0.09552020339773401
commons-validator,MASZZ,13,0.999,0.0,-0.010831557294448022,0.4479491684569668,0.030925256242193576
commons-validator,MASZZ,13,0.999,0.05,-0.013328644977652161,0.46228848454150423,0.030925256242193576
commons-validator,MASZZ,13,0.999,0.1,-0.018131129735418222,0.4636802386391297,0.030925256242193576
commons-validator,MASZZ,13,0.999,0.25,-0.019781478780486125,0.4681300529169401,0.030925256242193576
commons-validator,MASZZ,21,0.9,0.0,0.05834826509180817,0.4491997473518304,-0.043569821630294214
commons-validator,MASZZ,21,0.9,0.05,0.060082502089110944,0.4674585669651748,-0.043569821630294214
commons-validator,MASZZ,21,0.9,0.1,0.061187357617365094,0.46699109874947525,-0.043569821630294214
commons-validator,MASZZ,21,0.9,0.25,0.08340700531419186,0.4990608170087187,-0.043569821630294214
commons-validator,MASZZ,21,0.95,0.0,0.04818304392621317,0.47525625087772816,0.00884494958385561
commons-validator,MASZZ,21,0.95,0.05,0.0490156809229681,0.4929794324473279,0.00884494958385561
commons-validator,MASZZ,21,0.95,0.1,0.04856807081847071,0.49578954113801793,0.00884494958385561
commons-validator,MASZZ,21,0.95,0.25,0.07020688221923613,0.5255685486256573,0.00884494958385561
commons-validator,MASZZ,21,0.99,0.0,0.010275335846177522,0.46639265725236845,0.15462234285181847
commons-validator,MASZZ,21,0.99,0.05,0.008905286075950694,0.4820404723738315,0.15462234285181847
commons-validator,MASZZ,21,0.99,0.1,0.005665769863591498,0.48554034749171826,0.15462234285181847
commons-validator,MASZZ,21,0.99,0.25,0.013410898204303558,0.5008552587135869,0.15462234285181847
commons-validator,MASZZ,21,0.995,0.0,-0.007145310342270958,0.4501428306524883,0.08869651924915899
commons-validator,MASZZ,21,0.995,0.05,-0.009432254748368975,0.4647575948139627,0.08869651924915899
commons-validator,MASZZ,21,0.995,0.1,-0.013748792253348251,0.46736367905570264,0.08869651924915899
commons-validator,MASZZ,21,0.995,0.25,-0.011596815674215073,0.4773469516658331,0.08869651924915899
commons-validator,MASZZ,21,0.999,0.0,-0.019902836805644898,0.4361679704738284,0.012647784787302248
commons-validator,MASZZ,21,0.999,0.05,-0.022862256836519882,0.44990683885799493,0.012647784787302248
commons-validator,MASZZ,21,0.999,0.1,-0.027970284690897195,0.45171724478269265,0.012647784787302248
commons-validator,MASZZ,21,0.999,0.25,-0.030181763750200492,0.4572801146307996,0.012647784787302248
commons-validator,MASZZ,42,0.9,0.0,-0.03145583296240067,0.3577155627557878,0.11345289653494921
commons-validator,MASZZ,42,0.9,0.05,-0.034298606234996074,0.3713117437869087,0.11345289653494921
commons-validator,MASZZ,42,0.9,0.1,-0.03868604438991237,0.36331485096319055,0.11345289653494921
commons-validator,MASZZ,42,0.9,0.25,-0.03766521511479036,0.3671685990900678,0.11345289653494921
commons-validator,MASZZ,42,0.95,0.0,-0.044254263112551054,0.37648583261661556,0.09315330763801084
commons-validator,MASZZ,42,0.95,0.05,-0.04813284211601434,0.38917502098837303,0.09315330763801084
commons-validator,MASZZ,42,0.95,0.1,-0.05429412805579179,0.38436827374256266,0.09315330763801084
commons-validator,MASZZ,42,0.95,0.25,-0.05493755063748922,0.3870284854598457,0.09315330763801084
commons-validator,MASZZ,42,0.99,0.0,-0.05956783572261937,0.3945119253770351,-0.021178765779219
commons-validator,MASZZ,42,0.99,0.05,-0.06449755504556165,0.40649622340819114,-0.021178765779219
commons-validator,MASZZ,42,0.99,0.1,-0.07207421027977538,0.40452342210175735,-0.021178765779219
commons-validator,MASZZ,42,0.99,0.25,-0.0814112542567732,0.4000524713795862,-0.021178765779219
commons-validator,MASZZ,42,0.995,0.0,-0.06298970558284046,0.39126045869825343,-0.054119041118165644
commons-validator,MASZZ,42,0.995,0.05,-0.0681228493948726,0.402874188085259,-0.054119041118165644
commons-validator,MASZZ,42,0.995,0.1,-0.07594335132008621,0.40085623810914756,-0.054119041118165644
commons-validator,MASZZ,42,0.995,0.25,-0.087721674489677,0.3939690324957921,-0.054119041118165644
commons-validator,MASZZ,42,0.999,0.0,-0.06279263384919152,0.3896080978802238,-0.08580608100077636
commons-validator,MASZZ,42,0.999,0.05,-0.06793800135680263,0.4009739674854546,-0.08580608100077636
commons-validator,MASZZ,42,0.999,0.1,-0.07577996791674775,0.3989530397432257,-0.08580608100077636
commons-validator,MASZZ,42,0.999,0.25,-0.08900492027359573,0.39039307303518117,-0.08580608100077636
commons-validator,MASZZ,77,0.9,0.0,-0.03349563317652965,0.3282913288168387,-0.03327231358727766
commons-validator,MASZZ,77,0.9,0.05,-0.036442368147208956,0.34038785644861064,-0.03327231358727766
commons-validator,MASZZ,77,0.9,0.1,-0.0406019357645905,0.3334510604711908,-0.03327231358727766
commons-validator,MASZZ,77,0.9,0.25,-0.0360088252404474,0.3414342139592387,-0.03327231358727766
commons-validator,MASZZ,77,0.95,0.0,-0.04205217555480198,0.3607390281481526,-0.05536476233299976
commons-validator,MASZZ,77,0.95,0.05,-0.04581852162474201,0.3726256553079849,-0.05536476233299976
commons-validator,MASZZ,77,0.95,0.1,-0.05144228387221964,0.36927446484645193,-0.05536476233299976
commons-validator,MASZZ,77,0.95,0.25,-0.0476094428508072,0.3767067736398798,-0.05536476233299976
commons-validator,MASZZ,77,0.99,0.0,-0.05223936410885094,0.3954409887144295,-0.007990038177314277
commons-validator,MASZZ,77,0.99,0.05,-0.05679557609119696,0.4074726379525881,-0.007990038177314277
commons-validator,MASZZ,77,0.99,0.1,-0.06359865534579845,0.40728594803510787,-0.007990038177314277
commons-validator,MASZZ,77,0.99,0.25,-0.06850103499385973,0.4090500951376905,-0.007990038177314277
commons-validator,MASZZ,77,0.995,0.0,-0.059034334562779144,0.3901341944015579,-0.03418296836500336
commons-validator,MASZZ,77,0.995,0.05,-0.0639658865302036,0.40169052191755433,-0.03418296836500336
commons-validator,MASZZ,77,0.995,0.1,-0.07122603016666455,0.40123856479113307,-0.03418296836500336
commons-validator,MASZZ,77,0.995,0.25,-0.0795285146629175,0.3999255472031756,-0.03418296836500336
commons-validator,MASZZ,77,0.999,0.0,-0.06295439560437763,0.3850049903408403,-0.07288021670676878
commons-validator,MASZZ,77,0.999,0.05,-0.06810800755996832,0.3961362551681411,-0.07288021670676878
commons-validator,MASZZ,77,0.999,0.1,-0.07564411132238757,0.3953961839185867,-0.07288021670676878
commons-validator,MASZZ,77,0.999,0.25,-0.08647533440496127,0.39148678602360565,-0.07288021670676878
commons-validator,MASZZ,101,0.9,0.0,-0.024703018362080324,0.3453504075200997,0.16466969450965385
commons-validator,MASZZ,101,0.9,0.05,-0.027201623579474872,0.35831637853042103,0.16466969450965385
commons-validator,MASZZ,101,0.9,0.1,-0.031052772000660155,0.3505361365454027,0.16466969450965385
commons-validator,MASZZ,101,0.9,0.25,-0.02837072052855418,0.3525838663245401,0.16466969450965385
commons-validator,MASZZ,101,0.95,0.0,-0.03266474160390121,0.374184587107935,0.15077873574863523
commons-validator,MASZZ,101,0.95,0.05,-0.03595264200674788,0.3867564888017456,0.15077873574863523
commons-validator,MASZZ,101,0.95,0.1,-0.041278878575995784,0.38266308070536215,0.15077873574863523
commons-validator,MASZZ,101,0.95,0.25,-0.03895143888156235,0.3859641354937463,0.15077873574863523
commons-validator,MASZZ,101,0.99,0.0,-0.04645278034453422,0.40481960205041356,0.033339451792148866
commons-validator,MASZZ,101,0.99,0.05,-0.05071406978001699,0.4173292473988419,0.033339451792148866
commons-validator,MASZZ,101,0.99,0.1,-0.05738511304154271,0.41663385938932596,0.033339451792148866
commons-validator,MASZZ,101,0.99,0.25,-0.06311731568201932,0.41612513332197976,0.033339451792148866
commons-validator,MASZZ,101,0.995,0.0,-0.05192935188086458,0.40102056688631244,-0.01437548635459628
commons-validator,MASZZ,101,0.995,0.05,-0.05649878698049373,0.4131317358821997,-0.01437548635459628
commons-validator,MASZZ,101,0.995,0.1,-0.06353873224663631,0.4123297403702797,-0.01437548635459628
commons-validator,MASZZ,101,0.995,0.25,-0.0721515729175753,0.40935784223527694,-0.01437548635459628
commons-validator,MASZZ,101,0.999,0.0,-0.054304210737646824,0.3977223238519856,-0.05999905243653166
commons-validator,MASZZ,101,0.999,0.05,-0.05901695211127762,0.409501748032227,-0.05999905243653166
commons-validator,MASZZ,101,0.999,0.1,-0.06623305219356024,0.40857591494554946,-0.05999905243653166
commons-validator,MASZZ,101,0.999,0.25,-0.07685887985549822,0.40361903293537693,-0.05999905243653166
commons-validator,MASZZ,123,0.9,0.0,0.002276549974698385,0.41289095275939197,0.16302873905890228
commons-validator,MASZZ,123,0.9,0.05,0.0011530018430096108,0.4292992362687281,0.16302873905890228
commons-validator,MASZZ,123,0.9,0.1,-0.001261248478251454,0.42452984766477736,0.16302873905890228
commons-validator,MASZZ,123,0.9,0.25,0.007261210266913949,0.44065386239108184,0.16302873905890228
commons-validator,MASZZ,123,0.95,0.0,-0.008012025108615317,0.4256362567057888,0.1496411897635635
commons-validator,MASZZ,123,0.95,0.05,-0.010043460171631956,0.44083047547927917,0.1496411897635635
commons-validator,MASZZ,123,0.95,0.1,-0.014084743405785161,0.43889879991199787,0.1496411897635635
commons-validator,MASZZ,123,0.95,0.25,-0.0066683784184389415,0.4524894066298359,0.1496411897635635
commons-validator,MASZZ,123,0.99,0.0,-0.018706511110203154,0.4411797359125609,0.05069105582863823
commons-validator,MASZZ,123,0.99,0.05,-0.021553667315816684,0.45554253395343625,0.05069105582863823
commons-validator,MASZZ,123,0.99,0.1,-0.026740124717206024,0.4562995829556432,0.05069105582863823
commons-validator,MASZZ,123,0.99,0.25,-0.026990158225091918,0.4622069272821352,0.05069105582863823
commons-validator,MASZZ,123,0.995,0.0,-0.023562062437398775,0.43705890599144803,0.014884137132223332
commons-validator,MASZZ,123,0.995,0.05,-0.026685713013547246,0.45100682689251803,0.014884137132223332
commons-validator,MASZZ,123,0.995,0.1,-0.03219988081735129,0.45166787351050264,0.014884137132223332
commons-validator,MASZZ,123,0.995,0.25,-0.035210025044300326,0.4549656282225858,0.014884137132223332
commons-validator,MASZZ,123,0.999,0.0,-0.027563723144645162,0.43146966181937435,-0.02216238629705732
commons-validator,MASZZ,123,0.999,0.05,-0.03091359256713878,0.44496907334769004,-0.02216238629705732
commons-validator,MASZZ,123,0.999,0.1,-0.036694831365136,0.44539685279630914,-0.02216238629705732
commons-validator,MASZZ,123,0.999,0.25,-0.042085346551282314,0.4461463363661656,-0.02216238629705732
commons-validator,MASZZ,202,0.9,0.0,-0.051256529306999615,0.3040776842983681,-0.04609739308327153
commons-validator,MASZZ,202,0.9,0.05,-0.05510847690998757,0.31494012459967324,-0.04609739308327153
commons-validator,MASZZ,202,0.9,0.1,-0.06042607274575866,0.3053853414642345,-0.04609739308327153
commons-validator,MASZZ,202,0.9,0.25,-0.06111603381498958,0.30506647321385155,-0.04609739308327153
commons-validator,MASZZ,202,0.95,0.0,-0.05928602571367633,0.3372420132597728,-0.06714378756803396
commons-validator,MASZZ,202,0.95,0.05,-0.06393072267044829,0.3479310772706367,-0.06714378756803396
commons-validator,MASZZ,202,0.95,0.1,-0.0707071128196532,0.34228845794815616,-0.06714378756803396
commons-validator,MASZZ,202,0.95,0.25,-0.07167339125751483,0.34270875003185963,-0.06714378756803396
commons-validator,MASZZ,202,0.99,0.0,-0.06200041357201715,0.38671986086811694,-0.049501848115659164
commons-validator,MASZZ,202,0.99,0.05,-0.0670541131368444,0.3983070238012789,-0.049501848115659164
commons-validator,MASZZ,202,0.99,0.1,-0.07454152938572836,0.3970197888461681,-0.049501848115659164
commons-validator,MASZZ,202,0.99,0.25,-0.08199544478216204,0.3960433480147971,-0.049501848115659164
commons-validator,MASZZ,202,0.995,0.0,-0.06396183676211849,0.3861962410578806,-0.06807739620395957
commons-validator,MASZZ,202,0.995,0.05,-0.06914452680297148,0.3975518644491554,-0.06807739620395957
commons-validator,MASZZ,202,0.995,0.1,-0.07679939497577902,0.39632363191040304,-0.06807739620395957
commons-validator,MASZZ,202,0.995,0.25,-0.08653290318911076,0.3933837195590265,-0.06807739620395957
commons-validator,MASZZ,202,0.999,0.0,-0.06363899089553954,0.3852410062745607,-0.0925631429591425
commons-validator,MASZZ,202,0.999,0.05,-0.0688274943510313,0.39638430003345715,-0.0925631429591425
commons-validator,MASZZ,202,0.999,0.1,-0.07650436358332863,0.39514761719900576,-0.0925631429591425
commons-validator,MASZZ,202,0.999,0.25,-0.08779539541004376,0.3905633545216301,-0.0925631429591425
commons-validator,MASZZ,314,0.9,0.0,-0.030630067322097707,0.3441306001674679,0.11532654047136974
commons-validator,MASZZ,314,0.9,0.05,-0.033430754120934256,0.35703440173450907,0.11532654047136974
commons-validator,MASZZ,314,0.9,0.1,-0.037558433956515154,0.3497189374533998,0.11532654047136974
commons-validator,MASZZ,314,0.9,0.25,-0.03876027698180449,0.34330059797405305,0.11532654047136974
commons-validator,MASZZ,314,0.95,0.0,-0.038518052554566105,0.3629168111110227,0.10879748290744858
commons-validator,MASZZ,314,0.95,0.05,-0.0421042763626312,0.37491443248161643,0.10879748290744858
commons-validator,MASZZ,314,0.95,0.1,-0.04768691715232362,0.37065502191361194,0.10879748290744858
commons-validator,MASZZ,314,0.95,0.25,-0.0491462682134907,0.3660757421908924,0.10879748290744858
commons-validator,MASZZ,314,0.99,0.0,-0.06188736208587984,0.3736967471309732,0.01986210691558319
commons-validator,MASZZ,314,0.99,0.05,-0.06693529979991976,0.38462016613025607,0.01986210691558319
commons-validator,MASZZ,314,0.99,0.1,-0.07443668638676652,0.38246705447333457,0.01986210691558319
commons-validator,MASZZ,314,0.99,0.25,-0.08479981491476946,0.372722122284457,0.01986210691558319
commons-validator,MASZZ,314,0.995,0.0,-0.07036119656061328,0.36886722491486107,-0.031704125221977866
commons-validator,MASZZ,314,0.995,0.05,-0.07587004026430695,0.3793396471318871,-0.031704125221977866
commons-validator,MASZZ,314,0.995,0.1,-0.08391924081566847,0.376997761769816,-0.031704125221977866
commons-validator,MASZZ,314,0.995,0.25,-0.0976010388440425,0.36495356871223045,-0.031704125221977866
commons-validator,MASZZ,314,0.999,0.0,-0.07282508573411965,0.36900496553183515,-0.0849414034190878
commons-validator,MASZZ,314,0.999,0.05,-0.07848177328507508,0.3793207633653555,-0.0849414034190878
commons-validator,MASZZ,314,0.999,0.1,-0.08671543263694623,0.3770379650407953,-0.0849414034190878
commons-validator,MASZZ,314,0.999,0.25,-0.10225501322133775,0.36407559268935313,-0.0849414034190878
commons-validator,MASZZ,999,0.9,0.0,0.0235242698520771,0.41775742271701205,-0.04594693086014383
commons-validator,MASZZ,999,0.9,0.05,0.02348364593206493,0.4344137336934325,-0.04594693086014383
commons-validator,MASZZ,999,0.9,0.1,0.022523743464925534,0.4314050967940815,-0.04594693086014383
commons-validator,MASZZ,999,0.9,0.25,0.038093693132979625,0.45501416446910253,-0.04594693086014383
commons-validator,MASZZ,999,0.95,0.0,0.01778273236928508,0.4376174347159556,-0.012026495773977523
commons-validator,MASZZ,999,0.95,0.05,0.01706596860127567,0.453422293493479,-0.012026495773977523
commons-validator,MASZZ,999,0.95,0.1,0.014776662410687523,0.4535325226849474,-0.012026495773977523
commons-validator,MASZZ,999,0.95,0.25,0.030280646633729372,0.47484422462228043,-0.012026495773977523
commons-validator,MASZZ,999,0.99,0.0,0.0018087807869976492,0.4521963384050333,0.09182040886371343
commons-validator,MASZZ,999,0.99,0.05,7.219423244969261e-06,0.46712061530756366,0.09182040886371343
commons-validator,MASZZ,999,0.99,0.1,-0.0037682384498820306,0.46955936538592813,0.09182040886371343
commons-validator,MASZZ,999,0.99,0.25,0.0026441625877916624,0.48251842554432267,0.09182040886371343
commons-validator,MASZZ,999,0.995,0.0,-0.0100713003869718,0.44347591054813895,0.055642037123201954
commons-validator,MASZZ,999,0.995,0.05,-0.012507372580936824,0.45775088440552536,0.055642037123201954
commons-validator,MASZZ,999,0.995,0.1,-0.01702989404045956,0.4597732608583136,0.055642037123201954
commons-validator,MASZZ,999,0.995,0.25,-0.015039557575343905,0.46904656405866074,0.055642037123201954
commons-validator,MASZZ,999,0.999,0.0,-0.021328589594353773,0.4327954892232637,0.004351856800214169
commons-validator,MASZZ,999,0.999,0.05,-0.024360675408836057,0.44636247367726095,0.004351856800214169
commons-validator,MASZZ,999,0.999,0.1,-0.029582028756463846,0.44781112490623914,0.004351856800214169
commons-validator,MASZZ,999,0.999,0.25,-0.031679187362844835,0.4533491865821179,0.004351856800214169
commons-validator,LSZZ,7,0.9,0.0,0.015418072240310594,0.3952774213376932,-0.03637070870885745
commons-validator,LSZZ,7,0.9,0.05,0.014964302923565154,0.4107880028940781,-0.03637070870885745
commons-validator,LSZZ,7,0.9,0.1,0.013206971014360048,0.4043161506155323,-0.03637070870885745
commons-validator,LSZZ,7,0.9,0.25,0.009385172306996849,0.3699787522380634,-0.03637070870885745
commons-validator,LSZZ,7,0.95,0.0,0.005926692247961412,0.39954147709441246,-0.042801929068974225
commons-validator,LSZZ,7,0.95,0.05,0.004605666329656059,0.4134057334624021,-0.042801929068974225
commons-validator,LSZZ,7,0.95,0.1,0.0013110212832452457,0.4095845403581283,-0.042801929068974225
commons-validator,LSZZ,7,0.95,0.25,-0.004817560605157224,0.38149436460834507,-0.042801929068974225
commons-validator,LSZZ,7,0.99,0.0,-0.00800223393131389,0.42725730293530634,-0.001207329262974243
commons-validator,LSZZ,7,0.99,0.05,-0.010303829437124629,0.4409105217910491,-0.001207329262974243
commons-validator,LSZZ,7,0.99,0.1,-0.014914918396290618,0.44060255385333935,-0.001207329262974243
commons-validator,LSZZ,7,0.99,0.25,-0.02301026137883622,0.4234349892373,-0.001207329262974243
commons-validator,LSZZ,7,0.995,0.0,-0.010702862740050842,0.4336155513504532,-0.0163161939054242
commons-validator,LSZZ,7,0.995,0.05,-0.013171123524946085,0.44738797614504006,-0.0163161939054242
commons-validator,LSZZ,7,0.995,0.1,-0.01798330825841142,0.4476021537266527,-0.0163161939054242
commons-validator,LSZZ,7,0.995,0.25,-0.026898577169375146,0.43248877336037883,-0.0163161939054242
commons-validator,LSZZ,7,0.999,0.0,-0.010762641906664639,0.4426688155255341,-0.03915871596017637
commons-validator,LSZZ,7,0.999,0.05,-0.013256217206308636,0.4567390099316682,-0.03915871596017637
commons-validator,LSZZ,7,0.999,0.1,-0.01810460448652025,0.457579723477966,-0.03915871596017637
commons-validator,LSZZ,7,0.999,0.25,-0.027353806881471352,0.4450185502845165,-0.03915871596017637
commons-validator,LSZZ,13,0.9,0.0,-0.011790621379812868,0.2949541502091683,0.09928228466478999
commons-validator,LSZZ,13,0.9,0.05,-0.013631125520782534,0.30535159492420477,0.09928228466478999
commons-validator,LSZZ,13,0.9,0.1,-0.01698003971817026,0.29301129693305017,0.09928228466478999
commons-validator,LSZZ,13,0.9,0.25,-0.0015927950866467691,0.3216467701106345,0.09928228466478999
commons-validator,LSZZ,13,0.95,0.0,-0.02103856699254501,0.33638416475664956,0.07221985310290564
commons-validator,LSZZ,13,0.95,0.05,-0.02373392071045438,0.34702950713905906,0.07221985310290564
commons-validator,LSZZ,13,0.95,0.1,-0.028605908263735907,0.33951390440639884,0.07221985310290564
commons-validator,LSZZ,13,0.95,0.25,-0.01467037326539462,0.3655397741030339,0.07221985310290564
commons-validator,LSZZ,13,0.99,0.0,-0.03342492382550387,0.4014054104060327,-0.019707059268347957
commons-validator,LSZZ,13,0.99,0.05,-0.03702222760360196,0.4137410459869971,-0.019707059268347957
commons-validator,LSZZ,13,0.99,0.1,-0.04312042592268321,0.411920862327355,-0.019707059268347957
commons-validator,LSZZ,13,0.99,0.25,-0.03857396402320636,0.42041504054396456,-0.019707059268347957
commons-validator,LSZZ,13,0.995,0.0,-0.03653743703444465,0.4040744238760464,-0.028503149013260634
commons-validator,LSZZ,13,0.995,0.05,-0.04032239844242849,0.4163412376042751,-0.028503149013260634
commons-validator,LSZZ,13,0.995,0.1,-0.04664578586146799,0.41482739634317345,-0.028503149013260634
commons-validator,LSZZ,13,0.995,0.25,-0.04494676350134758,0.4191308445716534,-0.028503149013260634
commons-validator,LSZZ,13,0.999,0.0,-0.03966722233451386,0.4039346799495105,-0.03908826327999365
commons-validator,LSZZ,13,0.999,0.05,-0.0436339660566669,0.416030726848255,-0.03908826327999365
commons-validator,LSZZ,13,0.999,0.1,-0.050173137131889166,0.41460567324705305,-0.03908826327999365
commons-validator,LSZZ,13,0.999,0.25,-0.051128237371267184,0.4153296080373675,-0.03908826327999365
commons-validator,LSZZ,21,0.9,0.0,-0.0028660595361276616,0.29846194808725945,0.09941695479703402
commons-validator,LSZZ,21,0.9,0.05,-0.004251709031285607,0.3090381733619878,0.09941695479703402
commons-validator,LSZZ,21,0.9,0.1,-0.007078577783988899,0.2969030652653294,0.09941695479703402
commons-validator,LSZZ,21,0.9,0.25,0.007563692261971293,0.32612272376184315,0.09941695479703402
commons-validator,LSZZ,21,0.95,0.0,-0.012666545398589479,0.3411104999820417,0.07336166916412355
commons-validator,LSZZ,21,0.95,0.05,-0.014935205573045928,0.35199672763955897,0.07336166916412355
commons-validator,LSZZ,21,0.95,0.1,-0.019317468721647944,0.34475759358039587,0.07336166916412355
commons-validator,LSZZ,21,0.95,0.25,-0.006601044880348995,0.3707288270396766,0.07336166916412355
commons-validator,LSZZ,21,0.99,0.0,-0.025478169699388112,0.40860921597714855,-0.01398563109174855
commons-validator,LSZZ,21,0.99,0.05,-0.02867045437439771,0.42131200509337186,-0.01398563109174855
commons-validator,LSZZ,21,0.99,0.1,-0.03430380446179782,0.4199132106233239,-0.01398563109174855
commons-validator,LSZZ,21,0.99,0.25,-0.030135610837307144,0.42771543837230785,-0.01398563109174855
commons-validator,LSZZ,21,0.995,0.0,-0.028453648616508526,0.41176743096827034,-0.02110168169587077
commons-validator,LSZZ,21,0.995,0.05,-0.03182660674835855,0.42442633117395867,-0.02110168169587077
commons-validator,LSZZ,21,0.995,0.1,-0.037677130065687285,0.4233624951208172,-0.02110168169587077
commons-validator,LSZZ,21,0.995,0.25,-0.03604459617866275,0.42712366775067157,-0.02110168169587077
commons-validator,LSZZ,21,0.999,0.0,-0.031456894758353386,0.4122804488908392,-0.030181619962408385
commons-validator,LSZZ,21,0.999,0.05,-0.03500518593268803,0.424801851324379,-0.030181619962408385
commons-validator,LSZZ,21,0.999,0.1,-0.04106409095277233,0.42386498646952897,-0.030181619962408385
commons-validator,LSZZ,21,0.999,0.25,-0.041817714194639255,0.424282177718689,-0.030181619962408385
commons-validator,LSZZ,42,0.9,0.0,-0.016296947607417178,0.2499033252911239,-0.044454974698974484
commons-validator,LSZZ,42,0.9,0.05,-0.018367123911129418,0.2580046822686855,-0.044454974698974484
commons-validator,LSZZ,42,0.9,0.1,-0.021979637276811032,0.24302912012230704,-0.044454974698974484
commons-validator,LSZZ,42,0.9,0.25,-0.012075321272578037,0.26134130197064803,-0.044454974698974484
commons-validator,LSZZ,42,0.95,0.0,-0.02762063707033448,0.2850841174812385,-0.05274284885722038
commons-validator,LSZZ,42,0.95,0.05,-0.03065145657428233,0.29311487045945306,-0.05274284885722038
commons-validator,LSZZ,42,0.95,0.1,-0.03590846467657099,0.2825984530693008,-0.05274284885722038
commons-validator,LSZZ,42,0.95,0.25,-0.02831331736461847,0.2955081348554102,-0.05274284885722038
commons-validator,LSZZ,42,0.99,0.0,-0.04463221586143964,0.3544917368443848,-0.01845861173655947
commons-validator,LSZZ,42,0.99,0.05,-0.04880071730042024,0.3644363416111351,-0.01845861173655947
commons-validator,LSZZ,42,0.99,0.1,-0.0555544901851871,0.3598719257969923,-0.01845861173655947
commons-validator,LSZZ,42,0.99,0.25,-0.05683682791270193,0.354398154816739,-0.01845861173655947
commons-validator,LSZZ,42,0.995,0.0,-0.04829407522865955,0.3619025336224624,-0.037693659383037446
commons-validator,LSZZ,42,0.995,0.05,-0.052678232607877566,0.37201998914796014,-0.037693659383037446
commons-validator,LSZZ,42,0.995,0.1,-0.05968932879308305,0.3680392880469894,-0.037693659383037446
commons-validator,LSZZ,42,0.995,0.25,-0.06349550019363026,0.3594942339540971,-0.037693659383037446
commons-validator,LSZZ,42,0.999,0.0,-0.04877936108778407,0.37101645581147485,-0.06464056045129077
commons-validator,LSZZ,42,0.999,0.05,-0.053210519614585304,0.381434772481743,-0.06464056045129077
commons-validator,LSZZ,42,0.999,0.1,-0.06028270851306834,0.3780841555577296,-0.06464056045129077
commons-validator,LSZZ,42,0.999,0.25,-0.06577718706250825,0.3681591014673058,-0.06464056045129077
commons-validator,LSZZ,77,0.9,0.0,0.0005958881444502411,0.2680186242037617,-0.045525849711477856
commons-validator,LSZZ,77,0.9,0.05,-0.0006133176200631312,0.2770432565213347,-0.045525849711477856
commons-validator,LSZZ,77,0.9,0.1,-0.0028133950066031622,0.2662439099040694,-0.045525849711477856
commons-validator,LSZZ,77,0.9,0.25,0.014182331229837192,0.29040496520529074,-0.045525849711477856
commons-validator,LSZZ,77,0.95,0.0,-0.014994591991899203,0.2965779038790279,-0.029076839060030286
commons-validator,LSZZ,77,0.95,0.05,-0.017381904804678987,0.30519445616398383,-0.029076839060030286
commons-validator,LSZZ,77,0.95,0.1,-0.021466151696247254,0.29781430287150856,-0.029076839060030286
commons-validator,LSZZ,77,0.95,0.25,-0.007176181077651481,0.3161847707632723,-0.029076839060030286
commons-validator,LSZZ,77,0.99,0.0,-0.04669304380312681,0.3450379080501276,0.0178157716840349
commons-validator,LSZZ,77,0.99,0.05,-0.05096657865214066,0.35450068322982436,0.0178157716840349
commons-validator,LSZZ,77,0.99,0.1,-0.05747960935279023,0.3511849846966876,0.0178157716840349
commons-validator,LSZZ,77,0.99,0.25,-0.055821397007119064,0.3484433392133066,0.0178157716840349
commons-validator,LSZZ,77,0.995,0.0,-0.054410364424773,0.3484203982150929,-0.020889570959138414
commons-validator,LSZZ,77,0.995,0.05,-0.0591062483183799,0.35785071502914306,-0.020889570959138414
commons-validator,LSZZ,77,0.995,0.1,-0.06612821333975472,0.35479171788527725,-0.020889570959138414
commons-validator,LSZZ,77,0.995,0.25,-0.06811867106279498,0.3482316439779114,-0.020889570959138414
commons-validator,LSZZ,77,0.999,0.0,-0.057838131669098417,0.3556436380330794,-0.06309725974974469
commons-validator,LSZZ,77,0.999,0.05,-0.06273098500584359,0.3652784543244838,-0.06309725974974469
commons-validator,LSZZ,77,0.999,0.1,-0.0699983517901949,0.36266489154691595,-0.06309725974974469
commons-validator,LSZZ,77,0.999,0.25,-0.07453252130595724,0.35437631938374975,-0.06309725974974469
commons-validator,LSZZ,101,0.9,0.0,0.0055492332377214725,0.42576646373418364,-0.02174122041509366
commons-validator,LSZZ,101,0.9,0.05,0.004592482671283435,0.44283096836525787,-0.02174122041509366
commons-validator,LSZZ,101,0.9,0.1,0.0013038624237291703,0.43222298472054244,-0.02174122041509366
commons-validator,LSZZ,101,0.9,0.25,-0.013577240171148103,0.38643327112318226,-0.02174122041509366
commons-validator,LSZZ,101,0.95,0.0,-0.00015817770369791576,0.4256653360730345,-0.02444958495978968
commons-validator,LSZZ,101,0.95,0.05,-0.0017893288040737778,0.44086103692323864,-0.02444958495978968
commons-validator,LSZZ,101,0.95,0.1,-0.006469976738348509,0.4336840035964653,-0.02444958495978968
commons-validator,LSZZ,101,0.95,0.25,-0.023433886308443837,0.3954022086283927,-0.02444958495978968
commons-validator,LSZZ,101,0.99,0.0,-0.0065470743150558616,0.4422367809602275,0.013959120910573171
commons-validator,LSZZ,101,0.99,0.05,-0.008774505271004589,0.4566534530017746,0.013959120910573171
commons-validator,LSZZ,101,0.99,0.1,-0.014078792131411364,0.4537740413627675,0.013959120910573171
commons-validator,LSZZ,101,0.99,0.25,-0.028708129170021728,0.42625864772627103,0.013959120910573171
commons-validator,LSZZ,101,0.995,0.0,-0.005450592672215371,0.4479211594118755,-0.012731580428846876
commons-validator,LSZZ,101,0.995,0.05,-0.007651163067010022,0.4624226925259374,-0.012731580428846876
commons-validator,LSZZ,101,0.995,0.1,-0.012888817046271529,0.4602366163339045,-0.012731580428846876
commons-validator,LSZZ,101,0.995,0.25,-0.02698695213181302,0.43490438116726277,-0.012731580428846876
commons-validator,LSZZ,101,0.999,0.0,-1.5161082144518863e-05,0.46002274726360604,-0.03562073913648131
commons-validator,LSZZ,101,0.999,0.05,-0.0019609737387110463,0.4749774127073572,-0.03562073913648131
commons-validator,LSZZ,101,0.999,0.1,-0.006875827926226999,0.47376700026375707,-0.03562073913648131
commons-validator,LSZZ,101,0.999,0.25,-0.019681046141075582,0.4518959657156023,-0.03562073913648131
commons-validator,LSZZ,123,0.9,0.0,-0.013218227926958991,0.260757230501445,-0.04444960582461708
commons-validator,LSZZ,123,0.9,0.05,-0.01513149233131571,0.2694117742120457,-0.04444960582461708
commons-validator,LSZZ,123,0.9,0.1,-0.018421687063570835,0.25600275357053237,-0.04444960582461708
commons-validator,LSZZ,123,0.9,0.25,-0.008557225494826544,0.27683384525835814,-0.04444960582461708
commons-validator,LSZZ,123,0.95,0.0,-0.02371455937737664,0.29295160349498367,-0.05243988721680355
commons-validator,LSZZ,123,0.95,0.05,-0.02654629935040044,0.30138333554946983,-0.05243988721680355
commons-validator,LSZZ,123,0.95,0.1,-0.03146476711996784,0.29193572375751614,-0.05243988721680355
commons-validator,LSZZ,123,0.95,0.25,-0.02363054474477081,0.30647084016801207,-0.05243988721680355
commons-validator,LSZZ,123,0.99,0.0,-0.037724616593830376,0.3593390233146715,-0.015845738046119835
commons-validator,LSZZ,123,0.99,0.05,-0.04154106112813492,0.3695306778312255,-0.015845738046119835
commons-validator,LSZZ,123,0.99,0.1,-0.04780172716831508,0.36569214871411676,-0.015845738046119835
commons-validator,LSZZ,123,0.99,0.25,-0.04796114468825317,0.36093716006251,-0.015845738046119835
commons-validator,LSZZ,123,0.995,0.0,-0.04066043261272877,0.3669419420346715,-0.032865713091054176
commons-validator,LSZZ,123,0.995,0.05,-0.044655529120484566,0.37731623911369133,-0.032865713091054176
commons-validator,LSZZ,123,0.995,0.1,-0.051133079935668777,0.3740576011049533,-0.032865713091054176
commons-validator,LSZZ,123,0.995,0.25,-0.05359688552011653,0.3662835127671894,-0.032865713091054176
commons-validator,LSZZ,123,0.999,0.0,-0.04130789494204281,0.3762731641039815,-0.05690724248866501
commons-validator,LSZZ,123,0.999,0.05,-0.04535825818197849,0.3869593973656076,-0.05690724248866501
commons-validator,LSZZ,123,0.999,0.1,-0.0519080005202449,0.3843319687689224,-0.05690724248866501
commons-validator,LSZZ,123,0.999,0.25,-0.05604476581534187,0.3752492555081566,-0.05690724248866501
commons-validator,LSZZ,202,0.9,0.0,2.2031645958339796e-05,0.28130057582159745,-0.03637070870861374
commons-validator,LSZZ,202,0.9,0.05,-0.0012164216378103354,0.29100214416187203,-0.03637070870861374
commons-validator,LSZZ,202,0.9,0.1,-0.0038743504613777077,0.27786317544183053,-0.03637070870861374
commons-validator,LSZZ,202,0.9,0.25,0.011749650800940106,0.3032774518145209,-0.03637070870861374
commons-validator,LSZZ,202,0.95,0.0,-0.012852816742925073,0.30963018266678555,-0.04280183007079446
commons-validator,LSZZ,202,0.95,0.05,-0.015130970535985628,0.3189119653293249,-0.04280183007079446
commons-validator,LSZZ,202,0.95,0.1,-0.01952412969365665,0.309831378822468,-0.04280183007079446
commons-validator,LSZZ,202,0.95,0.25,-0.00646954021461543,0.3289059487304643,-0.04280183007079446
commons-validator,LSZZ,202,0.99,0.0,-0.028661139682261173,0.3748297851944108,-0.00032818545792530834
commons-validator,LSZZ,202,0.99,0.05,-0.03201564954093214,0.3858109513006176,-0.00032818545792530834
commons-validator,LSZZ,202,0.99,0.1,-0.037835188598640296,0.3824362169163162,-0.00032818545792530834
commons-validator,LSZZ,202,0.99,0.25,-0.034100139103483654,0.38300896566631487,-0.00032818545792530834
commons-validator,LSZZ,202,0.995,0.0,-0.033616360102021584,0.3812356859614539,-0.0158793639346079
commons-validator,LSZZ,202,0.995,0.05,-0.03725244412680637,0.39233848668524823,-0.0158793639346079
commons-validator,LSZZ,202,0.995,0.1,-0.04340496210341791,0.3894886852616775,-0.0158793639346079
commons-validator,LSZZ,202,0.995,0.25,-0.04267845640948384,0.38674480678078116,-0.0158793639346079
commons-validator,LSZZ,202,0.999,0.0,-0.03745889707041008,0.3873419518099512,-0.04307784268398051
commons-validator,LSZZ,202,0.999,0.05,-0.04131308994430472,0.3985923236365564,-0.04307784268398051
commons-validator,LSZZ,202,0.999,0.1,-0.047723084241473444,0.3961966724539983,-0.04307784268398051
commons-validator,LSZZ,202,0.999,0.25,-0.049598166479752154,0.39134625305767407,-0.04307784268398051
commons-validator,LSZZ,314,0.9,0.0,-0.011339334317498853,0.25192826741059604,-0.04230059376776106
commons-validator,LSZZ,314,0.9,0.05,-0.013156837887630023,0.26013282881955424,-0.04230059376776106
commons-validator,LSZZ,314,0.9,0.1,-0.016479353886512033,0.24527571638843756,-0.04230059376776106
commons-validator,LSZZ,314,0.9,0.25,-0.0039343999304629045,0.2641134092290927,-0.04230059376776106
commons-validator,LSZZ,314,0.95,0.0,-0.024337649733791097,0.2860850066344109,-0.05108687081447956
commons-validator,LSZZ,314,0.95,0.05,-0.027201146508811423,0.294166771537831,-0.05108687081447956
commons-validator,LSZZ,314,0.95,0.1,-0.03226611508983082,0.2837089015175328,-0.05108687081447956
commons-validator,LSZZ,314,0.95,0.25,-0.02248309468260813,0.297282513551719,-0.05108687081447956
commons-validator,LSZZ,314,0.99,0.0,-0.04540132168994613,0.3532574194180092,-0.014174366471770816
commons-validator,LSZZ,314,0.99,0.05,-0.04960902184426362,0.36313911521223774,-0.014174366471770816
commons-validator,LSZZ,314,0.99,0.1,-0.05640778385020915,0.3585024975577111,-0.014174366471770816
commons-validator,LSZZ,314,0.99,0.25,-0.05689923462091749,0.3537389884224237,-0.014174366471770816
commons-validator,LSZZ,314,0.995,0.0,-0.04994266539882439,0.36008086644882253,-0.03516642103537733
commons-validator,LSZZ,314,0.995,0.05,-0.054410845827136914,0.37010547777742125,-0.03516642103537733
commons-validator,LSZZ,314,0.995,0.1,-0.0615183768853995,0.3660182176020235,-0.03516642103537733
commons-validator,LSZZ,314,0.995,0.25,-0.06485497730780615,0.3580468155582229,-0.03516642103537733
commons-validator,LSZZ,314,0.999,0.0,-0.0512057174322756,0.36856712526151975,-0.06477838904814061
commons-validator,LSZZ,314,0.999,0.05,-0.05576053911195953,0.37886060786157927,-0.06477838904814061
commons-validator,LSZZ,314,0.999,0.1,-0.062974658594712,0.3753667164689112,-0.06477838904814061
commons-validator,LSZZ,314,0.999,0.25,-0.06827895496000769,0.36584511743116427,-0.06477838904814061
commons-validator,LSZZ,999,0.9,0.0,-0.01718644060131682,0.2462726024041228,-0.044449555646765344
commons-validator,LSZZ,999,0.9,0.05,-0.01930195134584293,0.2541889137512396,-0.044449555646765344
commons-validator,LSZZ,999,0.9,0.1,-0.02254221242769537,0.24211752579241064,-0.044449555646765344
commons-validator,LSZZ,999,0.9,0.25,-0.011065537183005772,0.2613163712700404,-0.044449555646765344
commons-validator,LSZZ,999,0.95,0.0,-0.030959117310695852,0.28066959826709426,-0.05242575810250584
commons-validator,LSZZ,999,0.95,0.05,-0.03416008782865156,0.28847535817464065,-0.05242575810250584
commons-validator,LSZZ,999,0.95,0.1,-0.03917818535235188,0.2801646428419421,-0.05242575810250584
commons-validator,LSZZ,999,0.95,0.25,-0.03031771143995185,0.2942921088755631,-0.05242575810250584
commons-validator,LSZZ,999,0.99,0.0,-0.052109173714341796,0.3472030108237854,-0.018014449872230935
commons-validator,LSZZ,999,0.99,0.05,-0.05665875033387452,0.35677613394800956,-0.018014449872230935
commons-validator,LSZZ,999,0.99,0.1,-0.063488599495474,0.35358708387785154,-0.018014449872230935
commons-validator,LSZZ,999,0.99,0.25,-0.0643169027612507,0.34994664276040005,-0.018014449872230935
commons-validator,LSZZ,999,0.995,0.0,-0.05632676504089898,0.3536879109182254,-0.04072710800549439
commons-validator,LSZZ,999,0.995,0.05,-0.06112032137364061,0.36338669498779547,-0.04072710800549439
commons-validator,LSZZ,999,0.995,0.1,-0.06825438693612454,0.3606358228880105,-0.04072710800549439
commons-validator,LSZZ,999,0.995,0.25,-0.07177075848508302,0.35391164023464117,-0.04072710800549439
commons-validator,LSZZ,999,0.999,0.0,-0.05721219860987555,0.3617357259185379,-0.07115429125173857
commons-validator,LSZZ,999,0.999,0.05,-0.06207315026170431,0.371681035265616,-0.07115429125173857
commons-validator,LSZZ,999,0.999,0.1,-0.06930390286734656,0.36942383135304624,-0.07115429125173857
commons-validator,LSZZ,999,0.999,0.25,-0.07464527106076466,0.3612262036987799,-0.07115429125173857
commons-validator,RSZZ,7,0.9,0.0,-0.0296947048752907,0.3322765435394093,-0.02615423253536984
commons-validator,RSZZ,7,0.9,0.05,-0.032591663001069485,0.343840284201664,-0.02615423253536984
commons-validator,RSZZ,7,0.9,0.1,-0.03745375305028097,0.3319755319461584,-0.02615423253536984
commons-validator,RSZZ,7,0.9,0.25,-0.03721415484531823,0.31616337066467126,-0.02615423253536984
commons-validator,RSZZ,7,0.95,0.0,-0.029043895300834083,0.37187804545043096,-0.015136355309708863
commons-validator,RSZZ,7,0.95,0.05,-0.03223450209112708,0.38392755251535954,-0.015136355309708863
commons-validator,RSZZ,7,0.95,0.1,-0.0380682075843638,0.3762756434678239,-0.015136355309708863
commons-validator,RSZZ,7,0.95,0.25,-0.0449165397611348,0.3558191555717326,-0.015136355309708863
commons-validator,RSZZ,7,0.99,0.0,-0.030168909356760653,0.42757498537082733,0.018206486473408095
commons-validator,RSZZ,7,0.99,0.05,-0.03364870154590369,0.4410301159922257,0.018206486473408095
commons-validator,RSZZ,7,0.99,0.1,-0.04006894690473652,0.43840646877280254,0.018206486473408095
commons-validator,RSZZ,7,0.99,0.25,-0.056472274844388846,0.41620124132818326,0.018206486473408095
commons-validator,RSZZ,7,0.995,0.0,-0.030207057236066554,0.43304616185224737,-0.012182709528476452
commons-validator,RSZZ,7,0.995,0.05,-0.033713955124144754,0.4465932384863256,-0.012182709528476452
commons-validator,RSZZ,7,0.995,0.1,-0.04017648990006309,0.44446120229409913,-0.012182709528476452
commons-validator,RSZZ,7,0.995,0.25,-0.05798969709591817,0.4222537649892189,-0.012182709528476452
commons-validator,RSZZ,7,0.999,0.0,-0.027503230063967297,0.43782816175373995,-0.04067240537562641
commons-validator,RSZZ,7,0.999,0.05,-0.030891671128967735,0.4514687793329512,-0.04067240537562641
commons-validator,RSZZ,7,0.999,0.1,-0.03722485089848822,0.449737623317299,-0.04067240537562641
commons-validator,RSZZ,7,0.999,0.25,-0.05553401624974471,0.4279083646732467,-0.04067240537562641
commons-validator,RSZZ,13,0.9,0.0,-0.006453866821257277,0.34911440262518956,-0.03327979646103093
commons-validator,RSZZ,13,0.9,0.05,-0.008022374684198622,0.36227221169886337,-0.03327979646103093
commons-validator,RSZZ,13,0.9,0.1,-0.011386418635080987,0.3512984703307421,-0.03327979646103093
commons-validator,RSZZ,13,0.9,0.25,-0.003586758299540009,0.3409864320659816,-0.03327979646103093
commons-validator,RSZZ,13,0.95,0.0,-0.0024777582830002934,0.39204825397444804,-0.014710336227298374
commons-validator,RSZZ,13,0.95,0.05,-0.00422713053768155,0.4055306061763938,-0.014710336227298374
commons-validator,RSZZ,13,0.95,0.1,-0.008340228059608027,0.3996213421405383,-0.014710336227298374
commons-validator,RSZZ,13,0.95,0.25,-0.006727901580272629,0.3854712623078522,-0.014710336227298374
commons-validator,RSZZ,13,0.99,0.0,-0.00244232427369558,0.45468112743447614,0.06932980421720582
commons-validator,RSZZ,13,0.99,0.05,-0.004460550043002048,0.4697320456056424,0.06932980421720582
commons-validator,RSZZ,13,0.99,0.1,-0.009046886896182087,0.46961096255648677,0.06932980421720582
commons-validator,RSZZ,13,0.99,0.25,-0.018187436290557454,0.45506432419027754,0.06932980421720582
commons-validator,RSZZ,13,0.995,0.0,-0.006036581336075448,0.4587375114735728,0.03855444601781542
commons-validator,RSZZ,13,0.995,0.05,-0.008267017585442937,0.4737903173640656,0.03855444601781542
commons-validator,RSZZ,13,0.995,0.1,-0.01310004180682945,0.4740984322931511,0.03855444601781542
commons-validator,RSZZ,13,0.995,0.25,-0.02460263861838369,0.4591566088869338,0.03855444601781542
commons-validator,RSZZ,13,0.999,0.0,-0.007990952608368641,0.4603152439381035,0.00196360086740066
commons-validator,RSZZ,13,0.999,0.05,-0.010343264305814785,0.4752848169452297,0.00196360086740066
commons-validator,RSZZ,13,0.999,0.1,-0.015317303743224814,0.47581786719055597,0.00196360086740066
commons-validator,RSZZ,13,0.999,0.25,-0.028468285034350588,0.46047548639300473,0.00196360086740066
commons-validator,RSZZ,21,0.9,0.0,0.016674493444181385,0.3897595606070391,-0.02107413239539441
commons-validator,RSZZ,21,0.9,0.05,0.016140816076337022,0.40425301567168626,-0.02107413239539441
commons-validator,RSZZ,21,0.9,0.1,0.013805190761692152,0.3938331878283795,-0.02107413239539441
commons-validator,RSZZ,21,0.9,0.25,0.03290001234041531,0.4348175765467843,-0.02107413239539441
commons-validator,RSZZ,21,0.95,0.0,0.015081515390256735,0.4209537703326468,0.02067519991467037
commons-validator,RSZZ,21,0.95,0.05,0.014139831113217928,0.435504500634103,0.02067519991467037
commons-validator,RSZZ,21,0.95,0.1,0.010661008992660386,0.42936568206296444,0.02067519991467037
commons-validator,RSZZ,21,0.95,0.25,0.03098999050353261,0.46788769705098054,0.02067519991467037
commons-validator,RSZZ,21,0.99,0.0,0.01668790796366514,0.47213766982735544,0.08499704557650935
commons-validator,RSZZ,21,0.99,0.05,0.015596248818972628,0.48786400932263674,0.08499704557650935
commons-validator,RSZZ,21,0.99,0.1,0.011744140426754212,0.4870243495949319,0.08499704557650935
commons-validator,RSZZ,21,0.99,0.25,0.023026618004874596,0.5030785764459519,0.08499704557650935
commons-validator,RSZZ,21,0.995,0.0,0.0152595036465973,0.4767084314522436,0.06285136372997087
commons-validator,RSZZ,21,0.995,0.05,0.014069882147969462,0.4924808258690986,0.06285136372997087
commons-validator,RSZZ,21,0.995,0.1,0.01010537067116048,0.4921462878053281,0.06285136372997087
commons-validator,RSZZ,21,0.995,0.25,0.01854744691986773,0.5035921809925236,0.06285136372997087
commons-validator,RSZZ,21,0.999,0.0,0.011719284053747673,0.47810271967633,0.04131187463909939
commons-validator,RSZZ,21,0.999,0.05,0.010329881493868027,0.4937959948649526,0.04131187463909939
commons-validator,RSZZ,21,0.999,0.1,0.006138770251193502,0.49371608136071693,0.04131187463909939
commons-validator,RSZZ,21,0.999,0.25,0.011620669514442622,0.5012349606546357,0.04131187463909939
commons-validator,RSZZ,42,0.9,0.0,-0.006499720214402289,0.3122475450416796,-0.022920806151679077
commons-validator,RSZZ,42,0.9,0.05,-0.008070565069261397,0.32352637543359286,-0.022920806151679077
commons-validator,RSZZ,42,0.9,0.1,-0.011707368879524742,0.30847287268119106,-0.022920806151679077
commons-validator,RSZZ,42,0.9,0.25,0.0025603543857115425,0.33146874570126705,-0.022920806151679077
commons-validator,RSZZ,42,0.95,0.0,-0.010658288528003872,0.34744101932330385,-0.0036640715860751755
commons-validator,RSZZ,42,0.95,0.05,-0.012824594661604467,0.35864989207905773,-0.0036640715860751755
commons-validator,RSZZ,42,0.95,0.1,-0.01772344227040957,0.3485278788011396,-0.0036640715860751755
commons-validator,RSZZ,42,0.95,0.25,-0.0030854315604694317,0.37003422127655117,-0.0036640715860751755
commons-validator,RSZZ,42,0.99,0.0,-0.011539607675525145,0.42032520613661156,0.051407070841845336
commons-validator,RSZZ,42,0.99,0.05,-0.014021491122605,0.4336251195316125,0.051407070841845336
commons-validator,RSZZ,42,0.99,0.1,-0.019389254051008532,0.4303471285293234,0.051407070841845336
commons-validator,RSZZ,42,0.99,0.25,-0.014903659783134127,0.43406016042014145,0.051407070841845336
commons-validator,RSZZ,42,0.995,0.0,-0.014681907226549676,0.4296626098263039,0.034555194932402444
commons-validator,RSZZ,42,0.995,0.05,-0.017352966412338525,0.4432335665994491,0.034555194932402444
commons-validator,RSZZ,42,0.995,0.1,-0.02292821692880702,0.44076192232771194,0.034555194932402444
commons-validator,RSZZ,42,0.995,0.25,-0.021681478398076215,0.440877946156415,0.034555194932402444
commons-validator,RSZZ,42,0.999,0.0,-0.019404675973106418,0.43330967229035894,0.010012716653308471
commons-validator,RSZZ,42,0.999,0.05,-0.022338706436066433,0.44690286291122056,0.010012716653308471
commons-validator,RSZZ,42,0.999,0.1,-0.028206120048563703,0.44483274985935584,0.010012716653308471
commons-validator,RSZZ,42,0.999,0.25,-0.030178677504593937,0.44149685941213274,0.010012716653308471
commons-validator,RSZZ,77,0.9,0.0,0.0009597371216130209,0.37524391206864843,-0.03559312659707048
commons-validator,RSZZ,77,0.9,0.05,-0.0002309244946793966,0.3897334536095636,-0.03559312659707048
commons-validator,RSZZ,77,0.9,0.1,-0.003238618452255146,0.3802125992879657,-0.03559312659707048
commons-validator,RSZZ,77,0.9,0.25,-0.004963607123017405,0.37053053658030505,-0.03559312659707048
commons-validator,RSZZ,77,0.95,0.0,-0.0028965483741996458,0.39895122981063125,-0.022095836248486513
commons-validator,RSZZ,77,0.95,0.05,-0.004667264939328667,0.4127854032766356,-0.022095836248486513
commons-validator,RSZZ,77,0.95,0.1,-0.008888558045315215,0.40694799296874273,-0.022095836248486513
commons-validator,RSZZ,77,0.95,0.25,-0.009234547731235459,0.3998638641623578,-0.022095836248486513
commons-validator,RSZZ,77,0.99,0.0,-0.009547486112190893,0.44604221758407664,0.058398103172638396
commons-validator,RSZZ,77,0.99,0.05,-0.01192783788029589,0.4606528398226214,0.058398103172638396
commons-validator,RSZZ,77,0.99,0.1,-0.017015549721484495,0.45964373885028015,0.058398103172638396
commons-validator,RSZZ,77,0.99,0.25,-0.02034714110644992,0.4570685785830533,0.058398103172638396
commons-validator,RSZZ,77,0.995,0.0,-0.013867565947367039,0.44767860326945624,0.029742460335494075
commons-validator,RSZZ,77,0.995,0.05,-0.016497120920332876,0.4621677741196689,0.029742460335494075
commons-validator,RSZZ,77,0.995,0.1,-0.0218724809343391,0.4614529018184625,0.029742460335494075
commons-validator,RSZZ,77,0.995,0.25,-0.02717915874036371,0.45839383811087503,0.029742460335494075
commons-validator,RSZZ,77,0.999,0.0,-0.0171074157718004,0.44652370978821754,-0.004975353090085447
commons-validator,RSZZ,77,0.999,0.05,-0.019924362674412652,0.4607903750794445,-0.004975353090085447
commons-validator,RSZZ,77,0.999,0.1,-0.0255143572046653,0.4601478455748806,-0.004975353090085447
commons-validator,RSZZ,77,0.999,0.25,-0.032509110513033054,0.4561975485150442,-0.004975353090085447
commons-validator,RSZZ,101,0.9,0.0,-0.03258291942843009,0.292973963247933,-0.04767928574528003
commons-validator,RSZZ,101,0.9,0.05,-0.0354831364752168,0.30327048455018246,-0.04767928574528003
commons-validator,RSZZ,101,0.9,0.1,-0.03984662274920115,0.29377012296779664,-0.04767928574528003
commons-validator,RSZZ,101,0.9,0.25,-0.04589023144456617,0.26859291151429454,-0.04767928574528003
commons-validator,RSZZ,101,0.95,0.0,-0.034270100545310246,0.3466217819001342,-0.053511519450674186
commons-validator,RSZZ,101,0.95,0.05,-0.03763982064815844,0.3577889009032133,-0.053511519450674186
commons-validator,RSZZ,101,0.95,0.1,-0.0430574464219016,0.35257986406446146,-0.053511519450674186
commons-validator,RSZZ,101,0.95,0.25,-0.05380978269417566,0.3261614758252847,-0.053511519450674186
commons-validator,RSZZ,101,0.99,0.0,-0.031054395597670804,0.42295416670112246,-0.0050115109093502724
commons-validator,RSZZ,101,0.99,0.05,-0.03453088159262802,0.436388069298884,-0.0050115109093502724
commons-validator,RSZZ,101,0.99,0.1,-0.04035362039599419,0.4365841261938521,-0.0050115109093502724
commons-validator,RSZZ,101,0.99,0.25,-0.05683436984058407,0.4151833197969589,-0.0050115109093502724
commons-validator,RSZZ,101,0.995,0.0,-0.030472914077994663,0.4297547258813105,-0.025651247795660158
commons-validator,RSZZ,101,0.995,0.05,-0.03394878732123853,0.44333037749732945,-0.025651247795660158
commons-validator,RSZZ,101,0.995,0.1,-0.039796268317379035,0.4439727261666206,-0.025651247795660158
commons-validator,RSZZ,101,0.995,0.25,-0.05723893561047489,0.4233875228718089,-0.025651247795660158
commons-validator,RSZZ,101,0.999,0.0,-0.027688696516285582,0.4348681593796503,-0.04836059236367471
commons-validator,RSZZ,101,0.999,0.05,-0.031044935407632587,0.4485407808011962,-0.04836059236367471
commons-validator,RSZZ,101,0.999,0.1,-0.03677476606557995,0.4495020785219216,-0.04836059236367471
commons-validator,RSZZ,101,0.999,0.25,-0.054464291616401865,0.42981703442594715,-0.04836059236367471
commons-validator,RSZZ,123,0.9,0.0,-0.029514852887654274,0.33767878252537187,-0.02534486175281419
commons-validator,RSZZ,123,0.9,0.05,-0.032258700989480533,0.3502537568312167,-0.02534486175281419
commons-validator,RSZZ,123,0.9,0.1,-0.037080933194024376,0.3380949327687777,-0.02534486175281419
commons-validator,RSZZ,123,0.9,0.25,-0.037170807293779314,0.3224205319511618,-0.02534486175281419
commons-validator,RSZZ,123,0.95,0.0,-0.025774117283572942,0.37756520479449335,-0.010381720636597503
commons-validator,RSZZ,123,0.95,0.05,-0.028710825937228904,0.3903094051050178,-0.010381720636597503
commons-validator,RSZZ,123,0.95,0.1,-0.03430702187985071,0.38297506115897834,-0.010381720636597503
commons-validator,RSZZ,123,0.95,0.25,-0.04119366371623047,0.3624742845532564,-0.010381720636597503
commons-validator,RSZZ,123,0.99,0.0,-0.017164393892548174,0.44485836730004763,0.025615656045154558
commons-validator,RSZZ,123,0.99,0.05,-0.019932953614309346,0.45940865270513576,0.025615656045154558
commons-validator,RSZZ,123,0.99,0.1,-0.02548986028494192,0.45821285841461723,0.025615656045154558
commons-validator,RSZZ,123,0.99,0.25,-0.039760534364880355,0.4381462381629078,0.025615656045154558
commons-validator,RSZZ,123,0.995,0.0,-0.01484286017531092,0.4534662992961033,0.0001288936689821758
commons-validator,RSZZ,123,0.995,0.05,-0.0175221225869593,0.4682504493814175,0.0001288936689821758
commons-validator,RSZZ,123,0.995,0.1,-0.0229759869882155,0.4677697519214111,0.0001288936689821758
commons-validator,RSZZ,123,0.995,0.25,-0.038092909351323215,0.44840968416818766,0.0001288936689821758
commons-validator,RSZZ,123,0.999,0.0,-0.011099032017349754,0.45977582185973104,-0.022384452001297826
commons-validator,RSZZ,123,0.999,0.05,-0.013609751979928489,0.47471790235319683,-0.022384452001297826
commons-validator,RSZZ,123,0.999,0.1,-0.018867998208823466,0.4747560362379627,-0.022384452001297826
commons-validator,RSZZ,123,0.999,0.25,-0.034208022970928946,0.45614978631743486,-0.022384452001297826
commons-validator,RSZZ,202,0.9,0.0,-0.04123170408133272,0.33003611918546144,-0.042277701209630356
commons-validator,RSZZ,202,0.9,0.05,-0.04457272034592994,0.34222157286414034,-0.042277701209630356
commons-validator,RSZZ,202,0.9,0.1,-0.050048417783167126,0.3300562724899215,-0.042277701209630356
commons-validator,RSZZ,202,0.9,0.25,-0.06057633547745406,0.31223920636175573,-0.042277701209630356
commons-validator,RSZZ,202,0.95,0.0,-0.05063162636571544,0.35189705995128273,-0.032048562610198936
commons-validator,RSZZ,202,0.95,0.05,-0.054835237942714346,0.36333304198333083,-0.032048562610198936
commons-validator,RSZZ,202,0.95,0.1,-0.06184881154981698,0.3547431811396325,-0.032048562610198936
commons-validator,RSZZ,202,0.95,0.25,-0.07246533023603673,0.3375914494758746,-0.032048562610198936
commons-validator,RSZZ,202,0.99,0.0,-0.05655991069945731,0.39778675461219065,-0.019872344860127403
commons-validator,RSZZ,202,0.99,0.05,-0.06133632628659698,0.4099379595815181,-0.019872344860127403
commons-validator,RSZZ,202,0.99,0.1,-0.06917404675893406,0.4061061380020653,-0.019872344860127403
commons-validator,RSZZ,202,0.99,0.25,-0.08338992928537449,0.3915265701227233,-0.019872344860127403
commons-validator,RSZZ,202,0.995,0.0,-0.05538365684249752,0.40226461650128126,-0.05004523759652355
commons-validator,RSZZ,202,0.995,0.05,-0.060129146149310066,0.41443919048633215,-0.05004523759652355
commons-validator,RSZZ,202,0.995,0.1,-0.06793300478459517,0.4110678107472776,-0.05004523759652355
commons-validator,RSZZ,202,0.995,0.25,-0.0829724650501047,0.3964919149304467,-0.05004523759652355
commons-validator,RSZZ,202,0.999,0.0,-0.05118868006491454,0.4065445043514415,-0.07588451989257278
commons-validator,RSZZ,202,0.999,0.05,-0.05574263340777337,0.4187735651476483,-0.07588451989257278
commons-validator,RSZZ,202,0.999,0.1,-0.06332622371168245,0.41579243768769675,-0.07588451989257278
commons-validator,RSZZ,202,0.999,0.25,-0.07844004024089454,0.4014450626237397,-0.07588451989257278
commons-validator,RSZZ,314,0.9,0.0,0.0014014072323122453,0.3432571394451391,-0.03035405485191375
commons-validator,RSZZ,314,0.9,0.05,0.00023325604345440486,0.3561164236818683,-0.03035405485191375
commons-validator,RSZZ,314,0.9,0.1,-0.00247616193206619,0.34718308979481566,-0.03035405485191375
commons-validator,RSZZ,314,0.9,0.25,0.00015658006108908436,0.3316718425245612,-0.03035405485191375
commons-validator,RSZZ,314,0.95,0.0,0.0004257960651877018,0.38612983080808067,-0.015728240055621165
commons-validator,RSZZ,314,0.95,0.05,-0.0011755918729778189,0.3993105410560288,-0.015728240055621165
commons-validator,RSZZ,314,0.95,0.1,-0.004876938521599757,0.3946832273084891,-0.015728240055621165
commons-validator,RSZZ,314,0.95,0.25,-0.007849248556550604,0.3755269212085709,-0.015728240055621165
commons-validator,RSZZ,314,0.99,0.0,-0.0014544777318439212,0.45468097637612875,0.05197060288854162
commons-validator,RSZZ,314,0.99,0.05,-0.003422356313604345,0.46973188684836337,0.05197060288854162
commons-validator,RSZZ,314,0.99,0.1,-0.007775725592659388,0.47052046820602356,0.05197060288854162
commons-validator,RSZZ,314,0.99,0.25,-0.018444756390209434,0.4537434525041401,0.05197060288854162
commons-validator,RSZZ,314,0.995,0.0,-0.004125669971785361,0.4602601741730596,0.027336803953073613
commons-validator,RSZZ,314,0.995,0.05,-0.006258713550565131,0.4753905850166018,0.027336803953073613
commons-validator,RSZZ,314,0.995,0.1,-0.010818421307185879,0.4766097895729391,0.027336803953073613
commons-validator,RSZZ,314,0.995,0.25,-0.023252424036790495,0.46019025434369315,0.027336803953073613
commons-validator,RSZZ,314,0.999,0.0,-0.005467533271856598,0.46302145007041284,-0.0033444361172161297
commons-validator,RSZZ,314,0.999,0.05,-0.00769123484494624,0.47812894922487986,-0.0033444361172161297
commons-validator,RSZZ,314,0.999,0.1,-0.01236738736289335,0.4795739651668202,-0.0033444361172161297
commons-validator,RSZZ,314,0.999,0.25,-0.026018904444295755,0.46338348231929916,-0.0033444361172161297
commons-validator,RSZZ,999,0.9,0.0,-0.021424880374496226,0.33742490188593066,-0.02363090755658037
commons-validator,RSZZ,999,0.9,0.05,-0.02375641001783112,0.3499869367567249,-0.02363090755658037
commons-validator,RSZZ,999,0.9,0.1,-0.027981209815381193,0.33848907491711155,-0.02363090755658037
commons-validator,RSZZ,999,0.9,0.25,-0.030610425330853515,0.32010577518829153,-0.02363090755658037
commons-validator,RSZZ,999,0.95,0.0,-0.02355700608089251,0.37625108474945035,0.012604619107239095
commons-validator,RSZZ,999,0.95,0.05,-0.026380716096802002,0.38892830881866336,0.012604619107239095
commons-validator,RSZZ,999,0.95,0.1,-0.03170612324815392,0.3822256470697783,0.012604619107239095
commons-validator,RSZZ,999,0.95,0.25,-0.040426971335508446,0.3588306076313045,0.012604619107239095
commons-validator,RSZZ,999,0.99,0.0,-0.03373490292531301,0.4232362011143439,0.05574863387916217
commons-validator,RSZZ,999,0.99,0.05,-0.037348005286705434,0.4366844780495103,0.05574863387916217
commons-validator,RSZZ,999,0.99,0.1,-0.04374638195030939,0.43481605723498096,0.05574863387916217
commons-validator,RSZZ,999,0.99,0.25,-0.06254326177593586,0.4084590132587764,0.05574863387916217
commons-validator,RSZZ,999,0.995,0.0,-0.035247883112684106,0.42722895146727347,0.00639823387310919
commons-validator,RSZZ,999,0.995,0.05,-0.03896712033133393,0.44067587292862265,0.00639823387310919
commons-validator,RSZZ,999,0.995,0.1,-0.04549127974947109,0.4392271659008254,0.00639823387310919
commons-validator,RSZZ,999,0.995,0.25,-0.06581764800580557,0.41278815481286874,0.00639823387310919
commons-validator,RSZZ,999,0.999,0.0,-0.03222035711826232,0.4322670300305708,-0.0371736027304236
commons-validator,RSZZ,999,0.999,0.05,-0.0358075593794816,0.4458070807120056,-0.0371736027304236
commons-validator,RSZZ,999,0.999,0.1,-0.04218205514931926,0.4447810385564243,-0.0371736027304236
commons-validator,RSZZ,999,0.999,0.25,-0.06276095817692962,0.41901484240448794,-0.0371736027304236
commons-validator,RASZZ,7,0.9,0.0,0.0520930533385713,0.40100785526425464,-0.044281888910837224
commons-validator,RASZZ,7,0.9,0.05,0.05350848340996217,0.41681049760072797,-0.044281888910837224
commons-validator,RASZZ,7,0.9,0.1,0.05412961692405915,0.41250443875756343,-0.044281888910837224
commons-validator,RASZZ,7,0.9,0.25,0.0732574090570051,0.432847032069391,-0.044281888910837224
commons-validator,RASZZ,7,0.95,0.0,0.04960612200210588,0.4251915912162793,-0.009927405684793736
commons-validator,RASZZ,7,0.95,0.05,0.05051128846142826,0.4403631468980372,-0.009927405684793736
commons-validator,RASZZ,7,0.95,0.1,0.049986282580555284,0.4392819768510054,-0.009927405684793736
commons-validator,RASZZ,7,0.95,0.25,0.07062549640968847,0.4559244823473764,-0.009927405684793736
commons-validator,RASZZ,7,0.99,0.0,0.043110469293267874,0.47622350907450034,0.1450653408699469
commons-validator,RASZZ,7,0.99,0.05,0.043413914900836514,0.4923723693679173,0.1450653408699469
commons-validator,RASZZ,7,0.99,0.1,0.0419563099346586,0.4957432477013259,0.1450653408699469
commons-validator,RASZZ,7,0.99,0.25,0.05534758014320693,0.5097900250153489,0.1450653408699469
commons-validator,RASZZ,7,0.995,0.0,0.028212654746451408,0.4728859590046216,0.1289258833421934
commons-validator,RASZZ,7,0.995,0.05,0.02772778588969072,0.4886598632754315,0.1289258833421934
commons-validator,RASZZ,7,0.995,0.1,0.025348066920950464,0.4919385353040729,0.1289258833421934
commons-validator,RASZZ,7,0.995,0.25,0.03374861926273916,0.5034529083804803,0.1289258833421934
commons-validator,RASZZ,7,0.999,0.0,0.01025743922973821,0.461271412329577,0.07812717722300307
commons-validator,RASZZ,7,0.999,0.05,0.008835186167274668,0.47628971799637404,0.07812717722300307
commons-validator,RASZZ,7,0.999,0.1,0.005366356778614845,0.4789491701473494,0.07812717722300307
commons-validator,RASZZ,7,0.999,0.25,0.008302465758856773,0.4865442088827917,0.07812717722300307
commons-validator,RASZZ,13,0.9,0.0,0.06024171042983083,0.4083204237707339,-0.04577393368398952
commons-validator,RASZZ,13,0.9,0.05,0.06207244991360575,0.4244957629203669,-0.04577393368398952
commons-validator,RASZZ,13,0.9,0.1,0.06304033397028933,0.4193817869419204,-0.04577393368398952
commons-validator,RASZZ,13,0.9,0.25,0.09564771814115135,0.4740696193794822,-0.04577393368398952
commons-validator,RASZZ,13,0.95,0.0,0.05527302660053297,0.4332702192713998,-0.03310390894080215
commons-validator,RASZZ,13,0.95,0.05,0.056467015965574865,0.4488535152231023,-0.03310390894080215
commons-validator,RASZZ,13,0.95,0.1,0.0561234107951799,0.44735455902038884,-0.03310390894080215
commons-validator,RASZZ,13,0.95,0.25,0.08988692883095567,0.49644319722272856,-0.03310390894080215
commons-validator,RASZZ,13,0.99,0.0,0.05153573051084269,0.4883275428057351,0.08574693838175615
commons-validator,RASZZ,13,0.99,0.05,0.052268583104895835,0.5050933046425718,0.08574693838175615
commons-validator,RASZZ,13,0.99,0.1,0.05119501948956244,0.5086332046608609,0.08574693838175615
commons-validator,RASZZ,13,0.99,0.25,0.07656261048065113,0.5385925140841241,0.08574693838175615
commons-validator,RASZZ,13,0.995,0.0,0.041216205541169025,0.48770828834373137,0.10049856793357179
commons-validator,RASZZ,13,0.995,0.05,0.04139408356146777,0.504237636464865,0.10049856793357179
commons-validator,RASZZ,13,0.995,0.1,0.03967396008285414,0.5078890536185059,0.10049856793357179
commons-validator,RASZZ,13,0.995,0.25,0.06028826425142344,0.5327865610907659,0.10049856793357179
commons-validator,RASZZ,13,0.999,0.0,0.02406776685913588,0.4787495219356069,0.0866829335636797
commons-validator,RASZZ,13,0.999,0.05,0.023349379352476433,0.49465862756474993,0.0866829335636797
commons-validator,RASZZ,13,0.999,0.1,0.020593685130576776,0.4978814174923135,0.0866829335636797
commons-validator,RASZZ,13,0.999,0.25,0.03519368507980756,0.5170892781720833,0.0866829335636797
commons-validator,RASZZ,21,0.9,0.0,-0.0009424267229552818,0.28153218563897026,-0.03298601419847845
commons-validator,RASZZ,21,0.9,0.05,-0.0022300351784260517,0.2912455583460353,-0.03298601419847845
commons-validator,RASZZ,21,0.9,0.1,-0.00496828263215362,0.2777521855177935,-0.03298601419847845
commons-validator,RASZZ,21,0.9,0.25,0.006987890363673136,0.30394773011707693,-0.03298601419847845
commons-validator,RASZZ,21,0.95,0.0,-0.002176298415740138,0.32283873797755347,-0.018025098034889345
commons-validator,RASZZ,21,0.95,0.05,-0.003910306283513586,0.33279371590197737,-0.018025098034889345
commons-validator,RASZZ,21,0.95,0.1,-0.00773787693533322,0.32414822711954205,-0.018025098034889345
commons-validator,RASZZ,21,0.95,0.25,0.006383863247180702,0.34657313655697725,-0.018025098034889345
commons-validator,RASZZ,21,0.99,0.0,0.010263884809321439,0.42185345303819904,0.07029116428274611
commons-validator,RASZZ,21,0.99,0.05,0.008893251418587017,0.43523125599408924,0.07029116428274611
commons-validator,RASZZ,21,0.99,0.1,0.005308756873447634,0.43440886445864846,0.07029116428274611
commons-validator,RASZZ,21,0.99,0.25,0.016799090334970273,0.4446405098219484,0.07029116428274611
commons-validator,RASZZ,21,0.995,0.0,0.009738588620513876,0.44009774782408057,0.0677340309228393
commons-validator,RASZZ,21,0.995,0.05,0.008312159275788013,0.4542005481858647,0.0677340309228393
commons-validator,RASZZ,21,0.995,0.1,0.004658092067986778,0.45461769499253907,0.0677340309228393
commons-validator,RASZZ,21,0.995,0.25,0.014082026002037284,0.46389219145731075,0.0677340309228393
commons-validator,RASZZ,21,0.999,0.0,0.004151400135260982,0.4494159087215953,0.05121651656023261
commons-validator,RASZZ,21,0.999,0.05,0.002417942971321442,0.4638299795823616,0.05121651656023261
commons-validator,RASZZ,21,0.999,0.1,-0.001592108111636601,0.4649069285700809,0.05121651656023261
commons-validator,RASZZ,21,0.999,0.25,0.004823898815712988,0.47258724586229306,0.05121651656023261
commons-validator,RASZZ,42,0.9,0.0,0.05972538259513482,0.38244549686201396,-0.045800742514994816
commons-validator,RASZZ,42,0.9,0.05,0.061529806600515755,0.3973020787526788,-0.045800742514994816
commons-validator,RASZZ,42,0.9,0.1,0.06269244158174635,0.39225732688019205,-0.045800742514994816
commons-validator,RASZZ,42,0.9,0.25,0.08648725616120878,0.4443439686155403,-0.045800742514994816
commons-validator,RASZZ,42,0.95,0.0,0.04861960506245363,0.41596446527162506,-0.03170278254729877
commons-validator,RASZZ,42,0.95,0.05,0.049474492099544194,0.43066574564161675,-0.03170278254729877
commons-validator,RASZZ,42,0.95,0.1,0.04900238820165421,0.4295957136101091,-0.03170278254729877
commons-validator,RASZZ,42,0.95,0.25,0.07233595663366359,0.47447890256905406,-0.03170278254729877
commons-validator,RASZZ,42,0.99,0.0,0.056674531003206005,0.49622581347220956,0.08250035990115523
commons-validator,RASZZ,42,0.99,0.05,0.05766929082797713,0.5133941233746486,0.08250035990115523
commons-validator,RASZZ,42,0.99,0.1,0.05712147932714623,0.5185048436022307,0.08250035990115523
commons-validator,RASZZ,42,0.99,0.25,0.07870043416971742,0.5467204551653826,0.08250035990115523
commons-validator,RASZZ,42,0.995,0.0,0.05445186321588728,0.5045460592931508,0.09511800672727543
commons-validator,RASZZ,42,0.995,0.05,0.05530431781363213,0.5219335714872776,0.09511800672727543
commons-validator,RASZZ,42,0.995,0.1,0.05457416089356137,0.5276219546687002,0.09511800672727543
commons-validator,RASZZ,42,0.995,0.25,0.07415811866193446,0.5530756035843526,0.09511800672727543
commons-validator,RASZZ,42,0.999,0.0,0.04514174175920936,0.5050880959806258,0.09180461649330068
commons-validator,RASZZ,42,0.999,0.05,0.045497423272061584,0.5223395893906222,0.09180461649330068
commons-validator,RASZZ,42,0.999,0.1,0.04418202635403595,0.5281078794094992,0.09180461649330068
commons-validator,RASZZ,42,0.999,0.25,0.060275195776964406,0.5504070943647686,0.09180461649330068
commons-validator,RASZZ,77,0.9,0.0,0.04570187666843507,0.3292130403265468,-0.045993628150263165
commons-validator,RASZZ,77,0.9,0.05,0.04679157014328122,0.34135654446760083,-0.045993628150263165
commons-validator,RASZZ,77,0.9,0.1,0.04708903833137113,0.3327575476931889,-0.045993628150263165
commons-validator,RASZZ,77,0.9,0.25,0.07039094441746649,0.3702844958685044,-0.045993628150263165
commons-validator,RASZZ,77,0.95,0.0,0.04549990591428468,0.36283166083923424,-0.034020636313231975
commons-validator,RASZZ,77,0.95,0.05,0.046195792467549436,0.3748249423892975,-0.034020636313231975
commons-validator,RASZZ,77,0.95,0.1,0.04549534230050352,0.3703858542034695,-0.034020636313231975
commons-validator,RASZZ,77,0.95,0.25,0.07189719563843094,0.4032340629135258,-0.034020636313231975
commons-validator,RASZZ,77,0.99,0.0,0.053218039729930305,0.45774162224055204,0.10278778425834238
commons-validator,RASZZ,77,0.99,0.05,0.054036633918629395,0.4729485234510437,0.10278778425834238
commons-validator,RASZZ,77,0.99,0.1,0.05326150380439406,0.4756879129327712,0.10278778425834238
commons-validator,RASZZ,77,0.99,0.25,0.07527611556103572,0.49574090662800785,0.10278778425834238
commons-validator,RASZZ,77,0.995,0.0,0.044475077000803186,0.4699808709471871,0.1196323082812388
commons-validator,RASZZ,77,0.995,0.05,0.04481904864558243,0.48560671273352324,0.1196323082812388
commons-validator,RASZZ,77,0.995,0.1,0.04348327074381051,0.4891689799909655,0.1196323082812388
commons-validator,RASZZ,77,0.995,0.25,0.06151637760891976,0.5069025314731378,0.1196323082812388
commons-validator,RASZZ,77,0.999,0.0,0.027716667188444604,0.47058609834109905,0.10191654112821423
commons-validator,RASZZ,77,0.999,0.05,0.027184251754807934,0.48607914195927426,0.10191654112821423
commons-validator,RASZZ,77,0.999,0.1,0.02482999194210944,0.4897372959778777,0.10191654112821423
commons-validator,RASZZ,77,0.999,0.25,0.03731348037860431,0.5039260539809962,0.10191654112821423
commons-validator,RASZZ,101,0.9,0.0,0.018058280303236546,0.37833968144164637,-0.04817816423697292
commons-validator,RASZZ,101,0.9,0.05,0.017739073436095414,0.3929870038469146,-0.04817816423697292
commons-validator,RASZZ,101,0.9,0.1,0.016468412928561042,0.3877150654168174,-0.04817816423697292
commons-validator,RASZZ,101,0.9,0.25,0.041162003992983774,0.43603964056912237,-0.04817816423697292
commons-validator,RASZZ,101,0.95,0.0,0.018087464042171,0.40753200168592013,-0.03497739593080149
commons-validator,RASZZ,101,0.95,0.05,0.017386231413904447,0.4218035079891535,-0.03497739593080149
commons-validator,RASZZ,101,0.95,0.1,0.015132735924577546,0.4202683955187949,-0.03497739593080149
commons-validator,RASZZ,101,0.95,0.25,0.04224586994324414,0.46445401189857316,-0.03497739593080149
commons-validator,RASZZ,101,0.99,0.0,0.02493822212326348,0.46679807455026157,0.06062119819644414
commons-validator,RASZZ,101,0.99,0.05,0.024315489931306417,0.48246655241625697,0.06062119819644414
commons-validator,RASZZ,101,0.99,0.1,0.021918180937196538,0.48589303040321585,0.06062119819644414
commons-validator,RASZZ,101,0.99,0.25,0.04276367274994581,0.5129231982004298,0.06062119819644414
commons-validator,RASZZ,101,0.995,0.0,0.018856221490681477,0.46842163011113747,0.06329424399880941
commons-validator,RASZZ,101,0.995,0.05,0.017894486967106518,0.4839680026808735,0.06329424399880941
commons-validator,RASZZ,101,0.995,0.1,0.015089380431640606,0.4875812280648069,0.06329424399880941
commons-validator,RASZZ,101,0.995,0.25,0.03205115625014803,0.5101678551703097,0.06329424399880941
commons-validator,RASZZ,101,0.999,0.0,0.0073152170889696335,0.4628494953002055,0.04613723511660665
commons-validator,RASZZ,101,0.999,0.05,0.005743008943760421,0.47794823050329116,0.04613723511660665
commons-validator,RASZZ,101,0.999,0.1,0.0022223877063573963,0.4812842672339539,0.04613723511660665
commons-validator,RASZZ,101,0.999,0.25,0.014352329062748883,0.49901628345364146,0.04613723511660665
commons-validator,RASZZ,123,0.9,0.0,0.06946552759026131,0.4108911709543556,-0.046021163138050894
commons-validator,RASZZ,123,0.9,0.05,0.07176637374829367,0.42719753236818025,-0.046021163138050894
commons-validator,RASZZ,123,0.9,0.1,0.07327380829670385,0.4222339331679052,-0.046021163138050894
commons-validator,RASZZ,123,0.9,0.25,0.10373842148820571,0.47830086188001636,-0.046021163138050894
commons-validator,RASZZ,123,0.95,0.0,0.06678848650586516,0.4398200463222902,-0.03348111881375381
commons-validator,RASZZ,123,0.95,0.05,0.06856937980281327,0.4557371647423158,-0.03348111881375381
commons-validator,RASZZ,123,0.95,0.1,0.06889937558810875,0.4546213430211912,-0.03348111881375381
commons-validator,RASZZ,123,0.95,0.25,0.10075440320111012,0.5043205592807312,-0.03348111881375381
commons-validator,RASZZ,123,0.99,0.0,0.0707426698730883,0.5065862713525114,0.10424349103163648
commons-validator,RASZZ,123,0.99,0.05,0.07245443501811705,0.5242826186513104,0.10424349103163648
commons-validator,RASZZ,123,0.99,0.1,0.07250438820685906,0.5288905695420709,0.10424349103163648
commons-validator,RASZZ,123,0.99,0.25,0.09952363518650395,0.5604743620643453,0.10424349103163648
commons-validator,RASZZ,123,0.995,0.0,0.06230099504710177,0.5092613956835337,0.12323429583791054
commons-validator,RASZZ,123,0.995,0.05,0.06355349327069058,0.526889232579455,0.12323429583791054
commons-validator,RASZZ,123,0.995,0.1,0.06306673211355503,0.5318014064741676,0.12323429583791054
commons-validator,RASZZ,123,0.995,0.25,0.08617420242642577,0.5591553460947903,0.12323429583791054
commons-validator,RASZZ,123,0.999,0.0,0.045905159625583114,0.5032946486360126,0.11302087784750464
commons-validator,RASZZ,123,0.999,0.05,0.046299749957635396,0.5204547361180761,0.11302087784750464
commons-validator,RASZZ,123,0.999,0.1,0.044821441854761265,0.5251133020319103,0.11302087784750464
commons-validator,RASZZ,123,0.999,0.25,0.062426934359256926,0.5475964387502491,0.11302087784750464
commons-validator,RASZZ,202,0.9,0.0,0.014333299507200931,0.29027969895636746,-0.0460828308673635
commons-validator,RASZZ,202,0.9,0.05,0.013824243003706495,0.300438902746393,-0.0460828308673635
commons-validator,RASZZ,202,0.9,0.1,0.012286795024473163,0.2895624862101328,-0.0460828308673635
commons-validator,RASZZ,202,0.9,0.25,0.034650061935073834,0.31916696398192335,-0.0460828308673635
commons-validator,RASZZ,202,0.95,0.0,0.0109351663210128,0.33097672107635767,-0.035659571224061534
commons-validator,RASZZ,202,0.95,0.05,0.00986940533788933,0.3413464643959754,-0.035659571224061534
commons-validator,RASZZ,202,0.95,0.1,0.00714707833616847,0.33504401008807017,-0.035659571224061534
commons-validator,RASZZ,202,0.95,0.25,0.031081872132468963,0.36233333883993046,-0.035659571224061534
commons-validator,RASZZ,202,0.99,0.0,0.022045419991092458,0.42773897611549233,0.06773510921706731
commons-validator,RASZZ,202,0.99,0.05,0.021275251486599436,0.44141674421943433,0.06773510921706731
commons-validator,RASZZ,202,0.99,0.1,0.01867666780471866,0.44240111815951383,0.06773510921706731
commons-validator,RASZZ,202,0.99,0.25,0.03803199892352128,0.46015600440698196,0.06773510921706731
commons-validator,RASZZ,202,0.995,0.0,0.01836038760195656,0.44241399627103184,0.0773923550259455
commons-validator,RASZZ,202,0.995,0.05,0.017373382106900006,0.4566348479596377,0.0773923550259455
commons-validator,RASZZ,202,0.995,0.1,0.014510016086091978,0.45858458099960947,0.0773923550259455
commons-validator,RASZZ,202,0.995,0.25,0.030650841887903183,0.474794798269825,0.0773923550259455
commons-validator,RASZZ,202,0.999,0.0,0.007532220615346274,0.44630131634513426,0.06488321436241637
commons-validator,RASZZ,202,0.999,0.05,0.0059710724038188265,0.460556646996907,0.06488321436241637
commons-validator,RASZZ,202,0.999,0.1,0.002436116152289774,0.46279425398606516,0.06488321436241637
commons-validator,RASZZ,202,0.999,0.25,0.014010120628177428,0.4762706671068717,0.06488321436241637
commons-validator,RASZZ,314,0.9,0.0,0.013614098209513988,0.2896084603607548,-0.038486841735475494
commons-validator,RASZZ,314,0.9,0.05,0.013068386455346567,0.29973345339634666,-0.038486841735475494
commons-validator,RASZZ,314,0.9,0.1,0.011523754461747724,0.28934042067682886,-0.038486841735475494
commons-validator,RASZZ,314,0.9,0.25,0.026100006725157814,0.31950802857615207,-0.038486841735475494
commons-validator,RASZZ,314,0.95,0.0,0.014450525280152785,0.3294713755664434,-0.030506590120976916
commons-validator,RASZZ,314,0.95,0.05,0.013563930219375625,0.33976439653142587,-0.030506590120976916
commons-validator,RASZZ,314,0.95,0.1,0.011072191515123618,0.33353599053188115,-0.030506590120976916
commons-validator,RASZZ,314,0.95,0.25,0.027847943664195192,0.35883964025427234,-0.030506590120976916
commons-validator,RASZZ,314,0.99,0.0,0.02984493877214588,0.4379169959610123,0.05448897203516789
commons-validator,RASZZ,314,0.99,0.05,0.02947228528461341,0.45211350321349586,0.05448897203516789
commons-validator,RASZZ,314,0.99,0.1,0.027325592723921936,0.45366423795146016,0.05448897203516789
commons-validator,RASZZ,314,0.99,0.25,0.043480410301264864,0.4691691090885637,0.05448897203516789
commons-validator,RASZZ,314,0.995,0.0,0.028913141076026057,0.45750474185302514,0.06764762622689814
commons-validator,RASZZ,314,0.995,0.05,0.028463973631493267,0.4724947176574092,0.06764762622689814
commons-validator,RASZZ,314,0.995,0.1,0.02621054883097202,0.47528417746294116,0.06764762622689814
commons-validator,RASZZ,314,0.995,0.25,0.040524384122627974,0.49048987273983263,0.06764762622689814
commons-validator,RASZZ,314,0.999,0.0,0.021119873982826932,0.46628422260157354,0.06529216995681371
commons-validator,RASZZ,314,0.999,0.05,0.020251242375265977,0.48155801420490474,0.06529216995681371
commons-validator,RASZZ,314,0.999,0.1,0.01750163520225632,0.4849120374210611,0.06529216995681371
commons-validator,RASZZ,314,0.999,0.25,0.028554653792342243,0.4987339189639502,0.06529216995681371
commons-validator,RASZZ,999,0.9,0.0,0.027427791059539484,0.39052548229779144,-0.050715687971171465
commons-validator,RASZZ,999,0.9,0.05,0.02758611637505703,0.40579387363948893,-0.050715687971171465
commons-validator,RASZZ,999,0.9,0.1,0.026814635373820943,0.40078137013995013,-0.050715687971171465
commons-validator,RASZZ,999,0.9,0.25,0.05017544964722538,0.4527198119783534,-0.050715687971171465
commons-validator,RASZZ,999,0.95,0.0,0.025840779800405667,0.41562273785327425,-0.041308170816909316
commons-validator,RASZZ,999,0.95,0.05,0.025534707377743344,0.4303066015358632,-0.041308170816909316
commons-validator,RASZZ,999,0.95,0.1,0.02368428958046705,0.428955546326653,-0.041308170816909316
commons-validator,RASZZ,999,0.95,0.25,0.04941196918702769,0.47490317573440605,-0.041308170816909316
commons-validator,RASZZ,999,0.99,0.0,0.03138393368913356,0.47319851930616064,0.05928731276502922
commons-validator,RASZZ,999,0.99,0.05,0.031089717552379013,0.4891932061315955,0.05928731276502922
commons-validator,RASZZ,999,0.99,0.1,0.029037393577313428,0.4928367523487897,0.05928731276502922
commons-validator,RASZZ,999,0.99,0.25,0.04871520902327643,0.5190436213863961,0.05928731276502922
commons-validator,RASZZ,999,0.995,0.0,0.02509338987317182,0.475175524668497,0.06694199324336564
commons-validator,RASZZ,999,0.995,0.05,0.024449542666103396,0.4910661203351812,0.06694199324336564
commons-validator,RASZZ,999,0.995,0.1,0.021980026027069204,0.4949322507244412,0.06694199324336564
commons-validator,RASZZ,999,0.995,0.25,0.03796282578258348,0.5165935953498508,0.06694199324336564
commons-validator,RASZZ,999,0.999,0.0,0.013204355001899216,0.4701415229071319,0.05277403196947677
commons-validator,RASZZ,999,0.999,0.05,0.011932296240653017,0.4856119080234,0.05277403196947677
commons-validator,RASZZ,999,0.999,0.1,0.008729133523641644,0.4892440564426041,0.05277403196947677
commons-validator,RASZZ,999,0.999,0.25,0.020021305266412204,0.5060953799583742,0.05277403196947677
commons-vfs,oracle,7,0.9,0.0,0.16778612273923477,0.5349349852192878,0.005264020507831819
commons-vfs,oracle,7,0.9,0.05,0.19178894091812268,0.5510893616529571,0.005264020507831819
commons-vfs,oracle,7,0.9,0.1,0.20606119550513813,0.5668760706642054,0.005264020507831819
commons-vfs,oracle,7,0.9,0.25,0.19428394227456675,0.5568999056961162,0.005264020507831819
commons-vfs,oracle,7,0.95,0.0,0.1559561217010301,0.5657153163765615,0.024963458617981094
commons-vfs,oracle,7,0.95,0.05,0.18180974971753908,0.5832814754342703,0.024963458617981094
commons-vfs,oracle,7,0.95,0.1,0.19747572227178709,0.5972331880745358,0.024963458617981094
commons-vfs,oracle,7,0.95,0.25,0.1901421254005678,0.592898548014077,0.024963458617981094
commons-vfs,oracle,7,0.99,0.0,0.13245847430179014,0.5905938483618051,0.013789288558472348
commons-vfs,oracle,7,0.99,0.05,0.1597330574417333,0.6100828179461858,0.013789288558472348
commons-vfs,oracle,7,0.99,0.1,0.17616036019562367,0.6243377578047088,0.013789288558472348
commons-vfs,oracle,7,0.99,0.25,0.18542572117199033,0.632639107795161,0.013789288558472348
commons-vfs,oracle,7,0.995,0.0,0.13056888913522902,0.5906659188670121,0.03891218706610101
commons-vfs,oracle,7,0.995,0.05,0.15814777579183945,0.6103015528745177,0.03891218706610101
commons-vfs,oracle,7,0.995,0.1,0.17506117524424364,0.6248428696529191,0.03891218706610101
commons-vfs,oracle,7,0.995,0.25,0.1910225768583035,0.6371544591956968,0.03891218706610101
commons-vfs,oracle,7,0.999,0.0,0.12541228441487523,0.583446686347039,0.1182129412830336
commons-vfs,oracle,7,0.999,0.05,0.15305841826829694,0.6028308808267855,0.1182129412830336
commons-vfs,oracle,7,0.999,0.1,0.17022295588462433,0.6172235335080212,0.1182129412830336
commons-vfs,oracle,7,0.999,0.25,0.19130363846364634,0.6320491574179516,0.1182129412830336
commons-vfs,oracle,13,0.9,0.0,0.11743730842384682,0.5012813649534743,0.00639109772433179
commons-vfs,oracle,13,0.9,0.05,0.13881530689908894,0.5156812872500632,0.00639109772433179
commons-vfs,oracle,13,0.9,0.1,0.15011806848804046,0.5294831592577459,0.00639109772433179
commons-vfs,oracle,13,0.9,0.25,0.12600118600876153,0.5113052911287642,0.00639109772433179
commons-vfs,oracle,13,0.95,0.0,0.10995909005692746,0.534373200096661,0.02768200719487011
commons-vfs,oracle,13,0.95,0.05,0.13341476855644527,0.5503054099644225,0.02768200719487011
commons-vfs,oracle,13,0.95,0.1,0.14636790933389524,0.5624086144302017,0.02768200719487011
commons-vfs,oracle,13,0.95,0.25,0.12861028024529245,0.5507392592916099,0.02768200719487011
commons-vfs,oracle,13,0.99,0.0,0.08826884754763033,0.5567409967293877,0.013833547223685478
commons-vfs,oracle,13,0.99,0.05,0.11323970607005804,0.574465125707339,0.013833547223685478
commons-vfs,oracle,13,0.99,0.1,0.12706077491322387,0.5867234782131336,0.013833547223685478
commons-vfs,oracle,13,0.99,0.25,0.1273919197701051,0.5880017181103488,0.013833547223685478
commons-vfs,oracle,13,0.995,0.0,0.0861589846724815,0.5572973280984378,0.024400212506235565
commons-vfs,oracle,13,0.995,0.05,0.1114226630395648,0.575193367326539,0.024400212506235565
commons-vfs,oracle,13,0.995,0.1,0.12571683695230196,0.5877666576878364,0.024400212506235565
commons-vfs,oracle,13,0.995,0.25,0.1326931901223157,0.5932422984851823,0.024400212506235565
commons-vfs,oracle,13,0.999,0.0,0.08710335167758643,0.5568855949580113,0.0765382444415726
commons-vfs,oracle,13,0.999,0.05,0.11275233737882724,0.5748850879909362,0.0765382444415726
commons-vfs,oracle,13,0.999,0.1,0.12765747506541458,0.5877112097424347,0.0765382444415726
commons-vfs,oracle,13,0.999,0.25,0.1410504446019307,0.5972366084275732,0.0765382444415726
commons-vfs,oracle,21,0.9,0.0,0.1345283933908458,0.49567238946578673,0.004608293507349661
commons-vfs,oracle,21,0.9,0.05,0.15679739629564715,0.5097799007179941,0.004608293507349661
commons-vfs,oracle,21,0.9,0.1,0.1691081628958171,0.5232509642714265,0.004608293507349661
commons-vfs,oracle,21,0.9,0.25,0.14988144844259113,0.503759534162984,0.004608293507349661
commons-vfs,oracle,21,0.95,0.0,0.12288748783382354,0.5283310487793329,0.02279198337240653
commons-vfs,oracle,21,0.95,0.05,0.1470171586345066,0.5439482649765227,0.02279198337240653
commons-vfs,oracle,21,0.95,0.1,0.16073279575266866,0.555695112966504,0.02279198337240653
commons-vfs,oracle,21,0.95,0.25,0.14615780636691336,0.5426634173300545,0.02279198337240653
commons-vfs,oracle,21,0.99,0.0,0.10292359058940019,0.5638506703188252,0.004993692306356073
commons-vfs,oracle,21,0.99,0.05,0.1286584404552377,0.5819454457872211,0.004993692306356073
commons-vfs,oracle,21,0.99,0.1,0.14334382273741264,0.594623115534731,0.004993692306356073
commons-vfs,oracle,21,0.99,0.25,0.14692961158283183,0.5974941273130462,0.004993692306356073
commons-vfs,oracle,21,0.995,0.0,0.1034001803298409,0.5689411297682427,0.019034749257656254
commons-vfs,oracle,21,0.995,0.05,0.12956268880228416,0.5874441918322109,0.019034749257656254
commons-vfs,oracle,21,0.995,0.1,0.1448737210160346,0.6007042150987311,0.019034749257656254
commons-vfs,oracle,21,0.995,0.25,0.155695271113477,0.608785707981834,0.019034749257656254
commons-vfs,oracle,21,0.999,0.0,0.10430516045787162,0.569070502959083,0.08850026328620825
commons-vfs,oracle,21,0.999,0.05,0.13085092292016998,0.58770522816268,0.08850026328620825
commons-vfs,oracle,21,0.999,0.1,0.14677059593239816,0.6012499964102923,0.08850026328620825
commons-vfs,oracle,21,0.999,0.25,0.16401073706394917,0.6135072860699434,0.08850026328620825
commons-vfs,oracle,42,0.9,0.0,0.16973736261039798,0.5277721640986485,0.004608292926453036
commons-vfs,oracle,42,0.9,0.05,0.19384190419489158,0.5435531233174976,0.004608292926453036
commons-vfs,oracle,42,0.9,0.1,0.20303012118004546,0.5526492439838019,0.004608292926453036
commons-vfs,oracle,42,0.9,0.25,0.17669751589826957,0.5230180775553985,0.004608292926453036
commons-vfs,oracle,42,0.95,0.0,0.15769136938833714,0.5560942213988656,0.02277444029919591
commons-vfs,oracle,42,0.95,0.05,0.18363546055442134,0.5731588067847514,0.02277444029919591
commons-vfs,oracle,42,0.95,0.1,0.19598602288580555,0.5829038523380173,0.02277444029919591
commons-vfs,oracle,42,0.95,0.25,0.17549522512292243,0.5608346495574631,0.02277444029919591
commons-vfs,oracle,42,0.99,0.0,0.13396250401605034,0.5834111116497822,-0.00696419009542929
commons-vfs,oracle,42,0.99,0.05,0.16131549628801656,0.6025256257657636,-0.00696419009542929
commons-vfs,oracle,42,0.99,0.1,0.1766669375440403,0.615631291604838,-0.00696419009542929
commons-vfs,oracle,42,0.99,0.25,0.17691279292996626,0.6148104078972554,-0.00696419009542929
commons-vfs,oracle,42,0.995,0.0,0.13973941546101262,0.5940275086521145,0.01528164291498927
commons-vfs,oracle,42,0.995,0.05,0.16779638642844596,0.6138383914161895,0.01528164291498927
commons-vfs,oracle,42,0.995,0.1,0.18431576452631399,0.6280412647175948,0.01528164291498927
commons-vfs,oracle,42,0.995,0.25,0.1935187093923557,0.6348574890389888,0.01528164291498927
commons-vfs,oracle,42,0.999,0.0,0.14669870841434862,0.5987826678238743,0.11826101797642306
commons-vfs,oracle,42,0.999,0.05,0.17545456105447274,0.6189663684469628,0.11826101797642306
commons-vfs,oracle,42,0.999,0.1,0.19310114404951018,0.6338458915260802,0.11826101797642306
commons-vfs,oracle,42,0.999,0.25,0.21068803677116232,0.6468907115482243,0.11826101797642306
commons-vfs,oracle,77,0.9,0.0,0.18066668178295292,0.5343470039286905,0.005264020506053029
commons-vfs,oracle,77,0.9,0.05,0.20197874580511957,0.5495015751805066,0.005264020506053029
commons-vfs,oracle,77,0.9,0.1,0.2170600772905349,0.5651923509199275,0.005264020506053029
commons-vfs,oracle,77,0.9,0.25,0.20739232372712058,0.5542419117038817,0.005264020506053029
commons-vfs,oracle,77,0.95,0.0,0.16294301167189135,0.5660457784507044,0.024963315023941012
commons-vfs,oracle,77,0.95,0.05,0.18568777279021076,0.5827031763700361,0.024963315023941012
commons-vfs,oracle,77,0.95,0.1,0.20055031712410493,0.5963993904696945,0.024963315023941012
commons-vfs,oracle,77,0.95,0.25,0.19486413371021996,0.5919840420139372,0.024963315023941012
commons-vfs,oracle,77,0.99,0.0,0.14031358901024923,0.5929929737632594,0.013337421363424827
commons-vfs,oracle,77,0.99,0.05,0.16475505307385693,0.6117735395612977,0.013337421363424827
commons-vfs,oracle,77,0.99,0.1,0.1784551807271743,0.6254241135941602,0.013337421363424827
commons-vfs,oracle,77,0.99,0.25,0.18752093915699158,0.6331062441499259,0.013337421363424827
commons-vfs,oracle,77,0.995,0.0,0.1398945724828621,0.5942396479669441,0.038173644844810645
commons-vfs,oracle,77,0.995,0.05,0.16477116709456904,0.613246096148887,0.038173644844810645
commons-vfs,oracle,77,0.995,0.1,0.17880038044868757,0.627194314885154,0.038173644844810645
commons-vfs,oracle,77,0.995,0.25,0.19357380589576517,0.6385509675277042,0.038173644844810645
commons-vfs,oracle,77,0.999,0.0,0.13797150596442695,0.5894576924991713,0.12032961116292214
commons-vfs,oracle,77,0.999,0.05,0.16313133539317393,0.6083552348186506,0.12032961116292214
commons-vfs,oracle,77,0.999,0.1,0.1774233399343712,0.6222565250063459,0.12032961116292214
commons-vfs,oracle,77,0.999,0.25,0.1966767519119888,0.6360986055261604,0.12032961116292214
commons-vfs,oracle,101,0.9,0.0,0.07239776275340541,0.46655618665606713,0.004608294162858812
commons-vfs,oracle,101,0.9,0.05,0.09142772804203686,0.47914579160065857,0.004608294162858812
commons-vfs,oracle,101,0.9,0.1,0.09548555531505905,0.4850407913953045,0.004608294162858812
commons-vfs,oracle,101,0.9,0.25,0.06303212457843299,0.45554228191494883,0.004608294162858812
commons-vfs,oracle,101,0.95,0.0,0.06493954659728535,0.4991039539648055,0.022781070811651098
commons-vfs,oracle,101,0.95,0.05,0.08604823467947588,0.5131974827546029,0.022781070811651098
commons-vfs,oracle,101,0.95,0.1,0.09322380848513649,0.5198735260744325,0.022781070811651098
commons-vfs,oracle,101,0.95,0.25,0.06387167837948904,0.495674003705797,0.022781070811651098
commons-vfs,oracle,101,0.99,0.0,0.04958442508516159,0.5223354457908388,-0.018942810263839364
commons-vfs,oracle,101,0.99,0.05,0.07253856016167862,0.5382659204544581,-0.018942810263839364
commons-vfs,oracle,101,0.99,0.1,0.08305559524594368,0.5479167601432656,-0.018942810263839364
commons-vfs,oracle,101,0.99,0.25,0.06864418552967344,0.536463789075996,-0.018942810263839364
commons-vfs,oracle,101,0.995,0.0,0.05164418514052354,0.5275686442973028,-0.016063336880219527
commons-vfs,oracle,101,0.995,0.05,0.07510851376897397,0.5439148469291365,-0.016063336880219527
commons-vfs,oracle,101,0.995,0.1,0.0865605543724227,0.5543256565777284,-0.016063336880219527
commons-vfs,oracle,101,0.995,0.25,0.07906601995889821,0.5481546359244645,-0.016063336880219527
commons-vfs,oracle,101,0.999,0.0,0.05658740999099791,0.5331610086365615,0.03828941481418596
commons-vfs,oracle,101,0.999,0.05,0.0806455172156867,0.5499236748944347,0.03828941481418596
commons-vfs,oracle,101,0.999,0.1,0.0930947757230041,0.561045116093735,0.03828941481418596
commons-vfs,oracle,101,0.999,0.25,0.09268914434112377,0.560451669432461,0.03828941481418596
commons-vfs,oracle,123,0.9,0.0,0.15541586249022338,0.5446953222006528,0.00614972614110979
commons-vfs,oracle,123,0.9,0.05,0.17877378558503962,0.5613585313679477,0.00614972614110979
commons-vfs,oracle,123,0.9,0.1,0.18902199409814874,0.5730587037030409,0.00614972614110979
commons-vfs,oracle,123,0.9,0.25,0.17176142893663832,0.5602525437991066,0.00614972614110979
commons-vfs,oracle,123,0.95,0.0,0.14627276685402477,0.5728408209329282,0.027413459680923
commons-vfs,oracle,123,0.95,0.05,0.17162157542353343,0.5907784517921539,0.027413459680923
commons-vfs,oracle,123,0.95,0.1,0.18435881906398327,0.6026519991137024,0.027413459680923
commons-vfs,oracle,123,0.95,0.25,0.17193348750469054,0.5943526851693178,0.027413459680923
commons-vfs,oracle,123,0.99,0.0,0.12217530430257745,0.58447205799808,0.005729905430678712
commons-vfs,oracle,123,0.99,0.05,0.14891379801128204,0.6036418821132619,0.005729905430678712
commons-vfs,oracle,123,0.99,0.1,0.16412092918454732,0.6173817750279752,0.005729905430678712
commons-vfs,oracle,123,0.99,0.25,0.16908655143286308,0.6223684846582156,0.005729905430678712
commons-vfs,oracle,123,0.995,0.0,0.12107042427503276,0.5850885902024218,0.03132654283029359
commons-vfs,oracle,123,0.995,0.05,0.1481541302991211,0.6044334629999253,0.03132654283029359
commons-vfs,oracle,123,0.995,0.1,0.16407102211678148,0.6186030792171847,0.03132654283029359
commons-vfs,oracle,123,0.995,0.25,0.17588734519347457,0.6283303580195058,0.03132654283029359
commons-vfs,oracle,123,0.999,0.0,0.11812542101780896,0.5796016720570675,0.11157078214373235
commons-vfs,oracle,123,0.999,0.05,0.14539167099744996,0.5987854155548722,0.11157078214373235
commons-vfs,oracle,123,0.999,0.1,0.1618086021307694,0.6129672028116142,0.11157078214373235
commons-vfs,oracle,123,0.999,0.25,0.17924998582410462,0.6260791116690856,0.11157078214373235
commons-vfs,oracle,202,0.9,0.0,0.1705997241583768,0.530210958820684,0.006149167267361462
commons-vfs,oracle,202,0.9,0.05,0.1947492229799688,0.5461190589966063,0.006149167267361462
commons-vfs,oracle,202,0.9,0.1,0.20328145119066154,0.5549960806582684,0.006149167267361462
commons-vfs,oracle,202,0.9,0.25,0.1893270546644437,0.5384076617219354,0.006149167267361462
commons-vfs,oracle,202,0.95,0.0,0.15324947214951803,0.5633444192230572,0.02734423752024652
commons-vfs,oracle,202,0.95,0.05,0.1789619952131046,0.5807869770073607,0.02734423752024652
commons-vfs,oracle,202,0.95,0.1,0.19073463833783577,0.5906726455920315,0.02734423752024652
commons-vfs,oracle,202,0.95,0.25,0.17979235187147435,0.5798201603315232,0.02734423752024652
commons-vfs,oracle,202,0.99,0.0,0.12903279551462862,0.5852376006605531,0.011956807232490633
commons-vfs,oracle,202,0.99,0.05,0.1561287887651937,0.6044473345827832,0.011956807232490633
commons-vfs,oracle,202,0.99,0.1,0.17103908896936612,0.617506023075303,0.011956807232490633
commons-vfs,oracle,202,0.99,0.25,0.17578970752743045,0.6211626957746654,0.011956807232490633
commons-vfs,oracle,202,0.995,0.0,0.1288330267350232,0.5880728577696835,0.031082466018747774
commons-vfs,oracle,202,0.995,0.05,0.15632141819541437,0.6075733084972337,0.031082466018747774
commons-vfs,oracle,202,0.995,0.1,0.17206130837194356,0.6212901389291352,0.031082466018747774
commons-vfs,oracle,202,0.995,0.25,0.1834972250871273,0.629871260196593,0.031082466018747774
commons-vfs,oracle,202,0.999,0.0,0.12920333791175678,0.5864253347343141,0.10920226340608112
commons-vfs,oracle,202,0.999,0.05,0.15704710962520554,0.6059648142010748,0.10920226340608112
commons-vfs,oracle,202,0.999,0.1,0.1735370016533864,0.6199963340360866,0.10920226340608112
commons-vfs,oracle,202,0.999,0.25,0.19107938160594534,0.6325673437713524,0.10920226340608112
commons-vfs,oracle,314,0.9,0.0,0.14515339899884738,0.5089854914730363,0.005264019423850873
commons-vfs,oracle,314,0.9,0.05,0.16461405965312226,0.5228178985683963,0.005264019423850873
commons-vfs,oracle,314,0.9,0.1,0.17270803028345766,0.5312427023141351,0.005264019423850873
commons-vfs,oracle,314,0.9,0.25,0.15555450678501867,0.5127906574800126,0.005264019423850873
commons-vfs,oracle,314,0.95,0.0,0.1355216279520482,0.5394630516142997,0.024940363753415948
commons-vfs,oracle,314,0.95,0.05,0.1568368382603284,0.5547346201724919,0.024940363753415948
commons-vfs,oracle,314,0.95,0.1,0.16660769621393706,0.5633995985617236,0.024940363753415948
commons-vfs,oracle,314,0.95,0.25,0.15357288126408955,0.5491345703283358,0.024940363753415948
commons-vfs,oracle,314,0.99,0.0,0.11642325836332139,0.5693048977025797,-0.00529127711264871
commons-vfs,oracle,314,0.99,0.05,0.1396192549524447,0.5868505401040898,-0.00529127711264871
commons-vfs,oracle,314,0.99,0.1,0.15061804156195277,0.5983159801169716,-0.00529127711264871
commons-vfs,oracle,314,0.99,0.25,0.15049112866690262,0.5974954058935888,-0.00529127711264871
commons-vfs,oracle,314,0.995,0.0,0.12175629043674685,0.5787003311535592,0.011567454245927734
commons-vfs,oracle,314,0.995,0.05,0.1456872874062392,0.5968966727717714,0.011567454245927734
commons-vfs,oracle,314,0.995,0.1,0.15759232161478984,0.6093225607146501,0.011567454245927734
commons-vfs,oracle,314,0.995,0.25,0.16386471299090324,0.6140536676035883,0.011567454245927734
commons-vfs,oracle,314,0.999,0.0,0.12950382343521658,0.5840194123906094,0.09885327644704715
commons-vfs,oracle,314,0.999,0.05,0.15422220969893358,0.6026334424769408,0.09885327644704715
commons-vfs,oracle,314,0.999,0.1,0.16712980996142685,0.6157258152342445,0.09885327644704715
commons-vfs,oracle,314,0.999,0.25,0.1796820489427597,0.6252773498601101,0.09885327644704715
commons-vfs,oracle,999,0.9,0.0,0.0999916073565231,0.47018635979665613,-0.003922776129774679
commons-vfs,oracle,999,0.9,0.05,0.12046011430692846,0.4829652154736953,-0.003922776129774679
commons-vfs,oracle,999,0.9,0.1,0.13149727969536368,0.49517017459035023,-0.003922776129774679
commons-vfs,oracle,999,0.9,0.25,0.10563682594727504,0.4680109664777411,-0.003922776129774679
commons-vfs,oracle,999,0.95,0.0,0.09708521381427569,0.5017354616787548,-0.033008262457994174
commons-vfs,oracle,999,0.95,0.05,0.11986974236749415,0.5159661780744926,-0.033008262457994174
commons-vfs,oracle,999,0.95,0.1,0.13273199861634138,0.5266228915600578,-0.033008262457994174
commons-vfs,oracle,999,0.95,0.25,0.11338956653543193,0.5069009125619084,-0.033008262457994174
commons-vfs,oracle,999,0.99,0.0,0.09232266922015277,0.5578504342973861,-0.05795646871326688
commons-vfs,oracle,999,0.99,0.05,0.11750486441745132,0.5756324012528161,-0.05795646871326688
commons-vfs,oracle,999,0.99,0.1,0.13202616732779,0.5883746860286545,-0.05795646871326688
commons-vfs,oracle,999,0.99,0.25,0.13283565859730603,0.5891712092238761,-0.05795646871326688
commons-vfs,oracle,999,0.995,0.0,0.09302639938882569,0.5624719293002144,9.57415836185922e-05
commons-vfs,oracle,999,0.995,0.05,0.11864809463685586,0.5806377344677449,9.57415836185922e-05
commons-vfs,oracle,999,0.995,0.1,0.13377002690789536,0.5938925858251454,9.57415836185922e-05
commons-vfs,oracle,999,0.995,0.25,0.14174181364714805,0.6000117679649316,9.57415836185922e-05
commons-vfs,oracle,999,0.999,0.0,0.08782284779989749,0.5569832518754677,0.0937830663136338
commons-vfs,oracle,999,0.999,0.05,0.11350934277765687,0.5749878360273122,0.0937830663136338
commons-vfs,oracle,999,0.999,0.1,0.12884664916524385,0.5881596434071545,0.0937830663136338
commons-vfs,oracle,999,0.999,0.25,0.14195874289182106,0.5974767576556907,0.0937830663136338
commons-vfs,BSZZ,7,0.9,0.0,0.046830187489312475,0.441944997915374,-0.0066957802053452834
commons-vfs,BSZZ,7,0.9,0.05,0.0641546109350945,0.4649847845365547,-0.0066957802053452834
commons-vfs,BSZZ,7,0.9,0.1,0.06411482654457024,0.46280107662508047,-0.0066957802053452834
commons-vfs,BSZZ,7,0.9,0.25,0.049168338931438245,0.4584986234970908,-0.0066957802053452834
commons-vfs,BSZZ,7,0.95,0.0,0.05229786093792395,0.482566071778033,-0.035720873970075395
commons-vfs,BSZZ,7,0.95,0.05,0.07335577930110254,0.5077235447143286,-0.035720873970075395
commons-vfs,BSZZ,7,0.95,0.1,0.07241357756305242,0.5089178627061771,-0.035720873970075395
commons-vfs,BSZZ,7,0.95,0.25,0.05846825791253226,0.5040320697858163,-0.035720873970075395
commons-vfs,BSZZ,7,0.99,0.0,0.0663415753419775,0.5323231378924702,-0.03249524312301243
commons-vfs,BSZZ,7,0.99,0.05,0.09189077777303503,0.5600745811001346,-0.03249524312301243
commons-vfs,BSZZ,7,0.99,0.1,0.09260627514412453,0.5686807864974177,-0.03249524312301243
commons-vfs,BSZZ,7,0.99,0.25,0.07843103843651551,0.5655195171278226,-0.03249524312301243
commons-vfs,BSZZ,7,0.995,0.0,0.07172640522748998,0.5329859327062925,0.008960868260921191
commons-vfs,BSZZ,7,0.995,0.05,0.09808529699800496,0.5607719291980897,0.008960868260921191
commons-vfs,BSZZ,7,0.995,0.1,0.09988069726895116,0.57053578070283,0.008960868260921191
commons-vfs,BSZZ,7,0.995,0.25,0.08775527604964135,0.5693060619065131,0.008960868260921191
commons-vfs,BSZZ,7,0.999,0.0,0.08074423580607698,0.5302415060033444,0.07315313218778474
commons-vfs,BSZZ,7,0.999,0.05,0.1080050854523195,0.5578844281172629,0.07315313218778474
commons-vfs,BSZZ,7,0.999,0.1,0.11112126328500911,0.5684630496725666,0.07315313218778474
commons-vfs,BSZZ,7,0.999,0.25,0.1025619536423967,0.569468161310005,0.07315313218778474
commons-vfs,BSZZ,13,0.9,0.0,0.04502655124906613,0.4335299097752578,-0.0069605668626193705
commons-vfs,BSZZ,13,0.9,0.05,0.062256946265261855,0.45613099511899163,-0.0069605668626193705
commons-vfs,BSZZ,13,0.9,0.1,0.06880320743046697,0.46124718163677086,-0.0069605668626193705
commons-vfs,BSZZ,13,0.9,0.25,0.04298750749779137,0.45395220789530516,-0.0069605668626193705
commons-vfs,BSZZ,13,0.95,0.0,0.051608057767567335,0.4801164862935703,-0.03932859430414978
commons-vfs,BSZZ,13,0.95,0.05,0.07263001482802592,0.5051462557211973,-0.03932859430414978
commons-vfs,BSZZ,13,0.95,0.1,0.07628874013029117,0.5094457803420254,-0.03932859430414978
commons-vfs,BSZZ,13,0.95,0.25,0.05604154115252744,0.5039448831769512,-0.03932859430414978
commons-vfs,BSZZ,13,0.99,0.0,0.06685951208333785,0.5324679493237104,-0.04981713150876816
commons-vfs,BSZZ,13,0.99,0.05,0.09243571595588809,0.5602269419424821,-0.04981713150876816
commons-vfs,BSZZ,13,0.99,0.1,0.09414620430432784,0.5677758436201767,-0.04981713150876816
commons-vfs,BSZZ,13,0.99,0.25,0.07961291936864569,0.5634575460742113,-0.04981713150876816
commons-vfs,BSZZ,13,0.995,0.0,0.07246829007650407,0.535327358062634,-0.0024343751659462163
commons-vfs,BSZZ,13,0.995,0.05,0.09886585830834205,0.5632354193834348,-0.0024343751659462163
commons-vfs,BSZZ,13,0.995,0.1,0.10128862447406278,0.5718843876686438,-0.0024343751659462163
commons-vfs,BSZZ,13,0.995,0.25,0.08977945987570406,0.5697569592657054,-0.0024343751659462163
commons-vfs,BSZZ,13,0.999,0.0,0.08323257897537825,0.536218820276995,0.06799387550828917
commons-vfs,BSZZ,13,0.999,0.05,0.11062315267310091,0.5641733559312458,0.06799387550828917
commons-vfs,BSZZ,13,0.999,0.1,0.11419584524068915,0.5737564541406843,0.06799387550828917
commons-vfs,BSZZ,13,0.999,0.25,0.10729995070011879,0.5744643439269242,0.06799387550828917
commons-vfs,BSZZ,21,0.9,0.0,0.0637028065546025,0.46665453011584046,-0.006902319255900827
commons-vfs,BSZZ,21,0.9,0.05,0.0819068452123191,0.4909824914015004,-0.006902319255900827
commons-vfs,BSZZ,21,0.9,0.1,0.08028362232144519,0.48446312785488527,-0.006902319255900827
commons-vfs,BSZZ,21,0.9,0.25,0.06774699792094035,0.48445942638349754,-0.006902319255900827
commons-vfs,BSZZ,21,0.95,0.0,0.06872547427809443,0.5054161361505359,-0.03710172364658697
commons-vfs,BSZZ,21,0.95,0.05,0.09063980850260892,0.5317648446702321,-0.03710172364658697
commons-vfs,BSZZ,21,0.95,0.1,0.0876009827358074,0.5289262858168079,-0.03710172364658697
commons-vfs,BSZZ,21,0.95,0.25,0.07421515210560306,0.5266196216343034,-0.03710172364658697
commons-vfs,BSZZ,21,0.99,0.0,0.07815028363452933,0.547526496585188,-0.017842867975073937
commons-vfs,BSZZ,21,0.99,0.05,0.10431510592917961,0.5760705319521883,-0.017842867975073937
commons-vfs,BSZZ,21,0.99,0.1,0.10278270252661761,0.5811354538728507,-0.017842867975073937
commons-vfs,BSZZ,21,0.99,0.25,0.08432058963506393,0.5742820417733222,-0.017842867975073937
commons-vfs,BSZZ,21,0.995,0.0,0.0779672793824053,0.542967688161434,0.027022638342885683
commons-vfs,BSZZ,21,0.995,0.05,0.10465152478184948,0.5712740605300395,0.027022638342885683
commons-vfs,BSZZ,21,0.995,0.1,0.1039210144511397,0.5774057808940427,0.027022638342885683
commons-vfs,BSZZ,21,0.995,0.25,0.08563890982505723,0.5703139782507949,0.027022638342885683
commons-vfs,BSZZ,21,0.999,0.0,0.08379908851145862,0.5387635330519804,0.07060154161175694
commons-vfs,BSZZ,21,0.999,0.05,0.11121919588167838,0.5668507314575338,0.07060154161175694
commons-vfs,BSZZ,21,0.999,0.1,0.11166140382161682,0.5739020464864322,0.07060154161175694
commons-vfs,BSZZ,21,0.999,0.25,0.09584039804360106,0.5679538453125643,0.07060154161175694
commons-vfs,BSZZ,42,0.9,0.0,0.04796693513822613,0.4374781416726652,-0.007100830951608867
commons-vfs,BSZZ,42,0.9,0.05,0.06535062030978091,0.4602850590110506,-0.007100830951608867
commons-vfs,BSZZ,42,0.9,0.1,0.06668573601210614,0.45758224341113896,-0.007100830951608867
commons-vfs,BSZZ,42,0.9,0.25,0.0488484895038056,0.443004838325845,-0.007100830951608867
commons-vfs,BSZZ,42,0.95,0.0,0.05344307226544902,0.47900806341921215,-0.03604255323705392
commons-vfs,BSZZ,42,0.95,0.05,0.07456069358883036,0.503980047768081,-0.03604255323705392
commons-vfs,BSZZ,42,0.95,0.1,0.07435125749716799,0.5033577441486689,-0.03604255323705392
commons-vfs,BSZZ,42,0.95,0.25,0.05719283442359581,0.4920317725009474,-0.03604255323705392
commons-vfs,BSZZ,42,0.99,0.0,0.06559595450004131,0.5338385396473647,-0.01809036732753229
commons-vfs,BSZZ,42,0.99,0.05,0.0911062857023723,0.5616689848422509,-0.01809036732753229
commons-vfs,BSZZ,42,0.99,0.1,0.09096419311411008,0.5677192510455837,-0.01809036732753229
commons-vfs,BSZZ,42,0.99,0.25,0.07444875374802,0.561611338659447,-0.01809036732753229
commons-vfs,BSZZ,42,0.995,0.0,0.06861685379357091,0.533682198911271,0.01880263015226244
commons-vfs,BSZZ,42,0.995,0.05,0.09481363624762564,0.5615044936412424,0.01880263015226244
commons-vfs,BSZZ,42,0.995,0.1,0.09546042264240001,0.5686937303179727,0.01880263015226244
commons-vfs,BSZZ,42,0.995,0.25,0.08044495995816003,0.5639057614713462,0.01880263015226244
commons-vfs,BSZZ,42,0.999,0.0,0.07739300382274852,0.5335000867834647,0.06918060628429536
commons-vfs,BSZZ,42,0.999,0.05,0.10447914469260897,0.561312887516252,0.06918060628429536
commons-vfs,BSZZ,42,0.999,0.1,0.10632002768310417,0.569518404038269,0.06918060628429536
commons-vfs,BSZZ,42,0.999,0.25,0.09470573272942555,0.5670608741157935,0.06918060628429536
commons-vfs,BSZZ,77,0.9,0.0,0.04715056924086294,0.4430718047949161,-0.0065497732300637684
commons-vfs,BSZZ,77,0.9,0.05,0.06449169505283954,0.46617033490270793,-0.0065497732300637684
commons-vfs,BSZZ,77,0.9,0.1,0.06189224752840121,0.45826009972052484,-0.0065497732300637684
commons-vfs,BSZZ,77,0.9,0.25,0.049738933718505574,0.45209565252599354,-0.0065497732300637684
commons-vfs,BSZZ,77,0.95,0.0,0.05475662101970677,0.487537480731,-0.030110189309017012
commons-vfs,BSZZ,77,0.95,0.05,0.0759427211880968,0.5129541266458862,-0.030110189309017012
commons-vfs,BSZZ,77,0.95,0.1,0.07208003467093226,0.5090611131284347,-0.030110189309017012
commons-vfs,BSZZ,77,0.95,0.25,0.06157677074606558,0.5046548984817725,-0.030110189309017012
commons-vfs,BSZZ,77,0.99,0.0,0.07061875251413059,0.5432051189328962,0.011445506446568797
commons-vfs,BSZZ,77,0.99,0.05,0.09639093574563211,0.5715238692090188,0.011445506446568797
commons-vfs,BSZZ,77,0.99,0.1,0.09441433461506346,0.5763339231480819,0.011445506446568797
commons-vfs,BSZZ,77,0.99,0.25,0.08096848022775961,0.5725014877321044,0.011445506446568797
commons-vfs,BSZZ,77,0.995,0.0,0.07610172694866929,0.5426127927728993,0.05113217642086872
commons-vfs,BSZZ,77,0.995,0.05,0.10268871606009883,0.5709006634861786,0.05113217642086872
commons-vfs,BSZZ,77,0.995,0.1,0.10184817841365527,0.5770114526845598,0.05113217642086872
commons-vfs,BSZZ,77,0.995,0.25,0.0891559710432505,0.5735203751064956,0.05113217642086872
commons-vfs,BSZZ,77,0.999,0.0,0.08534311423581684,0.539545116713411,0.09615547709120686
commons-vfs,BSZZ,77,0.999,0.05,0.11284371583811216,0.567673061186622,0.09615547709120686
commons-vfs,BSZZ,77,0.999,0.1,0.11337698795979262,0.5747704727769106,0.09615547709120686
commons-vfs,BSZZ,77,0.999,0.25,0.10310692098957852,0.5722408889452192,0.09615547709120686
commons-vfs,BSZZ,101,0.9,0.0,0.03072508928773136,0.4146928616277494,-0.005675813459948356
commons-vfs,BSZZ,101,0.9,0.05,0.04720991045760158,0.43631192076474107,-0.005675813459948356
commons-vfs,BSZZ,101,0.9,0.1,0.053679048130170125,0.4413630308632564,-0.005675813459948356
commons-vfs,BSZZ,101,0.9,0.25,0.03945862054490775,0.43823333617890764,-0.005675813459948356
commons-vfs,BSZZ,101,0.95,0.0,0.03634117970846251,0.46185284931732234,-0.031992955816600874
commons-vfs,BSZZ,101,0.95,0.05,0.056567233173422736,0.48593048601159033,-0.031992955816600874
commons-vfs,BSZZ,101,0.95,0.1,0.0601816486512525,0.49033920239499473,-0.031992955816600874
commons-vfs,BSZZ,101,0.95,0.25,0.04799623271560095,0.48657054072873096,-0.031992955816600874
commons-vfs,BSZZ,101,0.99,0.0,0.04903798154732419,0.5206406305022474,-0.025542782032239846
commons-vfs,BSZZ,101,0.99,0.05,0.07368510088956094,0.5477830330402791,-0.025542782032239846
commons-vfs,BSZZ,101,0.99,0.1,0.07521299687337765,0.5558125854756745,-0.025542782032239846
commons-vfs,BSZZ,101,0.99,0.25,0.06277775005691215,0.5523871301225451,-0.025542782032239846
commons-vfs,BSZZ,101,0.995,0.0,0.049072998503886335,0.5190240993375705,0.008485639568472664
commons-vfs,BSZZ,101,0.995,0.05,0.07425090698549305,0.5460822277390553,0.008485639568472664
commons-vfs,BSZZ,101,0.995,0.1,0.07615357220212851,0.55490799108641,0.008485639568472664
commons-vfs,BSZZ,101,0.995,0.25,0.06450498148390287,0.5524431661368299,0.008485639568472664
commons-vfs,BSZZ,101,0.999,0.0,0.0516497817565419,0.5151495200890731,0.0505106023375527
commons-vfs,BSZZ,101,0.999,0.05,0.07739385891678967,0.5420056562074608,0.0505106023375527
commons-vfs,BSZZ,101,0.999,0.1,0.07995620054388122,0.5514459045042763,0.0505106023375527
commons-vfs,BSZZ,101,0.999,0.25,0.07031123981524594,0.5505557113439075,0.0505106023375527
commons-vfs,BSZZ,123,0.9,0.0,0.05939778296102406,0.46402859051982837,-0.006961446741179963
commons-vfs,BSZZ,123,0.9,0.05,0.07737738910912281,0.48821965448057775,-0.006961446741179963
commons-vfs,BSZZ,123,0.9,0.1,0.0838410191525675,0.49339085434229923,-0.006961446741179963
commons-vfs,BSZZ,123,0.9,0.25,0.07507894164317648,0.4975420735713982,-0.006961446741179963
commons-vfs,BSZZ,123,0.95,0.0,0.06900914239956099,0.5054404189088334,-0.03931544737858052
commons-vfs,BSZZ,123,0.95,0.05,0.0909382650095548,0.5317903933543177,-0.03931544737858052
commons-vfs,BSZZ,123,0.95,0.1,0.09439263923999229,0.5358236042355448,-0.03931544737858052
commons-vfs,BSZZ,123,0.95,0.25,0.08969007727208708,0.5407799055366438,-0.03931544737858052
commons-vfs,BSZZ,123,0.99,0.0,0.08481876465708184,0.5511718377786063,-0.03125721778467559
commons-vfs,BSZZ,123,0.99,0.05,0.1113312328818178,0.5799059146296237,-0.03125721778467559
commons-vfs,BSZZ,123,0.99,0.1,0.11286117964301823,0.5868737834163801,-0.03125721778467559
commons-vfs,BSZZ,123,0.99,0.25,0.10809063810907284,0.5889728385708332,-0.03125721778467559
commons-vfs,BSZZ,123,0.995,0.0,0.08707195257764784,0.5497996999514577,0.016566918249364244
commons-vfs,BSZZ,123,0.995,0.05,0.11423084918632272,0.5784622435508229,0.016566918249364244
commons-vfs,BSZZ,123,0.995,0.1,0.11630055446479846,0.5863429058849119,0.016566918249364244
commons-vfs,BSZZ,123,0.995,0.25,0.11216775512888877,0.5886105699487902,0.016566918249364244
commons-vfs,BSZZ,123,0.999,0.0,0.09113535197634576,0.5445263436912237,0.08053255334233718
commons-vfs,BSZZ,123,0.999,0.05,0.11893791857933211,0.5729139729831831,0.08053255334233718
commons-vfs,BSZZ,123,0.999,0.1,0.1217842366671238,0.5814249149367395,0.08053255334233718
commons-vfs,BSZZ,123,0.999,0.25,0.1193561583688751,0.5841631463121572,0.08053255334233718
commons-vfs,BSZZ,202,0.9,0.0,0.04485242914373926,0.44141146351896415,-0.006737953035693139
commons-vfs,BSZZ,202,0.9,0.05,0.062073746704207046,0.46442343555075855,-0.006737953035693139
commons-vfs,BSZZ,202,0.9,0.1,0.06100538270128331,0.45992953868317227,-0.006737953035693139
commons-vfs,BSZZ,202,0.9,0.25,0.04288595046680987,0.4507721338398134,-0.006737953035693139
commons-vfs,BSZZ,202,0.95,0.0,0.050545094565971414,0.481344209519993,-0.03622307676738127
commons-vfs,BSZZ,202,0.95,0.05,0.07151163648321882,0.5064379834760115,-0.03622307676738127
commons-vfs,BSZZ,202,0.95,0.1,0.06941071109514141,0.5055708953876427,-0.03622307676738127
commons-vfs,BSZZ,202,0.95,0.25,0.05379135002577777,0.498182805088361,-0.03622307676738127
commons-vfs,BSZZ,202,0.99,0.0,0.06506369087943126,0.5313637143200273,-0.032543643267667205
commons-vfs,BSZZ,202,0.99,0.05,0.0905462737413513,0.5590651401850524,-0.032543643267667205
commons-vfs,BSZZ,202,0.99,0.1,0.09019344603612224,0.5660792399990182,-0.032543643267667205
commons-vfs,BSZZ,202,0.99,0.25,0.07678495008369242,0.5626262802506853,-0.032543643267667205
commons-vfs,BSZZ,202,0.995,0.0,0.07071782962289641,0.5328508713747405,0.0064746936300231475
commons-vfs,BSZZ,202,0.995,0.05,0.0970241416225558,0.5606298267544663,0.0064746936300231475
commons-vfs,BSZZ,202,0.995,0.1,0.09778895868631875,0.5689419512524191,0.0064746936300231475
commons-vfs,BSZZ,202,0.995,0.25,0.08647627119954104,0.5673969086684197,0.0064746936300231475
commons-vfs,BSZZ,202,0.999,0.0,0.08160461230268971,0.5327295229754401,0.06854999378027538
commons-vfs,BSZZ,202,0.999,0.05,0.10891031569994046,0.5605021521352972,0.06854999378027538
commons-vfs,BSZZ,202,0.999,0.1,0.11112389144759015,0.569862533895284,0.06854999378027538
commons-vfs,BSZZ,202,0.999,0.25,0.10358167703326278,0.5708170269899298,0.06854999378027538
commons-vfs,BSZZ,314,0.9,0.0,0.029333298219891436,0.4246936719928277,-0.006892903913732659
commons-vfs,BSZZ,314,0.9,0.05,0.045745561561580425,0.446834100390558,-0.006892903913732659
commons-vfs,BSZZ,314,0.9,0.1,0.052132613610347975,0.45247504238001,-0.006892903913732659
commons-vfs,BSZZ,314,0.9,0.25,0.05277741673548354,0.4547288722606152,-0.006892903913732659
commons-vfs,BSZZ,314,0.95,0.0,0.03706887558409626,0.46761996785188525,-0.03797940715159354
commons-vfs,BSZZ,314,0.95,0.05,0.057332865800866765,0.49199826001477975,-0.03797940715159354
commons-vfs,BSZZ,314,0.95,0.1,0.060990199624178884,0.49674711187784243,-0.03797940715159354
commons-vfs,BSZZ,314,0.95,0.25,0.06372978487205815,0.4998026063775084,-0.03797940715159354
commons-vfs,BSZZ,314,0.99,0.0,0.05010609814598249,0.5216528437589367,-0.03657474445186329
commons-vfs,BSZZ,314,0.99,0.05,0.07480890129194075,0.5488480157084547,-0.03657474445186329
commons-vfs,BSZZ,314,0.99,0.1,0.0763997930941091,0.556937266871996,-0.03657474445186329
commons-vfs,BSZZ,314,0.99,0.25,0.07669506466939954,0.5611440635586519,-0.03657474445186329
commons-vfs,BSZZ,314,0.995,0.0,0.048035384365752276,0.5189020082723996,0.0011203378193466948
commons-vfs,BSZZ,314,0.995,0.05,0.07315919921930461,0.5459537717368375,0.0011203378193466948
commons-vfs,BSZZ,314,0.995,0.1,0.07500066760420179,0.5547723343473311,0.0011203378193466948
commons-vfs,BSZZ,314,0.995,0.25,0.07427302621924632,0.558965686352511,0.0011203378193466948
commons-vfs,BSZZ,314,0.999,0.0,0.04497429223633732,0.5113203246728275,0.04883733866089229
commons-vfs,BSZZ,314,0.999,0.05,0.07037035809458392,0.5379768344898944,0.04883733866089229
commons-vfs,BSZZ,314,0.999,0.1,0.07253898996587615,0.5471912429306702,0.04883733866089229
commons-vfs,BSZZ,314,0.999,0.25,0.071123280732306,0.5512605289610065,0.04883733866089229
commons-vfs,BSZZ,999,0.9,0.0,0.03354780058413184,0.44100211322450417,-0.006518211714967745
commons-vfs,BSZZ,999,0.9,0.05,0.050179777319217245,0.46399274471962054,-0.006518211714967745
commons-vfs,BSZZ,999,0.9,0.1,0.047233044268261075,0.45654108243743924,-0.006518211714967745
commons-vfs,BSZZ,999,0.9,0.25,0.043376133534793186,0.4530747628028396,-0.006518211714967745
commons-vfs,BSZZ,999,0.95,0.0,0.03900921787169267,0.479069290962472,-0.03229209218493472
commons-vfs,BSZZ,999,0.95,0.05,0.05937436337359854,0.5040444672685725,-0.03229209218493472
commons-vfs,BSZZ,999,0.95,0.1,0.05494467373323975,0.5000901427697676,-0.03229209218493472
commons-vfs,BSZZ,999,0.95,0.25,0.052937283582166914,0.4984579330934243,-0.03229209218493472
commons-vfs,BSZZ,999,0.99,0.0,0.0508649324463072,0.5262744595777323,-0.0136494976388442
commons-vfs,BSZZ,999,0.99,0.05,0.07560729567427292,0.5537105688448178,-0.0136494976388442
commons-vfs,BSZZ,999,0.99,0.1,0.07267339292299226,0.5578019835763305,-0.0136494976388442
commons-vfs,BSZZ,999,0.99,0.25,0.06423553656881012,0.5561137126908644,-0.0136494976388442
commons-vfs,BSZZ,999,0.995,0.0,0.053122637864305704,0.5245761723305671,0.020473192386994035
commons-vfs,BSZZ,999,0.995,0.05,0.07851166498555512,0.5519237452956678,0.020473192386994035
commons-vfs,BSZZ,999,0.995,0.1,0.07650282766965996,0.5572242966032405,0.020473192386994035
commons-vfs,BSZZ,999,0.995,0.25,0.06682557135747012,0.555244906821623,0.020473192386994035
commons-vfs,BSZZ,999,0.999,0.0,0.058480932416372776,0.5210563722641413,0.06042115539727044
commons-vfs,BSZZ,999,0.999,0.05,0.08458113591433687,0.5482204485433144,0.06042115539727044
commons-vfs,BSZZ,999,0.999,0.1,0.08370151327581045,0.5544594537648461,0.06042115539727044
commons-vfs,BSZZ,999,0.999,0.25,0.0743462310741456,0.552816106549894,0.06042115539727044
commons-vfs,AGSZZ,7,0.9,0.0,0.006079715750343232,0.32662960942740604,-0.0026856581981599087
commons-vfs,AGSZZ,7,0.9,0.05,0.007425801233831589,0.3436576933312045,-0.0026856581981599087
commons-vfs,AGSZZ,7,0.9,0.1,0.012229907049117575,0.36292178825267335,-0.0026856581981599087
commons-vfs,AGSZZ,7,0.9,0.25,-0.010547894043971183,0.33739621868460773,-0.0026856581981599087
commons-vfs,AGSZZ,7,0.95,0.0,0.014228006284571933,0.3809611200824679,-0.02390599453616353
commons-vfs,AGSZZ,7,0.95,0.05,0.015848556035654538,0.40082165240904205,-0.02390599453616353
commons-vfs,AGSZZ,7,0.95,0.1,0.022893477315170732,0.42329013342496435,-0.02390599453616353
commons-vfs,AGSZZ,7,0.95,0.25,0.002021144949002768,0.4060373705353539,-0.02390599453616353
commons-vfs,AGSZZ,7,0.99,0.0,0.032670736564764734,0.45165777119855677,-0.0559453784074491
commons-vfs,AGSZZ,7,0.99,0.05,0.03504415872980826,0.4752039109292872,-0.0559453784074491
commons-vfs,AGSZZ,7,0.99,0.1,0.04488618080880329,0.5018419679983963,-0.0559453784074491
commons-vfs,AGSZZ,7,0.99,0.25,0.03630328056337763,0.5113596415312621,-0.0559453784074491
commons-vfs,AGSZZ,7,0.995,0.0,0.03568307071107157,0.45072313549084797,-0.030486432433651182
commons-vfs,AGSZZ,7,0.995,0.05,0.038181530815063834,0.47422055013729025,-0.030486432433651182
commons-vfs,AGSZZ,7,0.995,0.1,0.048302369473436205,0.50080348387872,-0.030486432433651182
commons-vfs,AGSZZ,7,0.995,0.25,0.04508385883681417,0.5167403186917388,-0.030486432433651182
commons-vfs,AGSZZ,7,0.999,0.0,0.03771060498754929,0.4406472395175119,-0.0003900861231004218
commons-vfs,AGSZZ,7,0.999,0.05,0.04028860843865099,0.46361937048761914,-0.0003900861231004218
commons-vfs,AGSZZ,7,0.999,0.1,0.050566253489660824,0.48960804390834656,-0.0003900861231004218
commons-vfs,AGSZZ,7,0.999,0.25,0.05291188506030557,0.5106542562246131,-0.0003900861231004218
commons-vfs,AGSZZ,13,0.9,0.0,0.016583187707403246,0.3339604824614438,-0.0031918751798495825
commons-vfs,AGSZZ,13,0.9,0.05,0.018476847558321265,0.3513707445802869,-0.0031918751798495825
commons-vfs,AGSZZ,13,0.9,0.1,0.02357835667371452,0.37106720273493754,-0.0031918751798495825
commons-vfs,AGSZZ,13,0.9,0.25,-0.010366677970076368,0.3360785182395231,-0.0031918751798495825
commons-vfs,AGSZZ,13,0.95,0.0,0.025736870160314902,0.38924871870412503,-0.026114310239821865
commons-vfs,AGSZZ,13,0.95,0.05,0.027957408075535775,0.4095413059351458,-0.026114310239821865
commons-vfs,AGSZZ,13,0.95,0.1,0.03523719777942064,0.4324985763379167,-0.026114310239821865
commons-vfs,AGSZZ,13,0.95,0.25,0.00525702684413106,0.4084426491928408,-0.026114310239821865
commons-vfs,AGSZZ,13,0.99,0.0,0.04629816223883147,0.4611649819902475,-0.058312572654981416
commons-vfs,AGSZZ,13,0.99,0.05,0.04938201891768889,0.48520675830253523,-0.058312572654981416
commons-vfs,AGSZZ,13,0.99,0.1,0.05954758450014367,0.5124055355447193,-0.058312572654981416
commons-vfs,AGSZZ,13,0.99,0.25,0.045613014973699836,0.5173851626100578,-0.058312572654981416
commons-vfs,AGSZZ,13,0.995,0.0,0.04971391985347512,0.45930831701246233,-0.02967899371970727
commons-vfs,AGSZZ,13,0.995,0.05,0.05294384602650264,0.48325330036382286,-0.02967899371970727
commons-vfs,AGSZZ,13,0.995,0.1,0.06342176318053111,0.5103425744582915,-0.02967899371970727
commons-vfs,AGSZZ,13,0.995,0.25,0.05579807981834466,0.5220311829456918,-0.02967899371970727
commons-vfs,AGSZZ,13,0.999,0.0,0.05330724891033095,0.4490276664651003,0.0055142946465074295
commons-vfs,AGSZZ,13,0.999,0.05,0.05669834754224115,0.4724366917310535,0.0055142946465074295
commons-vfs,AGSZZ,13,0.999,0.1,0.0674365631056435,0.4989196294056671,0.0055142946465074295
commons-vfs,AGSZZ,13,0.999,0.25,0.06654026847244887,0.5162108232346976,0.0055142946465074295
commons-vfs,AGSZZ,21,0.9,0.0,-0.003256790710578173,0.32394582103460134,-0.0022814294183742066
commons-vfs,AGSZZ,21,0.9,0.05,-0.0023974425307397426,0.3408339917994384,-0.0022814294183742066
commons-vfs,AGSZZ,21,0.9,0.1,0.0014345561790339535,0.3599398011495571,-0.0022814294183742066
commons-vfs,AGSZZ,21,0.9,0.25,-0.019823385602039657,0.3366691203503041,-0.0022814294183742066
commons-vfs,AGSZZ,21,0.95,0.0,0.005795257459791457,0.37642716934515935,-0.022042622005470767
commons-vfs,AGSZZ,21,0.95,0.05,0.0069761852342267415,0.3960513345716843,-0.022042622005470767
commons-vfs,AGSZZ,21,0.95,0.1,0.013321316408126263,0.4182524103835104,-0.022042622005470767
commons-vfs,AGSZZ,21,0.95,0.25,-0.006534821804855456,0.40251957985782116,-0.022042622005470767
commons-vfs,AGSZZ,21,0.99,0.0,0.021696253701586295,0.43828929243346404,-0.06467712948671096
commons-vfs,AGSZZ,21,0.99,0.05,0.02349754642826506,0.46113849725227024,-0.06467712948671096
commons-vfs,AGSZZ,21,0.99,0.1,0.03262046467024629,0.48698810270384896,-0.06467712948671096
commons-vfs,AGSZZ,21,0.99,0.25,0.022879401958817457,0.4954436144703108,-0.06467712948671096
commons-vfs,AGSZZ,21,0.995,0.0,0.023682869555939286,0.4362208553182801,-0.03948820066491413
commons-vfs,AGSZZ,21,0.995,0.05,0.02555572675610949,0.45896222692255056,-0.03948820066491413
commons-vfs,AGSZZ,21,0.995,0.1,0.03490796248454349,0.4846898392425334,-0.03948820066491413
commons-vfs,AGSZZ,21,0.995,0.25,0.029869578456501466,0.4991137414868245,-0.03948820066491413
commons-vfs,AGSZZ,21,0.999,0.0,0.02332657210174068,0.4234055776483527,-0.010246716649795309
commons-vfs,AGSZZ,21,0.999,0.05,0.025154697061165146,0.4454788542082195,-0.010246716649795309
commons-vfs,AGSZZ,21,0.999,0.1,0.034531277574453435,0.47045064183150304,-0.010246716649795309
commons-vfs,AGSZZ,21,0.999,0.25,0.03416027476728047,0.4891687313348831,-0.010246716649795309
commons-vfs,AGSZZ,42,0.9,0.0,-0.0041952087227632206,0.32021134037278964,-0.0031915832791248907
commons-vfs,AGSZZ,42,0.9,0.05,-0.003384782808962875,0.336904822572319,-0.0031915832791248907
commons-vfs,AGSZZ,42,0.9,0.1,0.000813324301221517,0.35579037819198855,-0.0031915832791248907
commons-vfs,AGSZZ,42,0.9,0.25,-0.028151578732440792,0.325228976658693,-0.0031915832791248907
commons-vfs,AGSZZ,42,0.95,0.0,0.00431966548963141,0.37254205522690115,-0.026071607512275496
commons-vfs,AGSZZ,42,0.95,0.05,0.005423666668465934,0.39196367895910933,-0.026071607512275496
commons-vfs,AGSZZ,42,0.95,0.1,0.011884209765236832,0.4139356169187791,-0.026071607512275496
commons-vfs,AGSZZ,42,0.95,0.25,-0.015624525410336895,0.39125601295103174,-0.026071607512275496
commons-vfs,AGSZZ,42,0.99,0.0,0.0231511018596949,0.4380025625204052,-0.06990562947672124
commons-vfs,AGSZZ,42,0.99,0.05,0.025028239751014404,0.4608368193342652,-0.06990562947672124
commons-vfs,AGSZZ,42,0.99,0.1,0.03430880891428125,0.4866695139115613,-0.06990562947672124
commons-vfs,AGSZZ,42,0.99,0.25,0.019998036242267633,0.4896863586284034,-0.06990562947672124
commons-vfs,AGSZZ,42,0.995,0.0,0.026637107335425948,0.4378254613765936,-0.04480599265168729
commons-vfs,AGSZZ,42,0.995,0.05,0.028663976931683138,0.4606504854294018,-0.04480599265168729
commons-vfs,AGSZZ,42,0.995,0.1,0.03825129905605219,0.4864727348628818,-0.04480599265168729
commons-vfs,AGSZZ,42,0.995,0.25,0.029748046850081856,0.4962011286188466,-0.04480599265168729
commons-vfs,AGSZZ,42,0.999,0.0,0.029073731757694052,0.42845691990080337,-0.011332405487477928
commons-vfs,AGSZZ,42,0.999,0.05,0.031201471675485752,0.4507935365780964,-0.011332405487477928
commons-vfs,AGSZZ,42,0.999,0.1,0.04096972767871055,0.4760632443342259,-0.011332405487477928
commons-vfs,AGSZZ,42,0.999,0.25,0.03846862389552879,0.4912262191568922,-0.011332405487477928
commons-vfs,AGSZZ,77,0.9,0.0,0.009879554119149762,0.33150173982924874,-0.0031918722532550906
commons-vfs,AGSZZ,77,0.9,0.05,0.011423735441770215,0.3487838210525745,-0.0031918722532550906
commons-vfs,AGSZZ,77,0.9,0.1,0.015387603990274295,0.36833526647694304,-0.0031918722532550906
commons-vfs,AGSZZ,77,0.9,0.25,-0.012050837852085643,0.340167104206068,-0.0031918722532550906
commons-vfs,AGSZZ,77,0.95,0.0,0.020278557617369977,0.38724666307400424,-0.02610082875730604
commons-vfs,AGSZZ,77,0.95,0.05,0.022214538954522627,0.40743487773663006,-0.02610082875730604
commons-vfs,AGSZZ,77,0.95,0.1,0.02883539557456455,0.43027407008222696,-0.02610082875730604
commons-vfs,AGSZZ,77,0.95,0.25,0.0027946151241708054,0.4104884735409125,-0.02610082875730604
commons-vfs,AGSZZ,77,0.99,0.0,0.04192765344314319,0.45868517510020135,-0.05462686459159774
commons-vfs,AGSZZ,77,0.99,0.05,0.04478366369189365,0.48259767238030654,-0.05462686459159774
commons-vfs,AGSZZ,77,0.99,0.1,0.05458176623396036,0.5096501945557792,-0.05462686459159774
commons-vfs,AGSZZ,77,0.99,0.25,0.04104138559547653,0.516394198325863,-0.05462686459159774
commons-vfs,AGSZZ,77,0.995,0.0,0.04400247871630946,0.4547416516362953,-0.02454485006996603
commons-vfs,AGSZZ,77,0.995,0.05,0.04693465203384494,0.47844856238510697,-0.02454485006996603
commons-vfs,AGSZZ,77,0.995,0.1,0.056983641980855114,0.5052685018181059,-0.02454485006996603
commons-vfs,AGSZZ,77,0.995,0.25,0.048677211495979776,0.5178789640371858,-0.02454485006996603
commons-vfs,AGSZZ,77,0.999,0.0,0.044528661592310066,0.44048060595474303,0.0046602064066467806
commons-vfs,AGSZZ,77,0.999,0.05,0.0474621087526647,0.46344404986707566,0.0046602064066467806
commons-vfs,AGSZZ,77,0.999,0.1,0.05760333508087377,0.48942289550527,0.0046602064066467806
commons-vfs,AGSZZ,77,0.999,0.25,0.054730585651783355,0.5064275509975601,0.0046602064066467806
commons-vfs,AGSZZ,101,0.9,0.0,0.0075684507643200135,0.3314037887577165,-0.0031918747575483512
commons-vfs,AGSZZ,101,0.9,0.05,0.008992148025788205,0.3486807635270761,-0.0031918747575483512
commons-vfs,AGSZZ,101,0.9,0.1,0.013561982292510929,0.36822643195301835,-0.0031918747575483512
commons-vfs,AGSZZ,101,0.9,0.25,-0.013274058114611765,0.3402487412321942,-0.0031918747575483512
commons-vfs,AGSZZ,101,0.95,0.0,0.016169478106520092,0.38462204437306236,-0.026128738846445114
commons-vfs,AGSZZ,101,0.95,0.05,0.01789124202841517,0.4046734305726058,-0.026128738846445114
commons-vfs,AGSZZ,101,0.95,0.1,0.024606762164093073,0.42735782708118025,-0.026128738846445114
commons-vfs,AGSZZ,101,0.95,0.25,0.00040352209853104987,0.4083264611084235,-0.026128738846445114
commons-vfs,AGSZZ,101,0.99,0.0,0.03504053946941452,0.44947030485136896,-0.06968869476658572
commons-vfs,AGSZZ,101,0.99,0.05,0.037537505861714664,0.4729024060521513,-0.06968869476658572
commons-vfs,AGSZZ,101,0.99,0.1,0.04703911475634706,0.49941144983485436,-0.06968869476658572
commons-vfs,AGSZZ,101,0.99,0.25,0.036608268394285645,0.5071084320405692,-0.06968869476658572
commons-vfs,AGSZZ,101,0.995,0.0,0.039518093297885054,0.45035201559443017,-0.040115934003138655
commons-vfs,AGSZZ,101,0.995,0.05,0.04221648348934153,0.47383008275812083,-0.040115934003138655
commons-vfs,AGSZZ,101,0.995,0.1,0.05209306700765325,0.5003911284382558,-0.040115934003138655
commons-vfs,AGSZZ,101,0.995,0.25,0.047523263405207086,0.5150946820603843,-0.040115934003138655
commons-vfs,AGSZZ,101,0.999,0.0,0.04252842931693663,0.44078546587014295,0.0009279565282803369
commons-vfs,AGSZZ,101,0.999,0.05,0.04535759896530495,0.4637648029534205,0.0009279565282803369
commons-vfs,AGSZZ,101,0.999,0.1,0.05546009689076093,0.48976162874460333,0.0009279565282803369
commons-vfs,AGSZZ,101,0.999,0.25,0.05680007475396568,0.5098560387797436,0.0009279565282803369
commons-vfs,AGSZZ,123,0.9,0.0,0.005080622832995586,0.3240089879358104,-0.0031916594542403458
commons-vfs,AGSZZ,123,0.9,0.05,0.006374622903731219,0.34090045176184786,-0.0031916594542403458
commons-vfs,AGSZZ,123,0.9,0.1,0.010797729035483787,0.36000998659534483,-0.0031916594542403458
commons-vfs,AGSZZ,123,0.9,0.25,-0.017194886154223387,0.3305981242755792,-0.0031916594542403458
commons-vfs,AGSZZ,123,0.95,0.0,0.015256572011271322,0.3814307865611628,-0.02604962577914758
commons-vfs,AGSZZ,123,0.95,0.05,0.016930743672276653,0.40131580387003857,-0.02604962577914758
commons-vfs,AGSZZ,123,0.95,0.1,0.023592422058261096,0.4238119850679587,-0.02604962577914758
commons-vfs,AGSZZ,123,0.95,0.25,-0.002728916590807652,0.4026714540282523,-0.02604962577914758
commons-vfs,AGSZZ,123,0.99,0.0,0.035337164789355384,0.4537666228442521,-0.053537650744581784
commons-vfs,AGSZZ,123,0.99,0.05,0.037849595060894144,0.47742270270817044,-0.053537650744581784
commons-vfs,AGSZZ,123,0.99,0.1,0.04736869844517024,0.5041851364936134,-0.053537650744581784
commons-vfs,AGSZZ,123,0.99,0.25,0.033294354422130204,0.5092561542659049,-0.053537650744581784
commons-vfs,AGSZZ,123,0.995,0.0,0.036512111480546804,0.44924413707888605,-0.025342969173997275
commons-vfs,AGSZZ,123,0.995,0.05,0.039053791719440616,0.4726644475427142,-0.025342969173997275
commons-vfs,AGSZZ,123,0.995,0.1,0.04875308721061075,0.4991601523098733,-0.025342969173997275
commons-vfs,AGSZZ,123,0.995,0.25,0.039909591606668925,0.5099849946631666,-0.025342969173997275
commons-vfs,AGSZZ,123,0.999,0.0,0.03659088301977267,0.4353491748862147,-0.0005490584034243081
commons-vfs,AGSZZ,123,0.999,0.05,0.03911051233985283,0.45804510343478516,-0.0005490584034243081
commons-vfs,AGSZZ,123,0.999,0.1,0.048862823227245424,0.4837213054291275,-0.0005490584034243081
commons-vfs,AGSZZ,123,0.999,0.25,0.04551627808707868,0.49905514514569377,-0.0005490584034243081
commons-vfs,AGSZZ,202,0.9,0.0,0.0719176051342939,0.39601907255829133,-0.002281375240144247
commons-vfs,AGSZZ,202,0.9,0.05,0.07669599764727733,0.4166646166253113,-0.002281375240144247
commons-vfs,AGSZZ,202,0.9,0.1,0.0843187717848789,0.4400211917314348,-0.002281375240144247
commons-vfs,AGSZZ,202,0.9,0.25,0.05372353082966371,0.4152830051380889,-0.002281375240144247
commons-vfs,AGSZZ,202,0.95,0.0,0.07867541651931116,0.44272343111685253,-0.021992330816187147
commons-vfs,AGSZZ,202,0.95,0.05,0.08365578386556978,0.46580379956370266,-0.021992330816187147
commons-vfs,AGSZZ,202,0.95,0.1,0.09372079435449922,0.49191492346316945,-0.021992330816187147
commons-vfs,AGSZZ,202,0.95,0.25,0.0701680175457903,0.4785753410065925,-0.021992330816187147
commons-vfs,AGSZZ,202,0.99,0.0,0.09711191346161462,0.5030582445745755,-0.04111214648981581
commons-vfs,AGSZZ,202,0.99,0.05,0.10284482826109106,0.529284029836757,-0.04111214648981581
commons-vfs,AGSZZ,202,0.99,0.1,0.11589761069892861,0.5589536050828616,-0.04111214648981581
commons-vfs,AGSZZ,202,0.99,0.25,0.11294635898151119,0.5755900580951704,-0.04111214648981581
commons-vfs,AGSZZ,202,0.995,0.0,0.10452490415421771,0.5045789922307666,-0.0014600572275185737
commons-vfs,AGSZZ,202,0.995,0.05,0.11061227500643087,0.5308840581764465,-0.0014600572275185737
commons-vfs,AGSZZ,202,0.995,0.1,0.12423078135630873,0.5606433247008519,-0.0014600572275185737
commons-vfs,AGSZZ,202,0.995,0.25,0.128856547908374,0.5850872955401043,-0.0014600572275185737
commons-vfs,AGSZZ,202,0.999,0.0,0.11313908560079583,0.4974828835952735,0.0587517263713917
commons-vfs,AGSZZ,202,0.999,0.05,0.119649379510408,0.5234180102282024,0.0587517263713917
commons-vfs,AGSZZ,202,0.999,0.1,0.13383713953474688,0.552758759550304,0.0587517263713917
commons-vfs,AGSZZ,202,0.999,0.25,0.14646873458639428,0.5836949665100113,0.0587517263713917
commons-vfs,AGSZZ,314,0.9,0.0,-0.011292840781093598,0.3105427078772307,-0.003191872680042936
commons-vfs,AGSZZ,314,0.9,0.05,-0.010852433600192004,0.32673213814571195,-0.003191872680042936
commons-vfs,AGSZZ,314,0.9,0.1,-0.0073950083135042016,0.34504745319692304,-0.003191872680042936
commons-vfs,AGSZZ,314,0.9,0.25,-0.0415673770524326,0.30964735470049615,-0.003191872680042936
commons-vfs,AGSZZ,314,0.95,0.0,-0.0017974117735763458,0.3679722977254697,-0.02610350666687901
commons-vfs,AGSZZ,314,0.95,0.05,-0.0010123103572787162,0.3871556876542857,-0.02610350666687901
commons-vfs,AGSZZ,314,0.95,0.1,0.004643551186208127,0.4088581085838552,-0.02610350666687901
commons-vfs,AGSZZ,314,0.95,0.25,-0.02758215586141769,0.3826390935803074,-0.02610350666687901
commons-vfs,AGSZZ,314,0.99,0.0,0.017246857005800646,0.4379983550639338,-0.05670002301638352
commons-vfs,AGSZZ,314,0.99,0.05,0.018816190663030877,0.46083239253172187,-0.05670002301638352
commons-vfs,AGSZZ,314,0.99,0.1,0.027268356463442757,0.4866648389599265,-0.05670002301638352
commons-vfs,AGSZZ,314,0.99,0.25,0.00810190525702049,0.4872884862610544,-0.05670002301638352
commons-vfs,AGSZZ,314,0.995,0.0,0.017103283657276855,0.43195705918909794,-0.034321105424536674
commons-vfs,AGSZZ,314,0.995,0.05,0.018633129270312992,0.4544761475828424,-0.034321105424536674
commons-vfs,AGSZZ,314,0.995,0.1,0.02718772296253303,0.47995228798788664,-0.034321105424536674
commons-vfs,AGSZZ,314,0.995,0.25,0.013191278543531708,0.48615712001960215,-0.034321105424536674
commons-vfs,AGSZZ,314,0.999,0.0,0.017641658124660446,0.4190729730221027,-0.021472628486246714
commons-vfs,AGSZZ,314,0.999,0.05,0.019173413161109154,0.4409203791986105,-0.021472628486246714
commons-vfs,AGSZZ,314,0.999,0.1,0.02780812889934295,0.4656366366912253,-0.021472628486246714
commons-vfs,AGSZZ,314,0.999,0.25,0.019609871866578706,0.476719527658703,-0.021472628486246714
commons-vfs,AGSZZ,999,0.9,0.0,-0.002609715436866738,0.3164646757778274,-0.003191872252702993
commons-vfs,AGSZZ,999,0.9,0.05,-0.0017166334749864807,0.33296283423069983,-0.003191872252702993
commons-vfs,AGSZZ,999,0.9,0.1,0.002252908735636764,0.35162741753091925,-0.003191872252702993
commons-vfs,AGSZZ,999,0.9,0.25,-0.0268368005915833,0.32034187999848834,-0.003191872252702993
commons-vfs,AGSZZ,999,0.95,0.0,0.0054456671443734225,0.37229307852770593,-0.026100742092370413
commons-vfs,AGSZZ,999,0.95,0.05,0.006608369831275057,0.3917017224319939,-0.026100742092370413
commons-vfs,AGSZZ,999,0.95,0.1,0.01269141665059676,0.41365897614189556,-0.026100742092370413
commons-vfs,AGSZZ,999,0.95,0.25,-0.013886310035902091,0.39189770710080585,-0.026100742092370413
commons-vfs,AGSZZ,999,0.99,0.0,0.021979483171152246,0.4398815385580786,-0.055390021464886294
commons-vfs,AGSZZ,999,0.99,0.05,0.023795541415201748,0.4628137514686893,-0.055390021464886294
commons-vfs,AGSZZ,999,0.99,0.1,0.0325268299805001,0.48875726506453177,-0.055390021464886294
commons-vfs,AGSZZ,999,0.99,0.25,0.019203979689518397,0.4943310843988497,-0.055390021464886294
commons-vfs,AGSZZ,999,0.995,0.0,0.02121656477788179,0.43322123967979986,-0.0318583244018391
commons-vfs,AGSZZ,999,0.995,0.05,0.022960846847442363,0.4558062332176093,-0.0318583244018391
commons-vfs,AGSZZ,999,0.995,0.1,0.031758035318760744,0.48135693297755533,-0.0318583244018391
commons-vfs,AGSZZ,999,0.995,0.25,0.023135872460184743,0.49226735761231755,-0.0318583244018391
commons-vfs,AGSZZ,999,0.999,0.0,0.02039129572955506,0.41849331233829523,-0.01720788702417367
commons-vfs,AGSZZ,999,0.999,0.05,0.022066396802277902,0.44031049923744814,-0.01720788702417367
commons-vfs,AGSZZ,999,0.999,0.1,0.030863281793670296,0.4649925692647725,-0.01720788702417367
commons-vfs,AGSZZ,999,0.999,0.25,0.02730161343104426,0.48015100826311574,-0.01720788702417367
commons-vfs,MASZZ,7,0.9,0.0,0.03764673405722552,0.41269134806264934,0.008757825255541696
commons-vfs,MASZZ,7,0.9,0.05,0.04063849348088309,0.43420606289055996,0.008757825255541696
commons-vfs,MASZZ,7,0.9,0.1,0.05207991117303842,0.45616807340601767,0.008757825255541696
commons-vfs,MASZZ,7,0.9,0.25,0.02263099620875499,0.42661386075586943,0.008757825255541696
commons-vfs,MASZZ,7,0.95,0.0,0.035296253229962125,0.4486991097909667,0.035667662647727666
commons-vfs,MASZZ,7,0.95,0.05,0.03801514760852953,0.472091006509927,0.035667662647727666
commons-vfs,MASZZ,7,0.95,0.1,0.05189022690657703,0.4965473707336345,0.035667662647727666
commons-vfs,MASZZ,7,0.95,0.25,0.02749649718810936,0.4765360269838593,0.035667662647727666
commons-vfs,MASZZ,7,0.99,0.0,0.025946214224185325,0.47428037318269073,0.029051369433164477
commons-vfs,MASZZ,7,0.99,0.05,0.0279690688738432,0.49900589026804437,0.029051369433164477
commons-vfs,MASZZ,7,0.99,0.1,0.042521309597112145,0.5258531687417553,0.029051369433164477
commons-vfs,MASZZ,7,0.99,0.25,0.04011240507964039,0.5324829055031909,0.029051369433164477
commons-vfs,MASZZ,7,0.995,0.0,0.016294202799929786,0.45998827450159796,0.03297944918319499
commons-vfs,MASZZ,7,0.995,0.05,0.017781868842203757,0.48396870587371915,0.03297944918319499
commons-vfs,MASZZ,7,0.995,0.1,0.031616150590216746,0.5101145209323708,0.03297944918319499
commons-vfs,MASZZ,7,0.995,0.25,0.0350945213106677,0.5215101221230942,0.03297944918319499
commons-vfs,MASZZ,7,0.999,0.0,-0.003288511895876774,0.43245121621826565,0.020144166306408917
commons-vfs,MASZZ,7,0.999,0.05,-0.0028479031638162567,0.4549960663528672,0.020144166306408917
commons-vfs,MASZZ,7,0.999,0.1,0.009633146254045153,0.4796260866256029,0.020144166306408917
commons-vfs,MASZZ,7,0.999,0.25,0.016178597669728602,0.4929043238388969,0.020144166306408917
commons-vfs,MASZZ,13,0.9,0.0,0.05053078059588613,0.4215452236354667,0.008742755381520959
commons-vfs,MASZZ,13,0.9,0.05,0.054194220170848295,0.4435215149150408,0.008742755381520959
commons-vfs,MASZZ,13,0.9,0.1,0.06607022521565507,0.46600279908156983,0.008742755381520959
commons-vfs,MASZZ,13,0.9,0.25,0.036878860719181665,0.4357996909545505,0.008742755381520959
commons-vfs,MASZZ,13,0.95,0.0,0.05328076148615017,0.46045461651431757,0.035289168189696456
commons-vfs,MASZZ,13,0.95,0.05,0.05693723686385536,0.48445935955534825,0.035289168189696456
commons-vfs,MASZZ,13,0.95,0.1,0.07144362956282432,0.5095974651273265,0.035289168189696456
commons-vfs,MASZZ,13,0.95,0.25,0.04789433410375861,0.48908933880561967,0.035289168189696456
commons-vfs,MASZZ,13,0.99,0.0,0.04391372113337527,0.4802780983072705,0.00014483642983111132
commons-vfs,MASZZ,13,0.99,0.05,0.046873270456024074,0.5053162930057538,0.00014483642983111132
commons-vfs,MASZZ,13,0.99,0.1,0.062105853770917166,0.5325073565473245,0.00014483642983111132
commons-vfs,MASZZ,13,0.99,0.25,0.05981852278694352,0.5366794757304939,0.00014483642983111132
commons-vfs,MASZZ,13,0.995,0.0,0.036773284364279464,0.470322036056827,-0.0006775584071497728
commons-vfs,MASZZ,13,0.995,0.05,0.03932858025114039,0.49484119433467105,-0.0006775584071497728
commons-vfs,MASZZ,13,0.995,0.1,0.05401019753958747,0.5215881933086212,-0.0006775584071497728
commons-vfs,MASZZ,13,0.995,0.25,0.05825143626052732,0.5315260375783767,-0.0006775584071497728
commons-vfs,MASZZ,13,0.999,0.0,0.023130460669532688,0.44956382481455004,0.010194939255069995
commons-vfs,MASZZ,13,0.999,0.05,0.024948361810216448,0.47300080146364976,0.010194939255069995
commons-vfs,MASZZ,13,0.999,0.1,0.03864390647220499,0.49863313917219965,0.010194939255069995
commons-vfs,MASZZ,13,0.999,0.25,0.04746571154093612,0.5120915306644956,0.010194939255069995
commons-vfs,MASZZ,21,0.9,0.0,0.008835192594253326,0.35006757641098507,0.01301379504161571
commons-vfs,MASZZ,21,0.9,0.05,0.01032492852931994,0.36831754484947243,0.01301379504161571
commons-vfs,MASZZ,21,0.9,0.1,0.019741794102729738,0.38658319105436784,0.01301379504161571
commons-vfs,MASZZ,21,0.9,0.25,-0.02369092458359916,0.33798724741142855,0.01301379504161571
commons-vfs,MASZZ,21,0.95,0.0,0.006200327640062805,0.4024604067530112,0.03984475108118098
commons-vfs,MASZZ,21,0.95,0.05,0.007402372817261056,0.4234417549723625,0.03984475108118098
commons-vfs,MASZZ,21,0.95,0.1,0.019132036400505033,0.4451594542814306,0.03984475108118098
commons-vfs,MASZZ,21,0.95,0.25,-0.018184604608423065,0.4104865474537843,0.03984475108118098
commons-vfs,MASZZ,21,0.99,0.0,-0.003028524693275506,0.44182492774229903,0.014585712296379049
commons-vfs,MASZZ,21,0.99,0.05,-0.0025162014563762628,0.4648584547809971,0.014585712296379049
commons-vfs,MASZZ,21,0.99,0.1,0.009947802852416303,0.48978161147513405,0.014585712296379049
commons-vfs,MASZZ,21,0.99,0.25,-0.0018803206368936144,0.48699661409210926,0.014585712296379049
commons-vfs,MASZZ,21,0.995,0.0,-0.00938030459131333,0.4341815499686159,-0.0030717822981068516
commons-vfs,MASZZ,21,0.995,0.05,-0.00923111997701886,0.4568166070759845,-0.0030717822981068516
commons-vfs,MASZZ,21,0.995,0.1,0.0027284320333732536,0.4814320976550532,-0.0030717822981068516
commons-vfs,MASZZ,21,0.995,0.25,-0.001901928402050598,0.48526096007143144,-0.0030717822981068516
commons-vfs,MASZZ,21,0.999,0.0,-0.01606030753498579,0.4223197564704681,-0.026760159969717118
commons-vfs,MASZZ,21,0.999,0.05,-0.016285527011599202,0.44433642623907066,-0.026760159969717118
commons-vfs,MASZZ,21,0.999,0.1,-0.004901391532815539,0.46836195212321974,-0.026760159969717118
commons-vfs,MASZZ,21,0.999,0.25,-0.0031752283236255036,0.47785557665791034,-0.026760159969717118
commons-vfs,MASZZ,42,0.9,0.0,0.0013391285131330796,0.3141131361103,0.012979292490026663
commons-vfs,MASZZ,42,0.9,0.05,0.0024380743776199606,0.3304887024478038,0.012979292490026663
commons-vfs,MASZZ,42,0.9,0.1,0.011738127235157943,0.34663672679229623,0.012979292490026663
commons-vfs,MASZZ,42,0.9,0.25,-0.0371860184227234,0.2889401781543476,0.012979292490026663
commons-vfs,MASZZ,42,0.95,0.0,-0.0045024250245876765,0.366675134250033,0.039457060113040336
commons-vfs,MASZZ,42,0.95,0.05,-0.0038583432564470357,0.38579089954268875,0.039457060113040336
commons-vfs,MASZZ,42,0.95,0.1,0.007669473290410591,0.4054096201325971,0.039457060113040336
commons-vfs,MASZZ,42,0.95,0.25,-0.03516663280432888,0.36169150837892167,0.039457060113040336
commons-vfs,MASZZ,42,0.99,0.0,-0.011166475809308782,0.4237397047524877,-0.012576464930047252
commons-vfs,MASZZ,42,0.99,0.05,-0.011078405948126905,0.44583040026091125,-0.012576464930047252
commons-vfs,MASZZ,42,0.99,0.1,0.0012849873376742464,0.46969687048597414,-0.012576464930047252
commons-vfs,MASZZ,42,0.99,0.25,-0.013486208254728837,0.46241144483261204,-0.012576464930047252
commons-vfs,MASZZ,42,0.995,0.0,-0.013662979569433869,0.4230328026969554,-0.029192802424839244
commons-vfs,MASZZ,42,0.995,0.05,-0.01373706237106037,0.44508664549158344,-0.029192802424839244
commons-vfs,MASZZ,42,0.995,0.1,-0.0016696075979650905,0.4690528855938791,-0.029192802424839244
commons-vfs,MASZZ,42,0.995,0.25,-0.007825261261474816,0.47013963663276287,-0.029192802424839244
commons-vfs,MASZZ,42,0.999,0.0,-0.01657401237353011,0.41631812247734523,-0.03460384902411597
commons-vfs,MASZZ,42,0.999,0.05,-0.016826012671110283,0.4380219108529414,-0.03460384902411597
commons-vfs,MASZZ,42,0.999,0.1,-0.005128520943347438,0.4617004269134691,-0.03460384902411597
commons-vfs,MASZZ,42,0.999,0.25,-0.003652517013182447,0.46976547684372477,-0.03460384902411597
commons-vfs,MASZZ,77,0.9,0.0,0.025324160408343826,0.38639056222980106,0.0087583028095637
commons-vfs,MASZZ,77,0.9,0.05,0.0276735107792161,0.4065341460427291,0.0087583028095637
commons-vfs,MASZZ,77,0.9,0.1,0.038062869451719175,0.4269420641863857,0.0087583028095637
commons-vfs,MASZZ,77,0.9,0.25,-0.008916540278483006,0.38144147889072205,0.0087583028095637
commons-vfs,MASZZ,77,0.95,0.0,0.027997867020236572,0.43485208965781336,0.0356993310494465
commons-vfs,MASZZ,77,0.95,0.05,0.030336276809671346,0.45752210381059044,0.0356993310494465
commons-vfs,MASZZ,77,0.95,0.1,0.04335152460069811,0.4811502130645441,0.0356993310494465
commons-vfs,MASZZ,77,0.95,0.25,0.005277748087805278,0.4499360183309199,0.0356993310494465
commons-vfs,MASZZ,77,0.99,0.0,0.019602315566427563,0.46076916901820697,0.008213286600498726
commons-vfs,MASZZ,77,0.99,0.05,0.02129444564151038,0.48479031053100446,0.008213286600498726
commons-vfs,MASZZ,77,0.99,0.1,0.03509318091875305,0.5108307684483651,0.008213286600498726
commons-vfs,MASZZ,77,0.99,0.25,0.025727047712944793,0.5103929823316564,0.008213286600498726
commons-vfs,MASZZ,77,0.995,0.0,0.014596716946676884,0.45238398506706157,-0.0007031580585487769
commons-vfs,MASZZ,77,0.995,0.05,0.015995888465795496,0.4759679842885672,-0.0007031580585487769
commons-vfs,MASZZ,77,0.995,0.1,0.029369567075584607,0.5016570255422151,-0.0007031580585487769
commons-vfs,MASZZ,77,0.995,0.25,0.028115301263690218,0.5080159200437736,-0.0007031580585487769
commons-vfs,MASZZ,77,0.999,0.0,0.007610151257076795,0.4388290319049192,-0.002742504814822729
commons-vfs,MASZZ,77,0.999,0.05,0.008618936741187029,0.4617063748004363,-0.002742504814822729
commons-vfs,MASZZ,77,0.999,0.1,0.0213991182361429,0.486705591494832,-0.002742504814822729
commons-vfs,MASZZ,77,0.999,0.25,0.02693830910228207,0.49864982274052616,-0.002742504814822729
commons-vfs,MASZZ,101,0.9,0.0,0.01912385278765714,0.3663830935952748,0.008618214694325358
commons-vfs,MASZZ,101,0.9,0.05,0.02114996437261684,0.385483634019673,0.008618214694325358
commons-vfs,MASZZ,101,0.9,0.1,0.03117363876206731,0.40471154348135646,0.008618214694325358
commons-vfs,MASZZ,101,0.9,0.25,-0.001374166054500273,0.36547694592191543,0.008618214694325358
commons-vfs,MASZZ,101,0.95,0.0,0.019837848890444706,0.4137988431677174,0.03444667798729398
commons-vfs,MASZZ,101,0.95,0.05,0.02175085489112258,0.43537129470726665,0.03444667798729398
commons-vfs,MASZZ,101,0.95,0.1,0.034284837789818265,0.45775771696443746,0.03444667798729398
commons-vfs,MASZZ,101,0.95,0.25,0.007641206716371565,0.4305414448181175,0.03444667798729398
commons-vfs,MASZZ,101,0.99,0.0,0.010929523926144052,0.44748667062085984,-0.01851849153988657
commons-vfs,MASZZ,101,0.99,0.05,0.012169517944150483,0.47081535961057286,-0.01851849153988657
commons-vfs,MASZZ,101,0.99,0.1,0.02545674576288248,0.4960724368957571,-0.01851849153988657
commons-vfs,MASZZ,101,0.99,0.25,0.019982713047944967,0.49690500608938465,-0.01851849153988657
commons-vfs,MASZZ,101,0.995,0.0,0.0069006352380411185,0.44327124711043986,-0.023979795480703253
commons-vfs,MASZZ,101,0.995,0.05,0.007898589227325633,0.46638017468491777,-0.023979795480703253
commons-vfs,MASZZ,101,0.995,0.1,0.02081836517710042,0.4915317611459687,-0.023979795480703253
commons-vfs,MASZZ,101,0.995,0.25,0.02215780789875922,0.4992376292236482,-0.023979795480703253
commons-vfs,MASZZ,101,0.999,0.0,-0.0022010802650051127,0.42899002017524746,-0.014074399971313798
commons-vfs,MASZZ,101,0.999,0.05,-0.0017037807844157392,0.45135442880997595,-0.014074399971313798
commons-vfs,MASZZ,101,0.999,0.1,0.010497749878274105,0.4757733562396412,-0.014074399971313798
commons-vfs,MASZZ,101,0.999,0.25,0.01696738871006442,0.4882032188450865,-0.014074399971313798
commons-vfs,MASZZ,123,0.9,0.0,0.05531855039450002,0.4301356796523742,0.008756064002189074
commons-vfs,MASZZ,123,0.9,0.05,0.05923158934284963,0.45255981461055483,0.008756064002189074
commons-vfs,MASZZ,123,0.9,0.1,0.07138996943633717,0.4755477502114669,0.008756064002189074
commons-vfs,MASZZ,123,0.9,0.25,0.038249684249862796,0.44468063828530846,0.008756064002189074
commons-vfs,MASZZ,123,0.95,0.0,0.05767784031014566,0.46988353738475136,0.03543361165356952
commons-vfs,MASZZ,123,0.95,0.05,0.06156354728531031,0.49437983554225023,0.03543361165356952
commons-vfs,MASZZ,123,0.95,0.1,0.07632927270059708,0.5200740438722531,0.03543361165356952
commons-vfs,MASZZ,123,0.95,0.25,0.05041088046215552,0.5003300948742304,0.03543361165356952
commons-vfs,MASZZ,123,0.99,0.0,0.05068890889913679,0.4944208779231238,0.019545653665676142
commons-vfs,MASZZ,123,0.99,0.05,0.05400166706265469,0.5201963739285946,0.019545653665676142
commons-vfs,MASZZ,123,0.99,0.1,0.06963384017731886,0.5482215561204947,0.019545653665676142
commons-vfs,MASZZ,123,0.99,0.25,0.0696999330096582,0.5570824540689585,0.019545653665676142
commons-vfs,MASZZ,123,0.995,0.0,0.04220744976034259,0.48120008098774864,0.025363314705773035
commons-vfs,MASZZ,123,0.995,0.05,0.045046043369273155,0.5062863411340293,0.025363314705773035
commons-vfs,MASZZ,123,0.995,0.1,0.06004815909076872,0.533674909898534,0.025363314705773035
commons-vfs,MASZZ,123,0.995,0.25,0.06684045734865537,0.5479147048868424,0.025363314705773035
commons-vfs,MASZZ,123,0.999,0.0,0.025471770614971412,0.4565090953132831,0.027867077793438937
commons-vfs,MASZZ,123,0.999,0.05,0.027411730567976626,0.48030814767558694,0.027867077793438937
commons-vfs,MASZZ,123,0.999,0.1,0.041245361967136907,0.5063501063930141,0.027867077793438937
commons-vfs,MASZZ,123,0.999,0.25,0.05216763691821422,0.5234139993656229,0.027867077793438937
commons-vfs,MASZZ,202,0.9,0.0,0.01805961175878119,0.3653712268618673,-0.0022815088797961676
commons-vfs,MASZZ,202,0.9,0.05,0.02003024158394166,0.3844190159399741,-0.0022815088797961676
commons-vfs,MASZZ,202,0.9,0.1,0.029991148729982924,0.40358724711090366,-0.0022815088797961676
commons-vfs,MASZZ,202,0.9,0.25,-0.008699739847643563,0.36056695117161003,-0.0022815088797961676
commons-vfs,MASZZ,202,0.95,0.0,0.02022297882801761,0.40508148041344066,-0.02204921358769326
commons-vfs,MASZZ,202,0.95,0.05,0.022156062692739564,0.42619947228333577,-0.02204921358769326
commons-vfs,MASZZ,202,0.95,0.1,0.034712759942677036,0.4480717583485745,-0.02204921358769326
commons-vfs,MASZZ,202,0.95,0.25,0.0025996740492207127,0.4156979765161027,-0.02204921358769326
commons-vfs,MASZZ,202,0.99,0.0,0.025504063383629306,0.46384446814925423,-0.04786878325943163
commons-vfs,MASZZ,202,0.99,0.05,0.02750386751553307,0.48802593331343336,-0.04786878325943163
commons-vfs,MASZZ,202,0.99,0.1,0.04165067849342165,0.514247767482862,-0.04786878325943163
commons-vfs,MASZZ,202,0.99,0.25,0.03669997338759281,0.5169648737055005,-0.04786878325943163
commons-vfs,MASZZ,202,0.995,0.0,0.020827169577610556,0.45823981792322577,-0.01365231980251145
commons-vfs,MASZZ,202,0.995,0.05,0.022551151423460303,0.4821290975305977,-0.01365231980251145
commons-vfs,MASZZ,202,0.995,0.1,0.03629229222106646,0.5081635064935086,-0.01365231980251145
commons-vfs,MASZZ,202,0.995,0.25,0.03868823850779914,0.5177948729527361,-0.01365231980251145
commons-vfs,MASZZ,202,0.999,0.0,0.007570327722778143,0.4379125023195156,0.007269223842256526
commons-vfs,MASZZ,202,0.999,0.05,0.008577037098465221,0.46074206405181267,0.007269223842256526
commons-vfs,MASZZ,202,0.999,0.1,0.021354869864699942,0.4856872252888281,0.007269223842256526
commons-vfs,MASZZ,202,0.999,0.25,0.02849352808255229,0.49899577121814126,0.007269223842256526
commons-vfs,MASZZ,314,0.9,0.0,0.050182327015985816,0.4108094550641328,0.008757848098306422
commons-vfs,MASZZ,314,0.9,0.05,0.05382760076450769,0.43222606172624406,0.008757848098306422
commons-vfs,MASZZ,314,0.9,0.1,0.06568305457132138,0.4540741673356432,0.008757848098306422
commons-vfs,MASZZ,314,0.9,0.25,0.026595572099724893,0.4161988045946641,0.008757848098306422
commons-vfs,MASZZ,314,0.95,0.0,0.04920736168199564,0.4510961923307484,0.03566976923690667
commons-vfs,MASZZ,314,0.95,0.05,0.052651479723939194,0.47461305543803856,0.03566976923690667
commons-vfs,MASZZ,314,0.95,0.1,0.0669176297804304,0.4991992160344718,0.03566976923690667
commons-vfs,MASZZ,314,0.95,0.25,0.03444129590505655,0.4725735664578218,0.03566976923690667
commons-vfs,MASZZ,314,0.99,0.0,0.04214160435815615,0.4839878846404785,0.029143498863877702
commons-vfs,MASZZ,314,0.99,0.05,0.045008768446077894,0.5092194805222096,0.029143498863877702
commons-vfs,MASZZ,314,0.99,0.1,0.060136835131784805,0.536629341362,0.029143498863877702
commons-vfs,MASZZ,314,0.99,0.25,0.055764857670817784,0.5414505086717079,0.029143498863877702
commons-vfs,MASZZ,314,0.995,0.0,0.0347073985446079,0.4723791558629777,0.03418484545844864
commons-vfs,MASZZ,314,0.995,0.05,0.03715499422286036,0.4970055573534647,0.03418484545844864
commons-vfs,MASZZ,314,0.995,0.1,0.05171476885106352,0.5238738819821219,0.03418484545844864
commons-vfs,MASZZ,314,0.995,0.25,0.05489912852922687,0.5347301589964129,0.03418484545844864
commons-vfs,MASZZ,314,0.999,0.0,0.020138606203076004,0.4495361149134394,0.031404813725118656
commons-vfs,MASZZ,314,0.999,0.05,0.0218005338881625,0.4729716469705382,0.031404813725118656
commons-vfs,MASZZ,314,0.999,0.1,0.03531962373169757,0.49860235039318784,0.031404813725118656
commons-vfs,MASZZ,314,0.999,0.25,0.0436076595170384,0.5129570238528504,0.031404813725118656
commons-vfs,MASZZ,999,0.9,0.0,0.01952134925727712,0.3650642091564638,-0.0019566679894351007
commons-vfs,MASZZ,999,0.9,0.05,0.021568183407003737,0.38409599257220356,-0.0019566679894351007
commons-vfs,MASZZ,999,0.9,0.1,0.03161530150608951,0.40324611632712204,-0.0019566679894351007
commons-vfs,MASZZ,999,0.9,0.25,-0.011473908698388482,0.3557056239239756,-0.0019566679894351007
commons-vfs,MASZZ,999,0.95,0.0,0.020637936609164,0.4094436647077907,-0.020740595401945554
commons-vfs,MASZZ,999,0.95,0.05,0.02259265334399311,0.43078906902904995,-0.020740595401945554
commons-vfs,MASZZ,999,0.95,0.1,0.03517382414395081,0.45291862978674113,-0.020740595401945554
commons-vfs,MASZZ,999,0.95,0.25,-0.0022137826316700245,0.41661948351903905,-0.020740595401945554
commons-vfs,MASZZ,999,0.99,0.0,0.01961504233539321,0.4618053965546581,-0.04498038354300782
commons-vfs,MASZZ,999,0.99,0.05,0.021307835891322575,0.48588055940821856,-0.04498038354300782
commons-vfs,MASZZ,999,0.99,0.1,0.03510732177315932,0.5119821323777553,-0.04498038354300782
commons-vfs,MASZZ,999,0.99,0.25,0.023863539670580292,0.5094381449414164,-0.04498038354300782
commons-vfs,MASZZ,999,0.995,0.0,0.014689213226709217,0.45563473516618946,-0.016972421038525438
commons-vfs,MASZZ,999,0.995,0.05,0.01609320682677738,0.4793882047720098,-0.016972421038525438
commons-vfs,MASZZ,999,0.995,0.1,0.029472340720064973,0.5052689700968016,-0.016972421038525438
commons-vfs,MASZZ,999,0.995,0.25,0.026066943864872075,0.5097999993921646,-0.016972421038525438
commons-vfs,MASZZ,999,0.999,0.0,0.0056299771552541554,0.44009988190989835,-0.005288736992139992
commons-vfs,MASZZ,999,0.999,0.05,0.006535530814150883,0.46304347764927695,-0.005288736992139992
commons-vfs,MASZZ,999,0.999,0.1,0.019198924789673288,0.48811764705592,-0.005288736992139992
commons-vfs,MASZZ,999,0.999,0.25,0.022081304141983615,0.4977386476529087,-0.005288736992139992
commons-vfs,LSZZ,7,0.9,0.0,0.04834636455097339,0.37220904017931605,0.004709789017139027
commons-vfs,LSZZ,7,0.9,0.05,0.05189592461648513,0.3916133029374794,0.004709789017139027
commons-vfs,LSZZ,7,0.9,0.1,0.06396838949942496,0.4111877313134251,0.004709789017139027
commons-vfs,LSZZ,7,0.9,0.25,0.024039135793123608,0.3688366096481033,0.004709789017139027
commons-vfs,LSZZ,7,0.95,0.0,0.04760315349144866,0.4211784436487289,0.02375141991850367
commons-vfs,LSZZ,7,0.95,0.05,0.05096363982677603,0.44313561369676696,0.02375141991850367
commons-vfs,LSZZ,7,0.95,0.1,0.06556456053045098,0.46596885279781475,0.02375141991850367
commons-vfs,LSZZ,7,0.95,0.25,0.031142195582551584,0.4347785380250789,0.02375141991850367
commons-vfs,LSZZ,7,0.99,0.0,0.044072453825157884,0.46875290785481766,0.00277909662441236
commons-vfs,LSZZ,7,0.99,0.05,0.04704027831183328,0.4931902632406138,0.00277909662441236
commons-vfs,LSZZ,7,0.99,0.1,0.06266157582041498,0.5197115405996741,0.00277909662441236
commons-vfs,LSZZ,7,0.99,0.25,0.05382150097113287,0.5200912175844019,0.00277909662441236
commons-vfs,LSZZ,7,0.995,0.0,0.040816697978253734,0.4638367798594472,0.0003562006869987474
commons-vfs,LSZZ,7,0.995,0.05,0.04358278793977683,0.48801784421230926,0.0003562006869987474
commons-vfs,LSZZ,7,0.995,0.1,0.05886336745502114,0.5143906379966477,0.0003562006869987474
commons-vfs,LSZZ,7,0.995,0.25,0.05899211695677276,0.5224482038117348,0.0003562006869987474
commons-vfs,LSZZ,7,0.999,0.0,0.03234905726114483,0.44830666694473076,0.016778078822689675
commons-vfs,LSZZ,7,0.999,0.05,0.034647548745467154,0.4716781045579632,0.016778078822689675
commons-vfs,LSZZ,7,0.999,0.1,0.04923044531740249,0.497243254099453,0.016778078822689675
commons-vfs,LSZZ,7,0.999,0.25,0.05658977204659559,0.5107804935792906,0.016778078822689675
commons-vfs,LSZZ,13,0.9,0.0,0.033296583587580184,0.36192281837043583,0.006230843076975207
commons-vfs,LSZZ,13,0.9,0.05,0.03606155791566383,0.38079083259827845,0.006230843076975207
commons-vfs,LSZZ,13,0.9,0.1,0.046921117428648476,0.3997556821204243,0.006230843076975207
commons-vfs,LSZZ,13,0.9,0.25,0.03873174822548899,0.3892261850530195,0.006230843076975207
commons-vfs,LSZZ,13,0.95,0.0,0.031921019282968595,0.4049262266315206,0.029659020582768852
commons-vfs,LSZZ,13,0.95,0.05,0.034463953597948654,0.42603612470235813,0.029659020582768852
commons-vfs,LSZZ,13,0.95,0.1,0.047710582670400355,0.44789925414644105,0.029659020582768852
commons-vfs,LSZZ,13,0.95,0.25,0.04241157720521016,0.4436254197473498,0.029659020582768852
commons-vfs,LSZZ,13,0.99,0.0,0.026370711048327,0.4507697022758926,0.009732713901792997
commons-vfs,LSZZ,13,0.99,0.05,0.028415695864172346,0.4742695445746357,0.009732713901792997
commons-vfs,LSZZ,13,0.99,0.1,0.04261362034308575,0.4997202498457935,0.009732713901792997
commons-vfs,LSZZ,13,0.99,0.25,0.05494084373324566,0.5204738133727213,0.009732713901792997
commons-vfs,LSZZ,13,0.995,0.0,0.020209817788495354,0.44407553740061506,0.004644566139779226
commons-vfs,LSZZ,13,0.995,0.05,0.021901615417850944,0.46722639480064715,0.004644566139779226
commons-vfs,LSZZ,13,0.995,0.1,0.035606345788716236,0.4924254170239412,0.004644566139779226
commons-vfs,LSZZ,13,0.995,0.25,0.052956050057924364,0.5183599508621854,0.004644566139779226
commons-vfs,LSZZ,13,0.999,0.0,0.002193350376176994,0.4193048101015628,0.009399924786887457
commons-vfs,LSZZ,13,0.999,0.05,0.002919743397301926,0.44116430257131256,0.009399924786887457
commons-vfs,LSZZ,13,0.999,0.1,0.015380450590698662,0.46501201171332496,0.009399924786887457
commons-vfs,LSZZ,13,0.999,0.25,0.034488669891020084,0.49222255771232537,0.009399924786887457
commons-vfs,LSZZ,21,0.9,0.0,0.07080730763036044,0.3895887708368718,0.0046160740385995285
commons-vfs,LSZZ,21,0.9,0.05,0.07552781733508192,0.4098990859041969,0.0046160740385995285
commons-vfs,LSZZ,21,0.9,0.1,0.08859969969840431,0.4304956293053532,0.0046160740385995285
commons-vfs,LSZZ,21,0.9,0.25,0.049504564637354496,0.39467730149126967,0.0046160740385995285
commons-vfs,LSZZ,21,0.95,0.0,0.07222371602999281,0.4349381734302952,0.023619462869392788
commons-vfs,LSZZ,21,0.95,0.05,0.07686773880097889,0.45761267536268024,0.023619462869392788
commons-vfs,LSZZ,21,0.95,0.1,0.09249135683376059,0.48124586170063505,0.023619462869392788
commons-vfs,LSZZ,21,0.95,0.25,0.054993797022045904,0.45067152829806995,0.023619462869392788
commons-vfs,LSZZ,21,0.99,0.0,0.0723259153916995,0.49051229414697606,0.01009580265427468
commons-vfs,LSZZ,21,0.99,0.05,0.07676666915435573,0.516084025121463,0.01009580265427468
commons-vfs,LSZZ,21,0.99,0.1,0.09367495850238852,0.5438786852581085,0.01009580265427468
commons-vfs,LSZZ,21,0.99,0.25,0.08106328471448844,0.5422902108949295,0.01009580265427468
commons-vfs,LSZZ,21,0.995,0.0,0.07173201654398223,0.48879344403731495,0.01647339648680895
commons-vfs,LSZZ,21,0.995,0.05,0.07610980557765232,0.5142755667122461,0.01647339648680895
commons-vfs,LSZZ,21,0.995,0.1,0.09285323329481278,0.5421119799536076,0.01647339648680895
commons-vfs,LSZZ,21,0.995,0.25,0.09064155620007526,0.5489289901467538,0.01647339648680895
commons-vfs,LSZZ,21,0.999,0.0,0.06524002066050655,0.47386209581875266,0.04766249778549998
commons-vfs,LSZZ,21,0.999,0.05,0.06925320691920317,0.49856580697518055,0.04766249778549998
commons-vfs,LSZZ,21,0.999,0.1,0.08543230646217595,0.5256312180657582,0.04766249778549998
commons-vfs,LSZZ,21,0.999,0.25,0.09179904295720157,0.5382872864668775,0.04766249778549998
commons-vfs,LSZZ,42,0.9,0.0,0.04317766031268671,0.37088626139981357,0.003810338211414836
commons-vfs,LSZZ,42,0.9,0.05,0.04645776186340624,0.39022156412681797,0.003810338211414836
commons-vfs,LSZZ,42,0.9,0.1,0.05822538479021753,0.40971797711397795,0.003810338211414836
commons-vfs,LSZZ,42,0.9,0.25,0.013704877057170864,0.36524270968696754,0.003810338211414836
commons-vfs,LSZZ,42,0.95,0.0,0.0441623548191472,0.4178530528998647,0.020602616306629105
commons-vfs,LSZZ,42,0.95,0.05,0.047343463024638946,0.4396368613448814,0.020602616306629105
commons-vfs,LSZZ,42,0.95,0.1,0.06174145089456046,0.46227397418796556,0.020602616306629105
commons-vfs,LSZZ,42,0.95,0.25,0.022512645286521728,0.4276031981719555,0.020602616306629105
commons-vfs,LSZZ,42,0.99,0.0,0.04266013469482621,0.4654915414635939,-0.007927793356351711
commons-vfs,LSZZ,42,0.99,0.05,0.04555433116996772,0.48975887300908927,-0.007927793356351711
commons-vfs,LSZZ,42,0.99,0.1,0.06109233234226868,0.516087800164981,-0.007927793356351711
commons-vfs,LSZZ,42,0.99,0.25,0.048770105895508745,0.5128499378756357,-0.007927793356351711
commons-vfs,LSZZ,42,0.995,0.0,0.04054624695468135,0.46263204159622445,-0.012998905996834299
commons-vfs,LSZZ,42,0.995,0.05,0.04329823757374333,0.4867502996889186,-0.012998905996834299
commons-vfs,LSZZ,42,0.995,0.1,0.05856286631771849,0.5130520399264002,-0.012998905996834299
commons-vfs,LSZZ,42,0.995,0.25,0.05591416483217884,0.5181178274162309,-0.012998905996834299
commons-vfs,LSZZ,42,0.999,0.0,0.0347940679260322,0.4506084743902806,0.006891968727411791
commons-vfs,LSZZ,42,0.999,0.05,0.037220024421320205,0.4740999114438023,0.006891968727411791
commons-vfs,LSZZ,42,0.999,0.1,0.05194712383394402,0.4998008179278417,0.006891968727411791
commons-vfs,LSZZ,42,0.999,0.25,0.05755291175348018,0.5113152189753389,0.006891968727411791
commons-vfs,LSZZ,77,0.9,0.0,0.07342729910137734,0.39390055495592213,0.005771869667251128
commons-vfs,LSZZ,77,0.9,0.05,0.07828439603918501,0.414435654977321,0.005771869667251128
commons-vfs,LSZZ,77,0.9,0.1,0.09151080133286754,0.43528650054874246,0.005771869667251128
commons-vfs,LSZZ,77,0.9,0.25,0.0467621036705931,0.3947001081743407,0.005771869667251128
commons-vfs,LSZZ,77,0.95,0.0,0.07477346586150302,0.4378823193098535,0.027734149943849325
commons-vfs,LSZZ,77,0.95,0.05,0.07955041397915551,0.4607103075203198,0.027734149943849325
commons-vfs,LSZZ,77,0.95,0.1,0.09532441220210526,0.4845171349001442,0.027734149943849325
commons-vfs,LSZZ,77,0.95,0.25,0.054311777825818024,0.45164725835655156,0.027734149943849325
commons-vfs,LSZZ,77,0.99,0.0,0.07513209927419562,0.4928948998001074,0.015000081899196892
commons-vfs,LSZZ,77,0.99,0.05,0.0797191469833327,0.5185908424437148,0.015000081899196892
commons-vfs,LSZZ,77,0.99,0.1,0.0967929405940509,0.5465260248726989,0.015000081899196892
commons-vfs,LSZZ,77,0.99,0.25,0.0833025844953287,0.5445319009390623,0.015000081899196892
commons-vfs,LSZZ,77,0.995,0.0,0.07559035550094038,0.492234315780768,0.020485414049839296
commons-vfs,LSZZ,77,0.995,0.05,0.08016929016743767,0.5178958203949312,0.020485414049839296
commons-vfs,LSZZ,77,0.995,0.1,0.09714027658032183,0.5459351707796667,0.020485414049839296
commons-vfs,LSZZ,77,0.995,0.25,0.09457938032446299,0.552791157463052,0.020485414049839296
commons-vfs,LSZZ,77,0.999,0.0,0.0713247996439856,0.47919143296888134,0.052033538790514915
commons-vfs,LSZZ,77,0.999,0.05,0.07565520186864559,0.504172976867733,0.052033538790514915
commons-vfs,LSZZ,77,0.999,0.1,0.0921931719993749,0.5315527037881234,0.052033538790514915
commons-vfs,LSZZ,77,0.999,0.25,0.09894194904428559,0.5448285733099753,0.052033538790514915
commons-vfs,LSZZ,101,0.9,0.0,0.08371458604197424,0.40542070703414507,0.0046164768471791025
commons-vfs,LSZZ,101,0.9,0.05,0.08910798703829644,0.4265563837041716,0.0046164768471791025
commons-vfs,LSZZ,101,0.9,0.1,0.10294112015575298,0.4480866695245457,0.0046164768471791025
commons-vfs,LSZZ,101,0.9,0.25,0.05487924656056961,0.4079118132610932,0.0046164768471791025
commons-vfs,LSZZ,101,0.95,0.0,0.08775576359232726,0.4524481679289495,0.023675552921607897
commons-vfs,LSZZ,101,0.95,0.05,0.09320951396134973,0.4760355131764302,0.023675552921607897
commons-vfs,LSZZ,101,0.95,0.1,0.10974918745857665,0.5007014111435841,0.023675552921607897
commons-vfs,LSZZ,101,0.95,0.25,0.06597564283233098,0.4689840720879008,0.023675552921607897
commons-vfs,LSZZ,101,0.99,0.0,0.086373434412702,0.5039398656240107,0.004812451546989546
commons-vfs,LSZZ,101,0.99,0.05,0.09154652329019722,0.5302116121731298,0.004812451546989546
commons-vfs,LSZZ,101,0.99,0.1,0.10928331297016906,0.5587982091214803,0.004812451546989546
commons-vfs,LSZZ,101,0.99,0.25,0.09480405740555187,0.557936591625755,0.004812451546989546
commons-vfs,LSZZ,101,0.995,0.0,0.08583376145473916,0.5019005846878268,0.0135942159600827
commons-vfs,LSZZ,101,0.995,0.05,0.09094671254536812,0.5280660180127847,0.0135942159600827
commons-vfs,LSZZ,101,0.995,0.1,0.10852183875120937,0.5566754695652877,0.0135942159600827
commons-vfs,LSZZ,101,0.995,0.25,0.10550144478024398,0.5646485034550995,0.0135942159600827
commons-vfs,LSZZ,101,0.999,0.0,0.07936702468565042,0.48595348552391787,0.05164496833363558
commons-vfs,LSZZ,101,0.999,0.05,0.08411668982717442,0.5112875534896197,0.05164496833363558
commons-vfs,LSZZ,101,0.999,0.1,0.10112897760122469,0.5390660955159418,0.05164496833363558
commons-vfs,LSZZ,101,0.999,0.25,0.10755211560641657,0.5530689957581939,0.05164496833363558
commons-vfs,LSZZ,123,0.9,0.0,0.061063178812638085,0.3884190691532879,0.005409482663225345
commons-vfs,LSZZ,123,0.9,0.05,0.06527570075908967,0.4086684045119901,0.005409482663225345
commons-vfs,LSZZ,123,0.9,0.1,0.07777288990093502,0.4291959607680377,0.005409482663225345
commons-vfs,LSZZ,123,0.9,0.25,0.04122714163349166,0.39541111967278303,0.005409482663225345
commons-vfs,LSZZ,123,0.95,0.0,0.06313497718083724,0.43445444378314146,0.027158857053266417
commons-vfs,LSZZ,123,0.95,0.05,0.06730517944309956,0.4571037275822626,0.027158857053266417
commons-vfs,LSZZ,123,0.95,0.1,0.08239275811247662,0.4807083843149086,0.027158857053266417
commons-vfs,LSZZ,123,0.95,0.25,0.04808648908846266,0.45317251304045075,0.027158857053266417
commons-vfs,LSZZ,123,0.99,0.0,0.0626046891993561,0.4851327057183406,0.015219052587085172
commons-vfs,LSZZ,123,0.99,0.05,0.06653864917947311,0.5104239842155053,0.015219052587085172
commons-vfs,LSZZ,123,0.99,0.1,0.08287359606645142,0.5379013647818468,0.015219052587085172
commons-vfs,LSZZ,123,0.99,0.25,0.07266297479370037,0.5388553968822405,0.015219052587085172
commons-vfs,LSZZ,123,0.995,0.0,0.06062707203399134,0.48106992606465215,0.01879499721363373
commons-vfs,LSZZ,123,0.995,0.05,0.0644259303112164,0.5061494008831885,0.01879499721363373
commons-vfs,LSZZ,123,0.995,0.1,0.08051440606148956,0.5335302933173157,0.01879499721363373
commons-vfs,LSZZ,123,0.995,0.25,0.07980161978580189,0.5421854586887909,0.01879499721363373
commons-vfs,LSZZ,123,0.999,0.0,0.052499719939189,0.46395881601468797,0.04022796892251401
commons-vfs,LSZZ,123,0.999,0.05,0.0558487199043572,0.48814624244199384,0.04022796892251401
commons-vfs,LSZZ,123,0.999,0.1,0.0712764167718231,0.5146275738390196,0.04022796892251401
commons-vfs,LSZZ,123,0.999,0.25,0.07818709100778498,0.5283927848867994,0.04022796892251401
commons-vfs,LSZZ,202,0.9,0.0,0.0657392468242694,0.3932814110787005,0.005666679612378413
commons-vfs,LSZZ,202,0.9,0.05,0.0701955448281994,0.413784233457211,0.005666679612378413
commons-vfs,LSZZ,202,0.9,0.1,0.08296852102496981,0.4345985629073851,0.005666679612378413
commons-vfs,LSZZ,202,0.9,0.25,0.035297451812025205,0.39269722039418903,0.005666679612378413
commons-vfs,LSZZ,202,0.95,0.0,0.0685057804262865,0.4366278903966733,0.02636339254581098
commons-vfs,LSZZ,202,0.95,0.05,0.07295597717053906,0.45939048183915393,0.02636339254581098
commons-vfs,LSZZ,202,0.95,0.1,0.08836031727408691,0.48312332499661065,0.02636339254581098
commons-vfs,LSZZ,202,0.95,0.25,0.04409991101287438,0.4490549140804021,0.02636339254581098
commons-vfs,LSZZ,202,0.99,0.0,0.06962247601338539,0.48823035952052,0.0034335729397041194
commons-vfs,LSZZ,202,0.99,0.05,0.07392229217812003,0.5136831270784619,0.0034335729397041194
commons-vfs,LSZZ,202,0.99,0.1,0.09067113697092842,0.5413432023398239,0.0034335729397041194
commons-vfs,LSZZ,202,0.99,0.25,0.07478108233820731,0.5378509684456826,0.0034335729397041194
commons-vfs,LSZZ,202,0.995,0.0,0.07045411523909854,0.48838763808863334,0.004473444956834256
commons-vfs,LSZZ,202,0.995,0.05,0.07476528382559457,0.5138486050032066,0.004473444956834256
commons-vfs,LSZZ,202,0.995,0.1,0.09143334295605311,0.5416610844550727,0.004473444956834256
commons-vfs,LSZZ,202,0.995,0.25,0.08686898208936622,0.5473241965570199,0.004473444956834256
commons-vfs,LSZZ,202,0.999,0.0,0.06731459546030051,0.4768593572766219,0.03609990965126867
commons-vfs,LSZZ,202,0.999,0.05,0.07143593490761196,0.501719323769716,0.03609990965126867
commons-vfs,LSZZ,202,0.999,0.1,0.08773738957305811,0.5289615085745016,0.03609990965126867
commons-vfs,LSZZ,202,0.999,0.25,0.09297897755812368,0.5414810733843977,0.03609990965126867
commons-vfs,LSZZ,314,0.9,0.0,0.054098649304706335,0.3817578565412527,0.006230724128405148
commons-vfs,LSZZ,314,0.9,0.05,0.05794809151377761,0.4016599248917445,0.006230724128405148
commons-vfs,LSZZ,314,0.9,0.1,0.07003452378101085,0.42179461342133195,0.006230724128405148
commons-vfs,LSZZ,314,0.9,0.25,0.04315774423362822,0.3884724514226818,0.006230724128405148
commons-vfs,LSZZ,314,0.95,0.0,0.060514159797236726,0.4356377539842589,0.029622277365337627
commons-vfs,LSZZ,314,0.95,0.05,0.06454773176935875,0.45834872694078427,0.029622277365337627
commons-vfs,LSZZ,314,0.95,0.1,0.07948073879736496,0.48202317342726136,0.029622277365337627
commons-vfs,LSZZ,314,0.95,0.25,0.056083512990678014,0.4586199157076169,0.029622277365337627
commons-vfs,LSZZ,314,0.99,0.0,0.06276801558414799,0.4885260356640743,0.009393997181314596
commons-vfs,LSZZ,314,0.99,0.05,0.06671049020991768,0.5139942176181257,0.009393997181314596
commons-vfs,LSZZ,314,0.99,0.1,0.08305506982733131,0.5416717313882178,0.009393997181314596
commons-vfs,LSZZ,314,0.99,0.25,0.08211101900958344,0.5487880907405198,0.009393997181314596
commons-vfs,LSZZ,314,0.995,0.0,0.06061822785307743,0.48515660158996615,0.013707120282922373
commons-vfs,LSZZ,314,0.995,0.05,0.06441662505925957,0.5104491258434716,0.013707120282922373
commons-vfs,LSZZ,314,0.995,0.1,0.08050457919380745,0.5380710439009979,0.013707120282922373
commons-vfs,LSZZ,314,0.995,0.25,0.08781354770328387,0.5527538342507184,0.013707120282922373
commons-vfs,LSZZ,314,0.999,0.0,0.04879297224379881,0.46600465352421444,0.04179215463722676
commons-vfs,LSZZ,314,0.999,0.05,0.0519487294381173,0.490298734987562,0.04179215463722676
commons-vfs,LSZZ,314,0.999,0.1,0.06715780822138959,0.5169007266273823,0.04179215463722676
commons-vfs,LSZZ,314,0.999,0.25,0.08014883805655415,0.5358756746970534,0.04179215463722676
commons-vfs,LSZZ,999,0.9,0.0,0.04225620199485435,0.3691257297325734,0.0038105278782740587
commons-vfs,LSZZ,999,0.9,0.05,0.04548826543421768,0.38836925118782606,0.0038105278782740587
commons-vfs,LSZZ,999,0.9,0.1,0.056876248992286424,0.4077589169672438,0.0038105278782740587
commons-vfs,LSZZ,999,0.9,0.25,0.016874897750887893,0.3654326911429536,0.0038105278782740587
commons-vfs,LSZZ,999,0.95,0.0,0.04308983095256887,0.42193792854540296,0.02066055138511966
commons-vfs,LSZZ,999,0.95,0.05,0.04621502559155653,0.44393469259279367,0.02066055138511966
commons-vfs,LSZZ,999,0.95,0.1,0.06012037341440067,0.4668011451618659,0.02066055138511966
commons-vfs,LSZZ,999,0.95,0.25,0.02590803122605374,0.4363570805405106,0.02066055138511966
commons-vfs,LSZZ,999,0.99,0.0,0.042122759117754704,0.47105181933112844,-0.003019018409241146
commons-vfs,LSZZ,999,0.99,0.05,0.04498894075238538,0.4956090231825143,-0.003019018409241146
commons-vfs,LSZZ,999,0.99,0.1,0.0601158959757832,0.5222559354627222,-0.003019018409241146
commons-vfs,LSZZ,999,0.99,0.25,0.05125287298734403,0.5233592333106684,-0.003019018409241146
commons-vfs,LSZZ,999,0.995,0.0,0.03856652489205809,0.46542231754349556,-0.003172603667574517
commons-vfs,LSZZ,999,0.995,0.05,0.04121530725193117,0.48968604025903323,-0.003172603667574517
commons-vfs,LSZZ,999,0.995,0.1,0.05600268701489706,0.5161440616271417,-0.003172603667574517
commons-vfs,LSZZ,999,0.995,0.25,0.055729552934695566,0.5246397973250417,-0.003172603667574517
commons-vfs,LSZZ,999,0.999,0.0,0.029061074134005216,0.4483989529234845,0.01326822366410108
commons-vfs,LSZZ,999,0.999,0.05,0.031188154175680438,0.4717752016540926,0.01326822366410108
commons-vfs,LSZZ,999,0.999,0.1,0.04523347698828559,0.49733883707101567,0.01326822366410108
commons-vfs,LSZZ,999,0.999,0.25,0.051694686924745506,0.5108817904571057,0.01326822366410108
commons-vfs,RSZZ,7,0.9,0.0,0.021275776154624768,0.35258528009722984,0.006231350976488426
commons-vfs,RSZZ,7,0.9,0.05,0.02341407331795718,0.37096650323026076,0.006231350976488426
commons-vfs,RSZZ,7,0.9,0.1,0.03388995794792648,0.3893835534444405,0.006231350976488426
commons-vfs,RSZZ,7,0.9,0.25,0.003072607057443152,0.35520735311823026,0.006231350976488426
commons-vfs,RSZZ,7,0.95,0.0,0.020334324032218912,0.4108116585681618,0.02967950609546453
commons-vfs,RSZZ,7,0.95,0.05,0.02227321262322624,0.4322283801048906,0.02967950609546453
commons-vfs,RSZZ,7,0.95,0.1,0.03526586113130679,0.4544502027082958,0.02967950609546453
commons-vfs,RSZZ,7,0.95,0.25,0.011257687378733762,0.4341432710713339,0.02967950609546453
commons-vfs,RSZZ,7,0.99,0.0,0.011097658872591199,0.4479964256153637,0.008919236122295868
commons-vfs,RSZZ,7,0.99,0.05,0.012346418219559323,0.4713516895100035,0.008919236122295868
commons-vfs,RSZZ,7,0.99,0.1,0.026022914762007552,0.4966487825558362,0.008919236122295868
commons-vfs,RSZZ,7,0.99,0.25,0.02455167608286303,0.5053044932171251,0.008919236122295868
commons-vfs,RSZZ,7,0.995,0.0,0.000682093467731822,0.4337047826207123,-0.003014372714034583
commons-vfs,RSZZ,7,0.995,0.05,0.0013558580756258046,0.45631498455828495,-0.003014372714034583
commons-vfs,RSZZ,7,0.995,0.1,0.014269362443330118,0.4809106410647201,-0.003014372714034583
commons-vfs,RSZZ,7,0.995,0.25,0.018398913679838196,0.4942392694525244,-0.003014372714034583
commons-vfs,RSZZ,7,0.999,0.0,-0.01249030697158773,0.4127855598138595,-0.023112295277312806
commons-vfs,RSZZ,7,0.999,0.05,-0.012529412674753845,0.4343051861548664,-0.023112295277312806
commons-vfs,RSZZ,7,0.999,0.1,-0.0005910704967447938,0.4577753572873738,-0.023112295277312806
commons-vfs,RSZZ,7,0.999,0.25,0.007846129461028016,0.4743210389204667,-0.023112295277312806
commons-vfs,RSZZ,13,0.9,0.0,0.03737872838735866,0.36259700972829506,0.006231254600774566
commons-vfs,RSZZ,13,0.9,0.05,0.040356515951449706,0.38150017137289804,0.006231254600774566
commons-vfs,RSZZ,13,0.9,0.1,0.05145683387284677,0.40050478362915665,0.006231254600774566
commons-vfs,RSZZ,13,0.9,0.25,0.014298079319650535,0.36322284825189943,0.006231254600774566
commons-vfs,RSZZ,13,0.95,0.0,0.04312865733679042,0.4292597482253859,0.029706563805741968
commons-vfs,RSZZ,13,0.95,0.05,0.046255876100074006,0.4516382185120174,0.029706563805741968
commons-vfs,RSZZ,13,0.95,0.1,0.0601635138413135,0.4749365003618469,0.029706563805741968
commons-vfs,RSZZ,13,0.95,0.25,0.030568383819255727,0.45288661041157885,0.029706563805741968
commons-vfs,RSZZ,13,0.99,0.0,0.04352618565425229,0.4758739658406153,0.011757425499667148
commons-vfs,RSZZ,13,0.99,0.05,0.04646553170547763,0.5006825612161925,0.011757425499667148
commons-vfs,RSZZ,13,0.99,0.1,0.06167525879411386,0.5276138760288188,0.011757425499667148
commons-vfs,RSZZ,13,0.99,0.25,0.05859795162666923,0.5370360145480526,0.011757425499667148
commons-vfs,RSZZ,13,0.995,0.0,0.0378512860791689,0.46636167254485184,0.0098029291426583
commons-vfs,RSZZ,13,0.995,0.05,0.04046278110756434,0.4906743663742043,0.0098029291426583
commons-vfs,RSZZ,13,0.995,0.1,0.05520797722279796,0.5171877894064265,0.0098029291426583
commons-vfs,RSZZ,13,0.995,0.25,0.05989169696029227,0.5329383762255271,0.0098029291426583
commons-vfs,RSZZ,13,0.999,0.0,0.029503640407926558,0.44948037847058026,0.010964181842691437
commons-vfs,RSZZ,13,0.999,0.05,0.03165379262501948,0.47291300483634513,0.010964181842691437
commons-vfs,RSZZ,13,0.999,0.1,0.045725217292642624,0.4985404210122332,0.010964181842691437
commons-vfs,RSZZ,13,0.999,0.25,0.056951146033691245,0.5190803089438296,0.010964181842691437
commons-vfs,RSZZ,21,0.9,0.0,0.041692204495489445,0.3600023233143566,0.00527316497055314
commons-vfs,RSZZ,21,0.9,0.05,0.044894865221615746,0.37877021694685864,0.00527316497055314
commons-vfs,RSZZ,21,0.9,0.1,0.0562495851041032,0.3976217987247807,0.00527316497055314
commons-vfs,RSZZ,21,0.9,0.25,0.025247059932568035,0.3617616434277538,0.00527316497055314
commons-vfs,RSZZ,21,0.95,0.0,0.0449247496337111,0.42563591906123377,0.025799246549334912
commons-vfs,RSZZ,21,0.95,0.05,0.04814560354043603,0.44782546934404693,0.025799246549334912
commons-vfs,RSZZ,21,0.95,0.1,0.062159171949003146,0.47091002351278893,0.025799246549334912
commons-vfs,RSZZ,21,0.95,0.25,0.03888438675921755,0.45066555230148825,0.025799246549334912
commons-vfs,RSZZ,21,0.99,0.0,0.03788400392397922,0.4724726336612371,0.0046846089308612655
commons-vfs,RSZZ,21,0.99,0.05,0.04052920779969269,0.4971039084018702,0.0046846089308612655
commons-vfs,RSZZ,21,0.99,0.1,0.05540616798269933,0.5238346180517318,0.0046846089308612655
commons-vfs,RSZZ,21,0.99,0.25,0.055780383892359765,0.5349188567473887,0.0046846089308612655
commons-vfs,RSZZ,21,0.995,0.0,0.02846080400602599,0.46040954652440963,0.005709629790547809
commons-vfs,RSZZ,21,0.995,0.05,0.03058274783629551,0.4844119399451135,0.005709629790547809
commons-vfs,RSZZ,21,0.995,0.1,0.044774108252639166,0.5105743160503796,0.005709629790547809
commons-vfs,RSZZ,21,0.995,0.25,0.051393090129181286,0.5270647840862397,0.005709629790547809
commons-vfs,RSZZ,21,0.999,0.0,0.013519441675343868,0.4378290030472514,0.0013147781933854328
commons-vfs,RSZZ,21,0.999,0.05,0.014836294432444332,0.4606542117369185,0.0013147781933854328
commons-vfs,RSZZ,21,0.999,0.1,0.027964996478661863,0.4855944483196456,0.0013147781933854328
commons-vfs,RSZZ,21,0.999,0.25,0.03894653909550655,0.5052179294919498,0.0013147781933854328
commons-vfs,RSZZ,42,0.9,0.0,0.02989502685949238,0.35520711664902643,0.005034898858945796
commons-vfs,RSZZ,42,0.9,0.05,0.03248266884630131,0.37372502320418893,0.005034898858945796
commons-vfs,RSZZ,42,0.9,0.1,0.04346690317555717,0.39229670516865883,0.005034898858945796
commons-vfs,RSZZ,42,0.9,0.25,0.016343738512816373,0.35937713237033164,0.005034898858945796
commons-vfs,RSZZ,42,0.95,0.0,0.03139494114968067,0.4204706672017729,0.025389330132155552
commons-vfs,RSZZ,42,0.95,0.05,0.033910449590413505,0.44239093895162834,0.025389330132155552
commons-vfs,RSZZ,42,0.95,0.1,0.04755543570626431,0.46518243452341906,0.025389330132155552
commons-vfs,RSZZ,42,0.95,0.25,0.027661677533865208,0.44766796531727826,0.025389330132155552
commons-vfs,RSZZ,42,0.99,0.0,0.025322538288079507,0.4659677234254795,0.0119214900646274
commons-vfs,RSZZ,42,0.99,0.05,0.027312879026376403,0.4902598796230163,0.0119214900646274
commons-vfs,RSZZ,42,0.99,0.1,0.04182833633477234,0.5166168912337428,0.0119214900646274
commons-vfs,RSZZ,42,0.99,0.25,0.0443453822979134,0.5295848209997505,0.0119214900646274
commons-vfs,RSZZ,42,0.995,0.0,0.014062749794869534,0.4508219462055382,0.014070427231229834
commons-vfs,RSZZ,42,0.995,0.05,0.015434084163893918,0.47432451212146676,0.014070427231229834
commons-vfs,RSZZ,42,0.995,0.1,0.029136758362372023,0.4999297117145266,0.014070427231229834
commons-vfs,RSZZ,42,0.995,0.25,0.03683470577544263,0.5172855082040185,0.014070427231229834
commons-vfs,RSZZ,42,0.999,0.0,-0.004311862302602718,0.4243697062638751,-0.0005527820356510984
commons-vfs,RSZZ,42,0.999,0.05,-0.003924603591745913,0.4464932454529871,-0.0005527820356510984
commons-vfs,RSZZ,42,0.999,0.1,0.008496090246571887,0.4706466311207244,-0.0005527820356510984
commons-vfs,RSZZ,42,0.999,0.25,0.019174979314892548,0.48991997740099624,-0.0005527820356510984
commons-vfs,RSZZ,77,0.9,0.0,0.019522899523361698,0.3286965932637923,0.0074095279085445685
commons-vfs,RSZZ,77,0.9,0.05,0.02156981449264722,0.3458324346187768,0.0074095279085445685
commons-vfs,RSZZ,77,0.9,0.1,0.03161702402396126,0.3628376542241537,0.0074095279085445685
commons-vfs,RSZZ,77,0.9,0.25,0.0003317480727599051,0.3233666250856353,0.0074095279085445685
commons-vfs,RSZZ,77,0.95,0.0,0.020107865054843778,0.3916522861789282,0.03222605529079793
commons-vfs,RSZZ,77,0.95,0.05,0.022034947727599324,0.41207017787546,0.03222605529079793
commons-vfs,RSZZ,77,0.95,0.1,0.03458485575026167,0.43315043142133836,0.03222605529079793
commons-vfs,RSZZ,77,0.95,0.25,0.010333264338772684,0.4085521279375341,0.03222605529079793
commons-vfs,RSZZ,77,0.99,0.0,0.012817700108881792,0.44289084349562685,-0.013701415499922574
commons-vfs,RSZZ,77,0.99,0.05,0.014156129852054642,0.465979939602034,-0.013701415499922574
commons-vfs,RSZZ,77,0.99,0.1,0.027554719299257745,0.490965962312165,-0.013701415499922574
commons-vfs,RSZZ,77,0.99,0.25,0.02575993379830471,0.49824619261522324,-0.013701415499922574
commons-vfs,RSZZ,77,0.995,0.0,0.004793098716930645,0.4338211044469885,-0.02091114950973881
commons-vfs,RSZZ,77,0.995,0.05,0.00568118113402457,0.4564373705555993,-0.02091114950973881
commons-vfs,RSZZ,77,0.995,0.1,0.01847665793142211,0.48103160263102285,-0.02091114950973881
commons-vfs,RSZZ,77,0.995,0.25,0.022675955603000356,0.4941064571673806,-0.02091114950973881
commons-vfs,RSZZ,77,0.999,0.0,-0.005876690576660181,0.41633653138155224,-0.025875741105574
commons-vfs,RSZZ,77,0.999,0.05,-0.00557101059099121,0.43804127946305493,-0.025875741105574
commons-vfs,RSZZ,77,0.999,0.1,0.0064137384208795825,0.4617139242466466,-0.025875741105574
commons-vfs,RSZZ,77,0.999,0.25,0.015379217891665803,0.47875266914502457,-0.025875741105574
commons-vfs,RSZZ,101,0.9,0.0,0.026295614238581753,0.35249730769609555,0.006158687644980061
commons-vfs,RSZZ,101,0.9,0.05,0.028695609121930886,0.3708739445902048,0.006158687644980061
commons-vfs,RSZZ,101,0.9,0.1,0.039142262596427994,0.38928289248226844,0.006158687644980061
commons-vfs,RSZZ,101,0.9,0.25,0.009356614019811848,0.3550818628045508,0.006158687644980061
commons-vfs,RSZZ,101,0.95,0.0,0.02978941279735553,0.418942036167081,0.028919502918137878
commons-vfs,RSZZ,101,0.95,0.05,0.03222122070787235,0.4407826162516207,0.028919502918137878
commons-vfs,RSZZ,101,0.95,0.1,0.04534213101971917,0.4634723758526192,0.028919502918137878
commons-vfs,RSZZ,101,0.95,0.25,0.023234246324592665,0.44491662071886606,0.028919502918137878
commons-vfs,RSZZ,101,0.99,0.0,0.023748099514441127,0.4639519733482894,0.007886594200333715
commons-vfs,RSZZ,101,0.99,0.05,0.02565636050624503,0.48813904304891104,0.007886594200333715
commons-vfs,RSZZ,101,0.99,0.1,0.039699607527657,0.5143672177040121,0.007886594200333715
commons-vfs,RSZZ,101,0.99,0.25,0.04032505185373191,0.5263108434392992,0.007886594200333715
commons-vfs,RSZZ,101,0.995,0.0,0.014404176618188765,0.45120276408186577,0.005479353514069616
commons-vfs,RSZZ,101,0.995,0.05,0.015793310489850648,0.4747251830624369,0.005479353514069616
commons-vfs,RSZZ,101,0.995,0.1,0.029155633377264473,0.5003445577808864,0.005479353514069616
commons-vfs,RSZZ,101,0.995,0.25,0.03548303419891454,0.5172680924551522,0.005479353514069616
commons-vfs,RSZZ,101,0.999,0.0,-0.0013198194333051236,0.42781699711159704,-0.005737120823530107
commons-vfs,RSZZ,101,0.999,0.05,-0.000776577444902004,0.4501202528851873,-0.005737120823530107
commons-vfs,RSZZ,101,0.999,0.1,0.01147692858016298,0.47446999728002964,-0.005737120823530107
commons-vfs,RSZZ,101,0.999,0.25,0.021451399127108917,0.49405076873728115,-0.005737120823530107
commons-vfs,RSZZ,123,0.9,0.0,0.048488275402715046,0.38955967141375974,0.0074095795260275
commons-vfs,RSZZ,123,0.9,0.05,0.05204523366428914,0.40986846944954813,0.0074095795260275
commons-vfs,RSZZ,123,0.9,0.1,0.06380077500102055,0.4304632966130064,0.0074095795260275
commons-vfs,RSZZ,123,0.9,0.25,0.03173568962533115,0.3993389588733457,0.0074095795260275
commons-vfs,RSZZ,123,0.95,0.0,0.04728798532655932,0.4437163716783346,0.03239861039167165
commons-vfs,RSZZ,123,0.95,0.05,0.05063204109404885,0.466848504799006,0.03239861039167165
commons-vfs,RSZZ,123,0.95,0.1,0.06478498938550116,0.4909994153095677,0.03239861039167165
commons-vfs,RSZZ,123,0.95,0.25,0.03906033330882922,0.47278728760434346,0.03239861039167165
commons-vfs,RSZZ,123,0.99,0.0,0.035918273628877305,0.47062041712908664,0.015858065057603524
commons-vfs,RSZZ,123,0.99,0.05,0.038460998674040445,0.49515513081828066,0.015858065057603524
commons-vfs,RSZZ,123,0.99,0.1,0.053222023210363886,0.5217765996826759,0.015858065057603524
commons-vfs,RSZZ,123,0.99,0.25,0.05060960475500338,0.5307181341880193,0.015858065057603524
commons-vfs,RSZZ,123,0.995,0.0,0.024036249056410944,0.4546208569262933,0.011124624117421043
commons-vfs,RSZZ,123,0.995,0.05,0.025927528884567827,0.47832147032055494,0.011124624117421043
commons-vfs,RSZZ,123,0.995,0.1,0.03985793608640024,0.5041424387191392,0.011124624117421043
commons-vfs,RSZZ,123,0.995,0.25,0.04334266292165427,0.5178315348760469,0.011124624117421043
commons-vfs,RSZZ,123,0.999,0.0,0.009301712963055197,0.43150948222393753,-0.006056551610536357
commons-vfs,RSZZ,123,0.999,0.05,0.010398684128519749,0.454005237221394,-0.006056551610536357
commons-vfs,RSZZ,123,0.999,0.1,0.023278631242785557,0.47857275851596365,-0.006056551610536357
commons-vfs,RSZZ,123,0.999,0.25,0.031579321057283234,0.4955070040986986,-0.006056551610536357
commons-vfs,RSZZ,202,0.9,0.0,0.027587565801955222,0.3490492164823028,0.007420077863240155
commons-vfs,RSZZ,202,0.9,0.05,0.030054913610409125,0.36724609506668826,0.007420077863240155
commons-vfs,RSZZ,202,0.9,0.1,0.04057776433350962,0.3854516800224987,0.007420077863240155
commons-vfs,RSZZ,202,0.9,0.25,0.006452163234101062,0.3471662669768778,0.007420077863240155
commons-vfs,RSZZ,202,0.95,0.0,0.029706261522940057,0.414341647969019,0.03268606441651631
commons-vfs,RSZZ,202,0.95,0.05,0.032133734532894934,0.4359423973892049,0.03268606441651631
commons-vfs,RSZZ,202,0.95,0.1,0.04524974071481308,0.45836083341032824,0.03268606441651631
commons-vfs,RSZZ,202,0.95,0.25,0.018605248940543044,0.43561556321102196,0.03268606441651631
commons-vfs,RSZZ,202,0.99,0.0,0.022894682896507052,0.46034622999967856,0.015427334739857817
commons-vfs,RSZZ,202,0.99,0.05,0.024758452974579796,0.4843453225589035,0.015427334739857817
commons-vfs,RSZZ,202,0.99,0.1,0.03875136684106359,0.5103608362055557,0.015427334739857817
commons-vfs,RSZZ,202,0.99,0.25,0.035806618777720976,0.5187600235369086,0.015427334739857817
commons-vfs,RSZZ,202,0.995,0.0,0.01261315542440488,0.446460653728126,0.009073890026586857
commons-vfs,RSZZ,202,0.995,0.05,0.01390891852293111,0.4697358536855164,0.009073890026586857
commons-vfs,RSZZ,202,0.995,0.1,0.027165609828615708,0.4950755462767311,0.009073890026586857
commons-vfs,RSZZ,202,0.995,0.25,0.03027557521249528,0.5084774239375304,0.009073890026586857
commons-vfs,RSZZ,202,0.999,0.0,-0.001453838277843361,0.4243698346209595,-0.009276234239870083
commons-vfs,RSZZ,202,0.999,0.05,-0.000917583053847449,0.44649338050167303,-0.009276234239870083
commons-vfs,RSZZ,202,0.999,0.1,0.011328018752898272,0.4706398167348768,-0.009276234239870083
commons-vfs,RSZZ,202,0.999,0.25,0.018994149241919733,0.48728314323362554,-0.009276234239870083
commons-vfs,RSZZ,314,0.9,0.0,0.03170548172408933,0.3527179722688204,0.0052734374011768744
commons-vfs,RSZZ,314,0.9,0.05,0.03438750761379194,0.37110611300321394,0.0052734374011768744
commons-vfs,RSZZ,314,0.9,0.1,0.04515322646921419,0.38952807534085165,0.0052734374011768744
commons-vfs,RSZZ,314,0.9,0.25,0.01656544104131654,0.3553759056325516,0.0052734374011768744
commons-vfs,RSZZ,314,0.95,0.0,0.03450557379323294,0.41799908718463324,0.02584599370687387
commons-vfs,RSZZ,314,0.95,0.05,0.03718324791680499,0.43979050879141507,0.02584599370687387
commons-vfs,RSZZ,314,0.95,0.1,0.05058230990402741,0.4624246547610106,0.02584599370687387
commons-vfs,RSZZ,314,0.95,0.25,0.029518686547190417,0.4436601100699861,0.02584599370687387
commons-vfs,RSZZ,314,0.99,0.0,0.028227730011452113,0.4621636906770911,0.004080350814384151
commons-vfs,RSZZ,314,0.99,0.05,0.030369526242436686,0.4862575323711575,0.004080350814384151
commons-vfs,RSZZ,314,0.99,0.1,0.044676974746558094,0.5123802369582364,0.004080350814384151
commons-vfs,RSZZ,314,0.99,0.25,0.04629430737796024,0.5239278977429848,0.004080350814384151
commons-vfs,RSZZ,314,0.995,0.0,0.017535750558736064,0.44844562934049936,0.00012059131462235375
commons-vfs,RSZZ,314,0.995,0.05,0.01908814183962079,0.4718243114388192,0.00012059131462235375
commons-vfs,RSZZ,314,0.995,0.1,0.032635159977872585,0.4972810747349237,0.00012059131462235375
commons-vfs,RSZZ,314,0.995,0.25,0.039655959857987165,0.5135941193904262,0.00012059131462235375
commons-vfs,RSZZ,314,0.999,0.0,0.0017903304706898765,0.42480626584111825,-0.011294973010743838
commons-vfs,RSZZ,314,0.999,0.05,0.002495712975415011,0.4469525640603235,-0.011294973010743838
commons-vfs,RSZZ,314,0.999,0.1,0.01493265069571298,0.471124740312831,-0.011294973010743838
commons-vfs,RSZZ,314,0.999,0.25,0.0255957765501995,0.49003886992547874,-0.011294973010743838
commons-vfs,RSZZ,999,0.9,0.0,0.023752212240881972,0.34935576809695784,0.010046177175072904
commons-vfs,RSZZ,999,0.9,0.05,0.0260196127072894,0.3675686280451404,0.010046177175072904
commons-vfs,RSZZ,999,0.9,0.1,0.03631626037676157,0.38579229292767103,0.010046177175072904
commons-vfs,RSZZ,999,0.9,0.25,0.001341427996656514,0.347574757123657,0.010046177175072904
commons-vfs,RSZZ,999,0.95,0.0,0.025224338487246305,0.4120662068350206,0.03654733887206581
commons-vfs,RSZZ,999,0.95,0.05,0.027418156741785875,0.4335483313619648,0.03654733887206581
commons-vfs,RSZZ,999,0.95,0.1,0.040269826230708926,0.45583256548366324,0.03654733887206581
commons-vfs,RSZZ,999,0.95,0.25,0.012632938532835892,0.4325834627803638,0.03654733887206581
commons-vfs,RSZZ,999,0.99,0.0,0.019034359997422052,0.453889705885401,0.01677927312833597
commons-vfs,RSZZ,999,0.99,0.05,0.020696881014405057,0.47755220240075363,0.01677927312833597
commons-vfs,RSZZ,999,0.99,0.1,0.034462119175413586,0.503186920523025,0.01677927312833597
commons-vfs,RSZZ,999,0.99,0.25,0.030662611073057885,0.5101564920040778,0.01677927312833597
commons-vfs,RSZZ,999,0.995,0.0,0.010484719959632821,0.44190602718035354,0.004409606499818396
commons-vfs,RSZZ,999,0.995,0.05,0.011669521967578516,0.4649437821518411,0.004409606499818396
commons-vfs,RSZZ,999,0.995,0.1,0.024800681534424537,0.4900148501125395,0.004409606499818396
commons-vfs,RSZZ,999,0.995,0.25,0.02743936468920959,0.5024082336998024,0.004409606499818396
commons-vfs,RSZZ,999,0.999,0.0,0.0007755773622006004,0.424552558969988,-0.013467114051889622
commons-vfs,RSZZ,999,0.999,0.05,0.0014280580461040185,0.4466856307646319,-0.013467114051889622
commons-vfs,RSZZ,999,0.999,0.1,0.013805147241836006,0.47084284378935287,-0.013467114051889622
commons-vfs,RSZZ,999,0.999,0.25,0.02196491918243449,0.4875266294610225,-0.013467114051889622
commons-vfs,RASZZ,7,0.9,0.0,0.06351600322138332,0.43081213697023524,0.010203587348070572
commons-vfs,RASZZ,7,0.9,0.05,0.06682726405282985,0.45327153747579246,0.010203587348070572
commons-vfs,RASZZ,7,0.9,0.1,0.07057333691264814,0.4786801521891502,0.010203587348070572
commons-vfs,RASZZ,7,0.9,0.25,0.04095253846840702,0.46397502066507446,0.010203587348070572
commons-vfs,RASZZ,7,0.95,0.0,0.06494032599506551,0.45788337086497094,0.0371577240701835
commons-vfs,RASZZ,7,0.95,0.05,0.06832584062040069,0.48175406792428216,0.0371577240701835
commons-vfs,RASZZ,7,0.95,0.1,0.07215591777229502,0.5087593009610787,0.0371577240701835
commons-vfs,RASZZ,7,0.95,0.25,0.04618520743898632,0.50060037358481,0.0371577240701835
commons-vfs,RASZZ,7,0.99,0.0,0.07567459178813615,0.4863584907540241,0.02596517053202401
commons-vfs,RASZZ,7,0.99,0.05,0.07961971268704374,0.5117136727364614,0.02596517053202401
commons-vfs,RASZZ,7,0.99,0.1,0.08408287976459573,0.5403983230600267,0.02596517053202401
commons-vfs,RASZZ,7,0.99,0.25,0.06643752670784783,0.5520418507458267,0.02596517053202401
commons-vfs,RASZZ,7,0.995,0.0,0.08111427265632887,0.48119352812122534,0.029933844654958346
commons-vfs,RASZZ,7,0.995,0.05,0.0853429788137678,0.5062794466488721,0.029933844654958346
commons-vfs,RASZZ,7,0.995,0.1,0.09012696961814318,0.5346594756902504,0.029933844654958346
commons-vfs,RASZZ,7,0.995,0.25,0.07684888458849087,0.5520708459987442,0.029933844654958346
commons-vfs,RASZZ,7,0.999,0.0,0.08834226238175559,0.4691405156577446,0.04283889203686863
commons-vfs,RASZZ,7,0.999,0.05,0.09294778316943005,0.49359807808539957,0.04283889203686863
commons-vfs,RASZZ,7,0.999,0.1,0.09815806931306176,0.5212672396197163,0.04283889203686863
commons-vfs,RASZZ,7,0.999,0.25,0.09017134574021267,0.5436852716514559,0.04283889203686863
commons-vfs,RASZZ,13,0.9,0.0,0.0423859015963986,0.36356025085397053,-0.0015518080696465967
commons-vfs,RASZZ,13,0.9,0.05,0.044595593148817475,0.3825136288605756,-0.0015518080696465967
commons-vfs,RASZZ,13,0.9,0.1,0.04709544621822066,0.4039558342821895,-0.0015518080696465967
commons-vfs,RASZZ,13,0.9,0.25,0.026108377394476134,0.3860383807036455,-0.0015518080696465967
commons-vfs,RASZZ,13,0.95,0.0,0.049333391478941294,0.4064019671309597,-0.019492088997293922
commons-vfs,RASZZ,13,0.95,0.05,0.05190527444703776,0.42758879954063056,-0.019492088997293922
commons-vfs,RASZZ,13,0.95,0.1,0.05481487942104589,0.4515577412566219,-0.019492088997293922
commons-vfs,RASZZ,13,0.95,0.25,0.03596585149152699,0.44143677844220136,-0.019492088997293922
commons-vfs,RASZZ,13,0.99,0.0,0.06112288718519608,0.4640133475775314,-0.03790805410222877
commons-vfs,RASZZ,13,0.99,0.05,0.06430938841286031,0.4882036168825212,-0.03790805410222877
commons-vfs,RASZZ,13,0.99,0.1,0.0679143190946623,0.515570386197257,-0.03790805410222877
commons-vfs,RASZZ,13,0.99,0.25,0.05348449222144207,0.5279278827579715,-0.03790805410222877
commons-vfs,RASZZ,13,0.995,0.0,0.062167502591530456,0.45658786766180476,-0.0035770847824492576
commons-vfs,RASZZ,13,0.995,0.05,0.06540846244227375,0.4803910266394344,-0.0035770847824492576
commons-vfs,RASZZ,13,0.995,0.1,0.06907500287947828,0.5073198529575609,-0.0035770847824492576
commons-vfs,RASZZ,13,0.995,0.25,0.05696169517526982,0.5241014384404765,-0.0035770847824492576
commons-vfs,RASZZ,13,0.999,0.0,0.06080171452015275,0.43493583030771066,0.020212777747093805
commons-vfs,RASZZ,13,0.999,0.05,0.06397147214916545,0.4576102100867856,0.020212777747093805
commons-vfs,RASZZ,13,0.999,0.1,0.0675574605779475,0.48326203367523407,0.020212777747093805
commons-vfs,RASZZ,13,0.999,0.25,0.05784487488330804,0.5021195863480701,0.020212777747093805
commons-vfs,RASZZ,21,0.9,0.0,0.0415549783523018,0.3636513513731015,-0.002581918873751414
commons-vfs,RASZZ,21,0.9,0.05,0.04372135163133176,0.38260947869586975,-0.002581918873751414
commons-vfs,RASZZ,21,0.9,0.1,0.04617219816922422,0.40405705708122386,-0.002581918873751414
commons-vfs,RASZZ,21,0.9,0.25,0.005004638459287538,0.3717985150714531,-0.002581918873751414
commons-vfs,RASZZ,21,0.95,0.0,0.04148419957384944,0.39804957677335323,-0.023896750422474335
commons-vfs,RASZZ,21,0.95,0.05,0.04364688296395534,0.41880097651035275,-0.023896750422474335
commons-vfs,RASZZ,21,0.95,0.1,0.04609355508205494,0.4422773075259481,-0.023896750422474335
commons-vfs,RASZZ,21,0.95,0.25,0.008963417086963974,0.4179167562636114,-0.023896750422474335
commons-vfs,RASZZ,21,0.99,0.0,0.0611557131543059,0.46522586026937834,-0.05517588935166048
commons-vfs,RASZZ,21,0.99,0.05,0.06434392568841664,0.4894793411365023,-0.05517588935166048
commons-vfs,RASZZ,21,0.99,0.1,0.06795079239367324,0.5169176225215315,-0.05517588935166048
commons-vfs,RASZZ,21,0.99,0.25,0.04387090367952057,0.5208442057393018,-0.05517588935166048
commons-vfs,RASZZ,21,0.995,0.0,0.07013769801167644,0.467627713127958,-0.02445522059491928
commons-vfs,RASZZ,21,0.995,0.05,0.0737941656805316,0.49200640907301735,-0.02445522059491928
commons-vfs,RASZZ,21,0.995,0.1,0.07793077556852937,0.5195863479199533,-0.02445522059491928
commons-vfs,RASZZ,21,0.995,0.25,0.05946478221677449,0.5310368778357298,-0.02445522059491928
commons-vfs,RASZZ,21,0.999,0.0,0.08240295424649625,0.46222317351275277,0.01598197145620742
commons-vfs,RASZZ,21,0.999,0.05,0.08669884285650314,0.4863201162077304,0.01598197145620742
commons-vfs,RASZZ,21,0.999,0.1,0.09155883805166248,0.5135813039030587,0.01598197145620742
commons-vfs,RASZZ,21,0.999,0.25,0.07985818627053286,0.5316190358857726,0.01598197145620742
commons-vfs,RASZZ,42,0.9,0.0,0.05395268762455655,0.3862872411618477,-0.0015528530670347854
commons-vfs,RASZZ,42,0.9,0.05,0.05676538697939126,0.4064254385683895,-0.0015528530670347854
commons-vfs,RASZZ,42,0.9,0.1,0.05994743069395173,0.42920804573538635,-0.0015528530670347854
commons-vfs,RASZZ,42,0.9,0.25,0.030464527241087298,0.4044921952805126,-0.0015528530670347854
commons-vfs,RASZZ,42,0.95,0.0,0.06085301912827742,0.4276190438885392,-0.01968204966206915
commons-vfs,RASZZ,42,0.95,0.05,0.06402545140510704,0.4499119798258565,-0.01968204966206915
commons-vfs,RASZZ,42,0.95,0.1,0.06761446569808602,0.47513227098726585,-0.01968204966206915
commons-vfs,RASZZ,42,0.95,0.25,0.0412583413010418,0.4592307244132907,-0.01968204966206915
commons-vfs,RASZZ,42,0.99,0.0,0.08163005369273474,0.4858294742813664,-0.047547632774677474
commons-vfs,RASZZ,42,0.99,0.05,0.08588564890894365,0.5111570772059875,-0.047547632774677474
commons-vfs,RASZZ,42,0.99,0.1,0.09070005965859415,0.5398105269792961,-0.047547632774677474
commons-vfs,RASZZ,42,0.99,0.25,0.07351647287467057,0.5492291058799538,-0.047547632774677474
commons-vfs,RASZZ,42,0.995,0.0,0.08798526809507028,0.48388818057147853,-0.00910204661097684
commons-vfs,RASZZ,42,0.995,0.05,0.0925721778061877,0.50911457861075,-0.00910204661097684
commons-vfs,RASZZ,42,0.995,0.1,0.09776140899452254,0.5376535339683096,-0.00910204661097684
commons-vfs,RASZZ,42,0.995,0.25,0.08514209752422691,0.5534947458006736,-0.00910204661097684
commons-vfs,RASZZ,42,0.999,0.0,0.09297016062627958,0.46953160423655166,0.03552928916571113
commons-vfs,RASZZ,42,0.999,0.05,0.09781694625134629,0.49400955516831513,0.03552928916571113
commons-vfs,RASZZ,42,0.999,0.1,0.10330017847364398,0.5217017824850574,0.03552928916571113
commons-vfs,RASZZ,42,0.999,0.25,0.09554131670382493,0.5420878065550746,0.03552928916571113
commons-vfs,RASZZ,77,0.9,0.0,0.06620450977434131,0.4295006270719163,0.010203564721518723
commons-vfs,RASZZ,77,0.9,0.05,0.06965592971518375,0.4518916550235329,0.010203564721518723
commons-vfs,RASZZ,77,0.9,0.1,0.07356056641593478,0.47722291896879593,0.010203564721518723
commons-vfs,RASZZ,77,0.9,0.25,0.044455630499246376,0.46151418958786394,0.010203564721518723
commons-vfs,RASZZ,77,0.95,0.0,0.06750486617388599,0.4567034263362157,0.03713079202763559
commons-vfs,RASZZ,77,0.95,0.05,0.07102407720664781,0.48051260969971515,0.03713079202763559
commons-vfs,RASZZ,77,0.95,0.1,0.07500540685987334,0.5074482514846842,0.03713079202763559
commons-vfs,RASZZ,77,0.95,0.25,0.048314364276755756,0.49737360792230073,0.03713079202763559
commons-vfs,RASZZ,77,0.99,0.0,0.07847973941218342,0.4887453200437237,0.025425674997833124
commons-vfs,RASZZ,77,0.99,0.05,0.08257110023461953,0.5142249338848657,0.025425674997833124
commons-vfs,RASZZ,77,0.99,0.1,0.08719971045798158,0.5430503556041374,0.025425674997833124
commons-vfs,RASZZ,77,0.99,0.25,0.06823270923655875,0.5527716074306481,0.025425674997833124
commons-vfs,RASZZ,77,0.995,0.0,0.08369354160490988,0.4835635965022276,0.030567245950147724
commons-vfs,RASZZ,77,0.995,0.05,0.08805671202033172,0.5087730730971304,0.030567245950147724
commons-vfs,RASZZ,77,0.995,0.1,0.09299282400545543,0.5372928850024752,0.030567245950147724
commons-vfs,RASZZ,77,0.995,0.25,0.07851829526290792,0.5528172903344487,0.030567245950147724
commons-vfs,RASZZ,77,0.999,0.0,0.09015276193969465,0.47065938922194206,0.044749427392757085
commons-vfs,RASZZ,77,0.999,0.05,0.09485266896024748,0.49519613463161677,0.044749427392757085
commons-vfs,RASZZ,77,0.999,0.1,0.10016973548854961,0.5229548769132689,0.044749427392757085
commons-vfs,RASZZ,77,0.999,0.25,0.09103589162287475,0.5434219169795186,0.044749427392757085
commons-vfs,RASZZ,101,0.9,0.0,0.0053431455417500525,0.35874592620477164,0.00912090909955893
commons-vfs,RASZZ,101,0.9,0.05,0.005621698152931333,0.37744832046189236,0.00912090909955893
commons-vfs,RASZZ,101,0.9,0.1,0.005936828379722282,0.3986065846719684,0.00912090909955893
commons-vfs,RASZZ,101,0.9,0.25,-0.008853520401077727,0.39637786804801145,0.00912090909955893
commons-vfs,RASZZ,101,0.95,0.0,0.008383677304132732,0.40279816671776464,0.03366443291218294
commons-vfs,RASZZ,101,0.95,0.05,0.008820741049845817,0.42379712327651065,0.03366443291218294
commons-vfs,RASZZ,101,0.95,0.1,0.009315197004591923,0.4475535185752941,0.03366443291218294
commons-vfs,RASZZ,101,0.95,0.25,-0.0053480397620863825,0.4505279761229367,0.03366443291218294
commons-vfs,RASZZ,101,0.99,0.0,0.008752774310652012,0.42670333401328464,0.014708780019414327
commons-vfs,RASZZ,101,0.99,0.05,0.009209080080401645,0.4489485315210862,0.014708780019414327
commons-vfs,RASZZ,101,0.99,0.1,0.009725304789613344,0.4741148155703164,0.014708780019414327
commons-vfs,RASZZ,101,0.99,0.25,-0.005160092244999789,0.49002849056671327,0.014708780019414327
commons-vfs,RASZZ,101,0.995,0.0,0.003894706306208792,0.4094304307923744,0.0028715845196814736
commons-vfs,RASZZ,101,0.995,0.05,0.0040977478671959805,0.43077514519387256,0.0028715845196814736
commons-vfs,RASZZ,101,0.995,0.1,0.004327451451343103,0.454922700880416,0.0028715845196814736
commons-vfs,RASZZ,101,0.995,0.25,-0.01075506886064422,0.4721597313541152,0.0028715845196814736
commons-vfs,RASZZ,101,0.999,0.0,-0.0020952471379170083,0.38324476392090495,-0.02846329693765186
commons-vfs,RASZZ,101,0.999,0.05,-0.002204478031362922,0.4032243487698621,-0.02846329693765186
commons-vfs,RASZZ,101,0.999,0.1,-0.0023280523754633433,0.42582751546767217,-0.02846329693765186
commons-vfs,RASZZ,101,0.999,0.25,-0.01732007935519044,0.4430567008043084,-0.02846329693765186
commons-vfs,RASZZ,123,0.9,0.0,0.031499169315568044,0.38377693741655067,-0.002304143501059623
commons-vfs,RASZZ,123,0.9,0.05,0.03314130610453131,0.40378426590746086,-0.002304143501059623
commons-vfs,RASZZ,123,0.9,0.1,0.03499907701729783,0.42641881935172293,-0.002304143501059623
commons-vfs,RASZZ,123,0.9,0.25,0.012326977760328922,0.41385067849283574,-0.002304143501059623
commons-vfs,RASZZ,123,0.95,0.0,0.03824270180395122,0.4134346676098817,-0.023089881060836377
commons-vfs,RASZZ,123,0.95,0.05,0.040236397158659586,0.4349881336938091,-0.023089881060836377
commons-vfs,RASZZ,123,0.95,0.1,0.04249189089327915,0.45937185289986854,-0.023089881060836377
commons-vfs,RASZZ,123,0.95,0.25,0.023317823512704915,0.4515717408329955,-0.023089881060836377
commons-vfs,RASZZ,123,0.99,0.0,0.060051144773399734,0.4684471431267804,-0.050948072299748834
commons-vfs,RASZZ,123,0.99,0.05,0.06318177317390873,0.4928685581713045,-0.050948072299748834
commons-vfs,RASZZ,123,0.99,0.1,0.06672349419266638,0.5204968256964225,-0.050948072299748834
commons-vfs,RASZZ,123,0.99,0.25,0.05602152290350967,0.5367180884570687,-0.050948072299748834
commons-vfs,RASZZ,123,0.995,0.0,0.06674304131805799,0.4676613029879811,-0.013291879669831459
commons-vfs,RASZZ,123,0.995,0.05,0.07022253636307524,0.4920417500631838,-0.013291879669831459
commons-vfs,RASZZ,123,0.995,0.1,0.0741589347978422,0.5196236699866457,-0.013291879669831459
commons-vfs,RASZZ,123,0.995,0.25,0.06699382329462451,0.5419088106999433,-0.013291879669831459
commons-vfs,RASZZ,123,0.999,0.0,0.07103490156242966,0.45395023093624964,0.024539885102153353
commons-vfs,RASZZ,123,0.999,0.05,0.07473814287611083,0.4776158827860068,0.024539885102153353
commons-vfs,RASZZ,123,0.999,0.1,0.07892766840269963,0.5043891454847218,0.024539885102153353
commons-vfs,RASZZ,123,0.999,0.25,0.07526399277142751,0.5305493226300502,0.024539885102153353
commons-vfs,RASZZ,202,0.9,0.0,0.05546231754875287,0.3928368191928967,-0.001993862975950868
commons-vfs,RASZZ,202,0.9,0.05,0.058353717989683106,0.41331646379536996,-0.001993862975950868
commons-vfs,RASZZ,202,0.9,0.1,0.06162479727639208,0.4364853546587741,-0.001993862975950868
commons-vfs,RASZZ,202,0.9,0.25,0.048434800327103185,0.42961583785872537,-0.001993862975950868
commons-vfs,RASZZ,202,0.95,0.0,0.055802147661188226,0.42184627546357123,-0.021246161404391947
commons-vfs,RASZZ,202,0.95,0.05,0.05871126436390421,0.44383826138821236,-0.021246161404391947
commons-vfs,RASZZ,202,0.95,0.1,0.062002386290209134,0.46871808384841246,-0.021246161404391947
commons-vfs,RASZZ,202,0.95,0.25,0.050481201579206894,0.4659612066677517,-0.021246161404391947
commons-vfs,RASZZ,202,0.99,0.0,0.06979509877173154,0.47756786379501365,-0.026219277323155925
commons-vfs,RASZZ,202,0.99,0.05,0.07343370581670333,0.5024647666468864,-0.026219277323155925
commons-vfs,RASZZ,202,0.99,0.1,0.07755010974636838,0.5306309597722374,-0.026219277323155925
commons-vfs,RASZZ,202,0.99,0.25,0.07155003110982001,0.5512538549679081,-0.026219277323155925
commons-vfs,RASZZ,202,0.995,0.0,0.0699388375679624,0.46746422792651854,0.013610416236583378
commons-vfs,RASZZ,202,0.995,0.05,0.07358493810468082,0.4918344009463845,0.013610416236583378
commons-vfs,RASZZ,202,0.995,0.1,0.07770981951995823,0.5194046976961317,0.013610416236583378
commons-vfs,RASZZ,202,0.995,0.25,0.07336779538278403,0.5437377853124903,0.013610416236583378
commons-vfs,RASZZ,202,0.999,0.0,0.06521093172227656,0.44166141000341946,0.03467799699154459
commons-vfs,RASZZ,202,0.999,0.05,0.06861055375519146,0.46468641242065933,0.03467799699154459
commons-vfs,RASZZ,202,0.999,0.1,0.0724565908025295,0.4907349000037994,0.03467799699154459
commons-vfs,RASZZ,202,0.999,0.25,0.06921694583924051,0.515956988997565,0.03467799699154459
commons-vfs,RASZZ,314,0.9,0.0,0.02794824965993777,0.35779486547331635,-0.0015529139289178918
commons-vfs,RASZZ,314,0.9,0.05,0.029405267414721253,0.3764476783652902,-0.0015529139289178918
commons-vfs,RASZZ,314,0.9,0.1,0.031053610733264188,0.3975498505259071,-0.0015529139289178918
commons-vfs,RASZZ,314,0.9,0.25,0.014027668730118464,0.3847160958702693,-0.0015529139289178918
commons-vfs,RASZZ,314,0.95,0.0,0.035683291911299646,0.40127943690048257,-0.019704913871693566
commons-vfs,RASZZ,314,0.95,0.05,0.03754355831425839,0.4221992179711237,-0.019704913871693566
commons-vfs,RASZZ,314,0.95,0.1,0.03964810212366627,0.4458660410005361,-0.019704913871693566
commons-vfs,RASZZ,314,0.95,0.25,0.025449230053769496,0.43956776921721885,-0.019704913871693566
commons-vfs,RASZZ,314,0.99,0.0,0.054597416902628614,0.46037534417976006,-0.05054592144989172
commons-vfs,RASZZ,314,0.99,0.05,0.05744372773641495,0.4843759545398423,-0.05054592144989172
commons-vfs,RASZZ,314,0.99,0.1,0.060663796558476236,0.5115281601997334,-0.05054592144989172
commons-vfs,RASZZ,314,0.99,0.25,0.0513500628700943,0.527281583177059,-0.05054592144989172
commons-vfs,RASZZ,314,0.995,0.0,0.059118073259135186,0.4572924585287122,-0.019268941005734244
commons-vfs,RASZZ,314,0.995,0.05,0.062200058120985835,0.4811323497316308,-0.019268941005734244
commons-vfs,RASZZ,314,0.995,0.1,0.06568674806570576,0.5081027316985691,-0.019268941005734244
commons-vfs,RASZZ,314,0.995,0.25,0.058615705695549664,0.528808148641246,-0.019268941005734244
commons-vfs,RASZZ,314,0.999,0.0,0.06090640529004993,0.4405381520758178,0.012789645923472169
commons-vfs,RASZZ,314,0.999,0.05,0.06408162073171131,0.46350459602289834,0.012789645923472169
commons-vfs,RASZZ,314,0.999,0.1,0.06767378365561104,0.48948683563979756,0.012789645923472169
commons-vfs,RASZZ,314,0.999,0.25,0.06287331371330232,0.5128845860645602,0.012789645923472169
commons-vfs,RASZZ,999,0.9,0.0,0.06289773728851099,0.4376103856346137,0.011894182517982388
commons-vfs,RASZZ,999,0.9,0.05,0.06617676624667981,0.4604241972079822,0.011894182517982388
commons-vfs,RASZZ,999,0.9,0.1,0.06988637476501221,0.4862337618162375,0.011894182517982388
commons-vfs,RASZZ,999,0.9,0.25,0.058761488877994476,0.48539837275383313,0.011894182517982388
commons-vfs,RASZZ,999,0.95,0.0,0.06308035889184552,0.45937681129223745,0.03916742918073262
commons-vfs,RASZZ,999,0.95,0.05,0.06636890840753415,0.4833253654354347,0.03916742918073262
commons-vfs,RASZZ,999,0.95,0.1,0.07008928765760614,0.5104186792135972,0.03916742918073262
commons-vfs,RASZZ,999,0.95,0.25,0.057359409546502545,0.5113822998701554,0.03916742918073262
commons-vfs,RASZZ,999,0.99,0.0,0.06986363533714804,0.48365032980939887,0.02760817796635343
commons-vfs,RASZZ,999,0.99,0.05,0.07350581537842116,0.5088643280459079,0.02760817796635343
commons-vfs,RASZZ,999,0.99,0.1,0.07762626148572004,0.5373892553437765,0.02760817796635343
commons-vfs,RASZZ,999,0.99,0.25,0.06432114513328728,0.5522571233379269,0.02760817796635343
commons-vfs,RASZZ,999,0.995,0.0,0.07020830411967227,0.4731060615076104,0.03481532072861201
commons-vfs,RASZZ,999,0.995,0.05,0.07386845267567413,0.49777035855303087,0.03481532072861201
commons-vfs,RASZZ,999,0.995,0.1,0.07800922679963587,0.5256734016751227,0.03481532072861201
commons-vfs,RASZZ,999,0.995,0.25,0.06662895778623064,0.5443183447597696,0.03481532072861201
commons-vfs,RASZZ,999,0.999,0.0,0.06669272897796463,0.450057404941593,0.038957796505260205
commons-vfs,RASZZ,999,0.999,0.05,0.07016960110477793,0.4735201132560836,0.038957796505260205
commons-vfs,RASZZ,999,0.999,0.1,0.07410303219773846,0.5000637832684367,0.038957796505260205
commons-vfs,RASZZ,999,0.999,0.25,0.06462315026356631,0.5206247835150484,0.038957796505260205
giraph,oracle,7,0.9,0.0,0.10401154231988959,0.42905277162192396,-0.0029231452203867907
giraph,oracle,7,0.9,0.05,0.10420923120172745,0.43555332148804843,-0.0029231452203867907
giraph,oracle,7,0.9,0.1,0.10311009820959027,0.4315337741181462,-0.0029231452203867907
giraph,oracle,7,0.9,0.25,0.09997275839460158,0.4391127265630699,-0.0029231452203867907
giraph,oracle,7,0.95,0.0,0.11449282765958091,0.47273978218774493,0.0597152010964155
giraph,oracle,7,0.95,0.05,0.11485042958857312,0.47925930164229863,0.0597152010964155
giraph,oracle,7,0.95,0.1,0.11161430495417705,0.4752805796366642,0.0597152010964155
giraph,oracle,7,0.95,0.25,0.10625747867783533,0.4751210045779231,0.0597152010964155
giraph,oracle,7,0.99,0.0,0.128852752432164,0.5300520115960827,0.12473531238649191
giraph,oracle,7,0.99,0.05,0.12958753307865684,0.5379604559105641,0.12473531238649191
giraph,oracle,7,0.99,0.1,0.12503017809967074,0.5348879046785945,0.12473531238649191
giraph,oracle,7,0.99,0.25,0.11227709428440737,0.523547410591212,0.12473531238649191
giraph,oracle,7,0.995,0.0,0.14342937599324596,0.5480853526006192,0.09178528277097059
giraph,oracle,7,0.995,0.05,0.14488221640458754,0.5567823369813114,0.09178528277097059
giraph,oracle,7,0.995,0.1,0.14093249481572798,0.554361287641105,0.09178528277097059
giraph,oracle,7,0.995,0.25,0.1300065190344497,0.5446817216854736,0.09178528277097059
giraph,oracle,7,0.999,0.0,0.1708637104265889,0.5737140909248108,0.11477480391257502
giraph,oracle,7,0.999,0.05,0.17371800953037742,0.5836386812286511,0.11477480391257502
giraph,oracle,7,0.999,0.1,0.1711835242424988,0.5823768274201125,0.11477480391257502
giraph,oracle,7,0.999,0.25,0.16524451848468807,0.5769043337087204,0.11477480391257502
giraph,oracle,13,0.9,0.0,0.11845322980914252,0.4473287283141441,-0.0031866653708025232
giraph,oracle,13,0.9,0.05,0.11940721653954475,0.45478637316913795,-0.0031866653708025232
giraph,oracle,13,0.9,0.1,0.11409310074503899,0.4475026521458398,-0.0031866653708025232
giraph,oracle,13,0.9,0.25,0.10043793346222224,0.44878353483421235,-0.0031866653708025232
giraph,oracle,13,0.95,0.0,0.12925259266572578,0.4889961265139281,0.06561551421959377
giraph,oracle,13,0.95,0.05,0.13038314986935398,0.49636697572122457,0.06561551421959377
giraph,oracle,13,0.95,0.1,0.124899909044558,0.49100644789827275,0.06561551421959377
giraph,oracle,13,0.95,0.25,0.10730489461563074,0.484206341207261,0.06561551421959377
giraph,oracle,13,0.99,0.0,0.1494624416048558,0.5435930243151809,0.1416732061889191
giraph,oracle,13,0.99,0.05,0.15127653265690108,0.5522105989715603,0.1416732061889191
giraph,oracle,13,0.99,0.1,0.14636856214837113,0.5487987259731509,0.1416732061889191
giraph,oracle,13,0.99,0.25,0.12176873729679288,0.5310823220472687,0.1416732061889191
giraph,oracle,13,0.995,0.0,0.16749769914162238,0.5631355101292602,0.1091886530221841
giraph,oracle,13,0.995,0.05,0.17021097542856473,0.5726206573730485,0.1091886530221841
giraph,oracle,13,0.995,0.1,0.1662837402166442,0.5700684354757295,0.1091886530221841
giraph,oracle,13,0.995,0.25,0.14475364253816456,0.5548042216183627,0.1091886530221841
giraph,oracle,13,0.999,0.0,0.19992313861330208,0.5915501607128305,0.13659250609968304
giraph,oracle,13,0.999,0.05,0.20429925315829003,0.6024088095342478,0.13659250609968304
giraph,oracle,13,0.999,0.1,0.20220818182076775,0.6012691488442107,0.13659250609968304
giraph,oracle,13,0.999,0.25,0.18736980373037465,0.5912836697766222,0.13659250609968304
giraph,oracle,21,0.9,0.0,0.12215507135899653,0.4339556600775996,-0.003309898499969486
giraph,oracle,21,0.9,0.05,0.1237505242152006,0.44141444044137595,-0.003309898499969486
giraph,oracle,21,0.9,0.1,0.12571453929241655,0.4400280514660399,-0.003309898499969486
giraph,oracle,21,0.9,0.25,0.07603149620625953,0.4079771607891194,-0.003309898499969486
giraph,oracle,21,0.95,0.0,0.13133748260571992,0.4751982426853184,0.06081902424172788
giraph,oracle,21,0.95,0.05,0.13284072851887782,0.48221164846789816,0.06081902424172788
giraph,oracle,21,0.95,0.1,0.13271077640884407,0.480705123724192,0.06081902424172788
giraph,oracle,21,0.95,0.25,0.08403068906927035,0.4481795627878278,0.06081902424172788
giraph,oracle,21,0.99,0.0,0.148661128558424,0.5325500246335323,0.12153791549188821
giraph,oracle,21,0.99,0.05,0.15057211731381717,0.540747020270215,0.12153791549188821
giraph,oracle,21,0.99,0.1,0.14893999843248973,0.5396083339904165,0.12153791549188821
giraph,oracle,21,0.99,0.25,0.1153840725687179,0.5141725415861109,0.12153791549188821
giraph,oracle,21,0.995,0.0,0.1693766568760735,0.5567359485900224,0.08321829405329477
giraph,oracle,21,0.995,0.05,0.17231495035209202,0.5660253740539782,0.08321829405329477
giraph,oracle,21,0.995,0.1,0.1715624475259333,0.5657887032252895,0.08321829405329477
giraph,oracle,21,0.995,0.25,0.14578243537425914,0.5464961267230208,0.08321829405329477
giraph,oracle,21,0.999,0.0,0.2094332414521404,0.5929148702303875,0.1221060553176379
giraph,oracle,21,0.999,0.05,0.21442481678973885,0.6039709714378563,0.1221060553176379
giraph,oracle,21,0.999,0.1,0.21574890095657787,0.6054164595013625,0.1221060553176379
giraph,oracle,21,0.999,0.25,0.20143639831471222,0.5951160988976374,0.1221060553176379
giraph,oracle,42,0.9,0.0,0.09528422908510094,0.41208164530786745,-0.0031940789075366933
giraph,oracle,42,0.9,0.05,0.09547248072496635,0.41839490370115906,-0.0031940789075366933
giraph,oracle,42,0.9,0.1,0.09587376181982724,0.41573638243228483,-0.0031940789075366933
giraph,oracle,42,0.9,0.25,0.08692493213720975,0.418136557184178,-0.0031940789075366933
giraph,oracle,42,0.95,0.0,0.10908983236847619,0.4597871707338492,0.06464368968103251
giraph,oracle,42,0.95,0.05,0.10942798936646671,0.4659935128980229,0.06464368968103251
giraph,oracle,42,0.95,0.1,0.108004175355905,0.46359072276756047,0.06464368968103251
giraph,oracle,42,0.95,0.25,0.09732492058616667,0.4586241606549442,0.06464368968103251
giraph,oracle,42,0.99,0.0,0.12130401617383874,0.5194411887124285,0.13274689270296716
giraph,oracle,42,0.99,0.05,0.12178233819587453,0.5269516867073578,0.13274689270296716
giraph,oracle,42,0.99,0.1,0.11855920520539767,0.5250506267306645,0.13274689270296716
giraph,oracle,42,0.99,0.25,0.10142089661959054,0.5102308537037763,0.13274689270296716
giraph,oracle,42,0.995,0.0,0.13375315100767388,0.5370443014036559,0.09176974563219704
giraph,oracle,42,0.995,0.05,0.13482587435093327,0.5453024934738121,0.09176974563219704
giraph,oracle,42,0.995,0.1,0.13200160679839473,0.5439206108235879,0.09176974563219704
giraph,oracle,42,0.995,0.25,0.11678858933505526,0.5311114902620312,0.09176974563219704
giraph,oracle,42,0.999,0.0,0.1606079780698058,0.564033298341717,0.10623246995980648
giraph,oracle,42,0.999,0.05,0.16304261941481318,0.573576898278208,0.10623246995980648
giraph,oracle,42,0.999,0.1,0.16152716109514315,0.5733427138776284,0.10623246995980648
giraph,oracle,42,0.999,0.25,0.1516892627795532,0.5654619047599725,0.10623246995980648
giraph,oracle,77,0.9,0.0,0.13443873668637807,0.44119921559924896,-0.003308087965548828
giraph,oracle,77,0.9,0.05,0.13667747376172182,0.4490373342821142,-0.003308087965548828
giraph,oracle,77,0.9,0.1,0.13406500113052536,0.44570576513683124,-0.003308087965548828
giraph,oracle,77,0.9,0.25,0.0917913480800042,0.4320866214732829,-0.003308087965548828
giraph,oracle,77,0.95,0.0,0.1435181844813176,0.4819489958632656,0.061216073011311364
giraph,oracle,77,0.95,0.05,0.14565932251264893,0.48931593236090004,0.061216073011311364
giraph,oracle,77,0.95,0.1,0.14218454687102886,0.48662530568255546,0.061216073011311364
giraph,oracle,77,0.95,0.25,0.09818240263061344,0.46761003961094844,0.061216073011311364
giraph,oracle,77,0.99,0.0,0.1566798612278828,0.5383999416335183,0.1281801433300549
giraph,oracle,77,0.99,0.05,0.15901078361434492,0.5469032920258116,0.1281801433300549
giraph,oracle,77,0.99,0.1,0.1554828215184207,0.545178295939019,0.1281801433300549
giraph,oracle,77,0.99,0.25,0.12081618028233738,0.5214371192508174,0.1281801433300549
giraph,oracle,77,0.995,0.0,0.17630078539408425,0.560609641443461,0.09249321574335864
giraph,oracle,77,0.995,0.05,0.1796016890917442,0.5701019286279213,0.09249321574335864
giraph,oracle,77,0.995,0.1,0.1771200710956469,0.5692340218435878,0.09249321574335864
giraph,oracle,77,0.995,0.25,0.1493515558672249,0.5498565390517336,0.09249321574335864
giraph,oracle,77,0.999,0.0,0.21456883429661436,0.594286242413686,0.1278362067469484
giraph,oracle,77,0.999,0.05,0.219829355892901,0.6054141611170383,0.1278362067469484
giraph,oracle,77,0.999,0.1,0.21950123948559747,0.6061367215202547,0.1278362067469484
giraph,oracle,77,0.999,0.25,0.2023017588010854,0.5943594373589529,0.1278362067469484
giraph,oracle,101,0.9,0.0,0.10709783201889793,0.43214389580616724,-0.003308085526715717
giraph,oracle,101,0.9,0.05,0.10745714704457417,0.438806324993661,-0.003308085526715717
giraph,oracle,101,0.9,0.1,0.106537504138489,0.4349665488701216,-0.003308085526715717
giraph,oracle,101,0.9,0.25,0.10408781132661273,0.4432342254753943,-0.003308085526715717
giraph,oracle,101,0.95,0.0,0.11810066089289827,0.47522008355163153,0.06123358829001637
giraph,oracle,101,0.95,0.05,0.11864720171939583,0.48186949410005464,0.06123358829001637
giraph,oracle,101,0.95,0.1,0.11562089870275576,0.4780350195723489,0.06123358829001637
giraph,oracle,101,0.95,0.25,0.11106792298892512,0.47842807306310525,0.06123358829001637
giraph,oracle,101,0.99,0.0,0.13394004124249131,0.5289536317768511,0.1312224785185222
giraph,oracle,101,0.99,0.05,0.13494123850997383,0.5368045549536671,0.1312224785185222
giraph,oracle,101,0.99,0.1,0.13067974619956046,0.5336681249846056,0.1312224785185222
giraph,oracle,101,0.99,0.25,0.11906014603151042,0.5220829041655698,0.1312224785185222
giraph,oracle,101,0.995,0.0,0.14670445668079077,0.5459093498192708,0.09564067936546655
giraph,oracle,101,0.995,0.05,0.14832881004584417,0.554492378942087,0.09564067936546655
giraph,oracle,101,0.995,0.1,0.1445695581055804,0.5519447792891867,0.09564067936546655
giraph,oracle,101,0.995,0.25,0.13437329328450948,0.5417803846436758,0.09564067936546655
giraph,oracle,101,0.999,0.0,0.17279373207241563,0.5712835210105748,0.11586249952000346
giraph,oracle,101,0.999,0.05,0.17574910462897808,0.581080824610677,0.11586249952000346
giraph,oracle,101,0.999,0.1,0.17332686407023268,0.5796776155679871,0.11586249952000346
giraph,oracle,101,0.999,0.25,0.16781788067912368,0.5736635738230723,0.11586249952000346
giraph,oracle,123,0.9,0.0,0.10646992261315652,0.44740615261562666,-0.009872826840675837
giraph,oracle,123,0.9,0.05,0.10679635460262184,0.45486785210985026,-0.009872826840675837
giraph,oracle,123,0.9,0.1,0.10584019421948143,0.4519156866953634,-0.009872826840675837
giraph,oracle,123,0.9,0.25,0.08564800547154869,0.44288043039112335,-0.009872826840675837
giraph,oracle,123,0.95,0.0,0.11457422218051748,0.48650800354739804,0.0302969623202398
giraph,oracle,123,0.95,0.05,0.11493608666546894,0.4937485520507116,0.0302969623202398
giraph,oracle,123,0.95,0.1,0.11170469571163814,0.4905705517781737,0.0302969623202398
giraph,oracle,123,0.95,0.25,0.0916682632164343,0.4788004670133541,0.0302969623202398
giraph,oracle,123,0.99,0.0,0.12443899352087649,0.5286753173732138,0.11009415994169167
giraph,oracle,123,0.99,0.05,0.12494262968573083,0.5365116654815102,0.11009415994169167
giraph,oracle,123,0.99,0.1,0.12012858267713562,0.5333590495153033,0.11009415994169167
giraph,oracle,123,0.99,0.25,0.10022545966190519,0.5173981538022515,0.11009415994169167
giraph,oracle,123,0.995,0.0,0.13908057304800903,0.5455105512546562,0.06933863864002536
giraph,oracle,123,0.995,0.05,0.14030567066171976,0.5540726956646121,0.06933863864002536
giraph,oracle,123,0.995,0.1,0.13610303470285964,0.551501902988483,0.06933863864002536
giraph,oracle,123,0.995,0.25,0.1193101807372228,0.5380386054344476,0.06933863864002536
giraph,oracle,123,0.999,0.0,0.17099748016262245,0.5734269060792736,0.09157682442689061
giraph,oracle,123,0.999,0.05,0.1738587846640586,0.5833364567777366,0.09157682442689061
giraph,oracle,123,0.999,0.1,0.17133207905462025,0.5820579010916473,0.09157682442689061
giraph,oracle,123,0.999,0.25,0.16147424493903223,0.5740675478443346,0.09157682442689061
giraph,oracle,202,0.9,0.0,0.12088911560992319,0.4407702085836153,-0.0033080846832017124
giraph,oracle,202,0.9,0.05,0.12197066743213689,0.4478843898118233,-0.0033080846832017124
giraph,oracle,202,0.9,0.1,0.12042160793605265,0.443123584003418,-0.0033080846832017124
giraph,oracle,202,0.9,0.25,0.07567409861798259,0.41635677163280893,-0.0033080846832017124
giraph,oracle,202,0.95,0.0,0.13355256856053946,0.4821862661527222,0.061240539986675085
giraph,oracle,202,0.95,0.05,0.13490831153422025,0.48920048925631465,0.061240539986675085
giraph,oracle,202,0.95,0.1,0.13159242344354743,0.48461467107239314,0.061240539986675085
giraph,oracle,202,0.95,0.25,0.08757308087358433,0.4563029082479941,0.061240539986675085
giraph,oracle,202,0.99,0.0,0.15061580588938753,0.5377582898941883,0.12711623441127634
giraph,oracle,202,0.99,0.05,0.15249029756481225,0.5460703048926104,0.12711623441127634
giraph,oracle,202,0.99,0.1,0.14841486044610472,0.5427028758189367,0.12711623441127634
giraph,oracle,202,0.99,0.25,0.11502746942379764,0.5179280413947458,0.12711623441127634
giraph,oracle,202,0.995,0.0,0.1711601038144229,0.5604425378735365,0.08866602621028896
giraph,oracle,202,0.995,0.05,0.1740651768548037,0.5697866566450797,0.08866602621028896
giraph,oracle,202,0.995,0.1,0.1710061482826004,0.5674046234019335,0.08866602621028896
giraph,oracle,202,0.995,0.25,0.14434440589939881,0.5476430937058924,0.08866602621028896
giraph,oracle,202,0.999,0.0,0.2112762380568955,0.5951101173507518,0.12316943685131727
giraph,oracle,202,0.999,0.05,0.21624690394431598,0.606155197816549,0.12316943685131727
giraph,oracle,202,0.999,0.1,0.21539008833951379,0.6055091751649868,0.12316943685131727
giraph,oracle,202,0.999,0.25,0.1994064959058792,0.593749328108682,0.12316943685131727
giraph,oracle,314,0.9,0.0,0.1120400355906936,0.4526188995697157,-0.009872817623955152
giraph,oracle,314,0.9,0.05,0.11265816925728676,0.4603535858121584,-0.009872817623955152
giraph,oracle,314,0.9,0.1,0.1075099212267442,0.4537808884306132,-0.009872817623955152
giraph,oracle,314,0.9,0.25,0.10450774017308354,0.465607672192528,-0.009872817623955152
giraph,oracle,314,0.95,0.0,0.12295046346511887,0.4944416290981877,0.030351291908851864
giraph,oracle,314,0.95,0.05,0.12375098397744347,0.5020976542512933,0.030351291908851864
giraph,oracle,314,0.95,0.1,0.11822333856924308,0.4973073043697233,0.030351291908851864
giraph,oracle,314,0.95,0.25,0.1120049149531029,0.5004896078836003,0.030351291908851864
giraph,oracle,314,0.99,0.0,0.134824702520669,0.53843149757872,0.12236339106722133
giraph,oracle,314,0.99,0.05,0.13587222868301865,0.5467787678424169,0.12236339106722133
giraph,oracle,314,0.99,0.1,0.13023893963330552,0.5431759499851979,0.12236339106722133
giraph,oracle,314,0.99,0.25,0.1137631065738168,0.530935285284098,0.12236339106722133
giraph,oracle,314,0.995,0.0,0.14702775153597697,0.5524141629085703,0.0851197905102795
giraph,oracle,314,0.995,0.05,0.1486690355542945,0.5613378430909258,0.0851197905102795
giraph,oracle,314,0.995,0.1,0.14365705141132754,0.5582543761673461,0.0851197905102795
giraph,oracle,314,0.995,0.25,0.1281965447511788,0.5466548529074886,0.0851197905102795
giraph,oracle,314,0.999,0.0,0.1755022208148707,0.5768637597975942,0.10256457820256963
giraph,oracle,314,0.999,0.05,0.17859943442777126,0.5869532953541239,0.10256457820256963
giraph,oracle,314,0.999,0.1,0.17517907210718897,0.5850391293523881,0.10256457820256963
giraph,oracle,314,0.999,0.25,0.1647773847959635,0.5773237748045175,0.10256457820256963
giraph,oracle,999,0.9,0.0,0.13734995012292234,0.45484159364235316,-0.0020872064437740825
giraph,oracle,999,0.9,0.05,0.1392935406602806,0.4626926803225151,-0.0020872064437740825
giraph,oracle,999,0.9,0.1,0.1387017978425938,0.45875022741075333,-0.0020872064437740825
giraph,oracle,999,0.9,0.25,0.09698363259333727,0.43632793729089725,-0.0020872064437740825
giraph,oracle,999,0.95,0.0,0.1464149911933384,0.49295589517898175,0.07637231538864049
giraph,oracle,999,0.95,0.05,0.14844432737222812,0.5005341138176153,0.07637231538864049
giraph,oracle,999,0.95,0.1,0.1458764822620768,0.49657462751734466,0.07637231538864049
giraph,oracle,999,0.95,0.25,0.10592247531120558,0.4724629143110467,0.07637231538864049
giraph,oracle,999,0.99,0.0,0.15939625398861088,0.5423533604118274,0.14229171302023455
giraph,oracle,999,0.99,0.05,0.16173056962933158,0.5509060150134176,0.14229171302023455
giraph,oracle,999,0.99,0.1,0.15816577912471594,0.5478058225516833,0.14229171302023455
giraph,oracle,999,0.99,0.25,0.13084016805239113,0.5264441205414856,0.14229171302023455
giraph,oracle,999,0.995,0.0,0.17816437357691192,0.5636165870546119,0.10360591092809775
giraph,oracle,999,0.995,0.05,0.18143625376196168,0.5731269278530944,0.10360591092809775
giraph,oracle,999,0.995,0.1,0.17878457417673296,0.5709294885451279,0.10360591092809775
giraph,oracle,999,0.995,0.25,0.15797068295015324,0.5542296466766226,0.10360591092809775
giraph,oracle,999,0.999,0.0,0.2145687762793713,0.5957683819524768,0.13630759804961567
giraph,oracle,999,0.999,0.05,0.2197118693555,0.60684793512809,0.13630759804961567
giraph,oracle,999,0.999,0.1,0.21904653868131585,0.6062401953279551,0.13630759804961567
giraph,oracle,999,0.999,0.25,0.20811050286412427,0.5969122616247313,0.13630759804961567
giraph,BSZZ,7,0.9,0.0,0.09758225878193325,0.4336979477178349,0.04188745604611539
giraph,BSZZ,7,0.9,0.05,0.10502752615139441,0.44571571988060377,0.04188745604611539
giraph,BSZZ,7,0.9,0.1,0.10393909506701798,0.4491593759505174,0.04188745604611539
giraph,BSZZ,7,0.9,0.25,0.08045173825535873,0.44481058391465444,0.04188745604611539
giraph,BSZZ,7,0.95,0.0,0.10735522845524852,0.4622390485751084,0.1431320521714697
giraph,BSZZ,7,0.95,0.05,0.11452584491757808,0.4738035335256175,0.1431320521714697
giraph,BSZZ,7,0.95,0.1,0.11348980654125068,0.4764186420744673,0.1431320521714697
giraph,BSZZ,7,0.95,0.25,0.09010113896600223,0.46810801552141484,0.1431320521714697
giraph,BSZZ,7,0.99,0.0,0.0879636428613672,0.49031362006267437,0.17890477231802682
giraph,BSZZ,7,0.99,0.05,0.093367351642887,0.502164751724248,0.17890477231802682
giraph,BSZZ,7,0.99,0.1,0.09166056011865188,0.5026061777188641,0.17890477231802682
giraph,BSZZ,7,0.99,0.25,0.07008216283583449,0.496002946748078,0.17890477231802682
giraph,BSZZ,7,0.995,0.0,0.08866008382647694,0.5016264449859137,0.11159616453409589
giraph,BSZZ,7,0.995,0.05,0.09400697071278993,0.5139782448868654,0.11159616453409589
giraph,BSZZ,7,0.995,0.1,0.09242073307144388,0.5144697124824498,0.11159616453409589
giraph,BSZZ,7,0.995,0.25,0.07251219814809777,0.5105070140850052,0.11159616453409589
giraph,BSZZ,7,0.999,0.0,0.10698506315766075,0.5257870939639104,0.08675340507925522
giraph,BSZZ,7,0.999,0.05,0.11321798935429157,0.5393418234118929,0.08675340507925522
giraph,BSZZ,7,0.999,0.1,0.11276266590367728,0.5407505186105099,0.08675340507925522
giraph,BSZZ,7,0.999,0.25,0.09816498159028111,0.5421179319552835,0.08675340507925522
giraph,BSZZ,13,0.9,0.0,0.08445752504058716,0.4080828472346654,-0.006676757982120808
giraph,BSZZ,13,0.9,0.05,0.0912154622141175,0.41875918022001163,-0.006676757982120808
giraph,BSZZ,13,0.9,0.1,0.08936373285952313,0.42071313278236616,-0.006676757982120808
giraph,BSZZ,13,0.9,0.25,0.05784972407571058,0.405845903548183,-0.006676757982120808
giraph,BSZZ,13,0.95,0.0,0.0969429688547528,0.44606518646340754,0.008817163852662097
giraph,BSZZ,13,0.95,0.05,0.10356830488912623,0.45678266117864064,0.008817163852662097
giraph,BSZZ,13,0.95,0.1,0.10192671824806862,0.45845714257147324,0.008817163852662097
giraph,BSZZ,13,0.95,0.25,0.07097594910971061,0.44213430149886634,0.008817163852662097
giraph,BSZZ,13,0.99,0.0,0.08996572702957091,0.4875783348121568,0.07352181806823122
giraph,BSZZ,13,0.99,0.05,0.09547428311166996,0.4992862221089901,0.07352181806823122
giraph,BSZZ,13,0.99,0.1,0.09388392727386759,0.49956857146697337,0.07352181806823122
giraph,BSZZ,13,0.99,0.25,0.06955590699353027,0.489430054494671,0.07352181806823122
giraph,BSZZ,13,0.995,0.0,0.09478617013018094,0.5028772929503389,0.05256672781810697
giraph,BSZZ,13,0.995,0.05,0.10045387450372033,0.5152945986050386,0.05256672781810697
giraph,BSZZ,13,0.995,0.1,0.09922391312450465,0.5158588120639958,0.05256672781810697
giraph,BSZZ,13,0.995,0.25,0.07805447907786842,0.5096958226236532,0.05256672781810697
giraph,BSZZ,13,0.999,0.0,0.11615930964690278,0.5303353293323709,0.07072835967876967
giraph,BSZZ,13,0.999,0.05,0.12287268266715974,0.5441282456699734,0.07072835967876967
giraph,BSZZ,13,0.999,0.1,0.12295090805751976,0.5458014536775898,0.07072835967876967
giraph,BSZZ,13,0.999,0.25,0.1082401965761788,0.5461014719791573,0.07072835967876967
giraph,BSZZ,21,0.9,0.0,0.1287362447275148,0.44905535815331654,0.05337989348903868
giraph,BSZZ,21,0.9,0.05,0.137813017595373,0.4618773837304125,0.05337989348903868
giraph,BSZZ,21,0.9,0.1,0.1385364163013217,0.46621418438149975,0.05337989348903868
giraph,BSZZ,21,0.9,0.25,0.10961217993765741,0.4575312932127175,0.05337989348903868
giraph,BSZZ,21,0.95,0.0,0.1387423665234737,0.4768239876278877,0.1775261321363512
giraph,BSZZ,21,0.95,0.05,0.14755669844573527,0.4891522723791658,0.1775261321363512
giraph,BSZZ,21,0.95,0.1,0.14834604934333234,0.49261560070676436,0.1775261321363512
giraph,BSZZ,21,0.95,0.25,0.12275804765402185,0.4821440359319151,0.1775261321363512
giraph,BSZZ,21,0.99,0.0,0.12244537777041327,0.514648242511758,0.2393865112390034
giraph,BSZZ,21,0.99,0.05,0.1296548631930552,0.5277737558975979,0.2393865112390034
giraph,BSZZ,21,0.99,0.1,0.12995343414922408,0.5296304163333727,0.2393865112390034
giraph,BSZZ,21,0.99,0.25,0.112243473915432,0.5264721960755727,0.2393865112390034
giraph,BSZZ,21,0.995,0.0,0.12422314462772575,0.5259885533488616,0.16345111833363746
giraph,BSZZ,21,0.995,0.05,0.1314324361944034,0.5396161743860275,0.16345111833363746
giraph,BSZZ,21,0.995,0.1,0.1319144479612518,0.5415244749276183,0.16345111833363746
giraph,BSZZ,21,0.995,0.25,0.11688199777386094,0.5414659873489973,0.16345111833363746
giraph,BSZZ,21,0.999,0.0,0.1433729617177301,0.5491318841769973,0.1345863392352472
giraph,BSZZ,21,0.999,0.05,0.15151148858708274,0.5639091587483583,0.1345863392352472
giraph,BSZZ,21,0.999,0.1,0.15317238483091222,0.5666755224787274,0.1345863392352472
giraph,BSZZ,21,0.999,0.25,0.1442302705295796,0.5720456724483094,0.1345863392352472
giraph,BSZZ,42,0.9,0.0,0.11087050905516506,0.4297648521378563,0.04188739358685625
giraph,BSZZ,42,0.9,0.05,0.1190116698304563,0.4415766517141427,0.04188739358685625
giraph,BSZZ,42,0.9,0.1,0.11869604668623861,0.44479156980643597,0.04188739358685625
giraph,BSZZ,42,0.9,0.25,0.09336863350305954,0.4365597949040499,0.04188739358685625
giraph,BSZZ,42,0.95,0.0,0.12420231136061918,0.4603096651864368,0.14309446203965726
giraph,BSZZ,42,0.95,0.05,0.13225519401001307,0.4717731101091102,0.14309446203965726
giraph,BSZZ,42,0.95,0.1,0.13219893545195177,0.4742760110481004,0.14309446203965726
giraph,BSZZ,42,0.95,0.25,0.10856565980676217,0.46265796498967554,0.14309446203965726
giraph,BSZZ,42,0.99,0.0,0.110636983090222,0.5006318094968163,0.17573217779944386
giraph,BSZZ,42,0.99,0.05,0.11722807377898857,0.513023295218532,0.17573217779944386
giraph,BSZZ,42,0.99,0.1,0.11683990110964328,0.5140647986167795,0.17573217779944386
giraph,BSZZ,42,0.99,0.25,0.09775150179581157,0.507301409700409,0.17573217779944386
giraph,BSZZ,42,0.995,0.0,0.11594075506861896,0.516854669309714,0.11107874576255158
giraph,BSZZ,42,0.995,0.05,0.12271630553619124,0.530003957267523,0.11107874576255158
giraph,BSZZ,42,0.995,0.1,0.12271663639824369,0.5313810563367755,0.11107874576255158
giraph,BSZZ,42,0.995,0.25,0.10675402357140559,0.5286773917956886,0.11107874576255158
giraph,BSZZ,42,0.999,0.0,0.14046626528164713,0.545945163382657,0.10592403333718409
giraph,BSZZ,42,0.999,0.05,0.14845257114063137,0.5605555523263842,0.10592403333718409
giraph,BSZZ,42,0.999,0.1,0.1499444219466306,0.563136585175539,0.10592403333718409
giraph,BSZZ,42,0.999,0.25,0.14103709324158953,0.5671792593908285,0.10592403333718409
giraph,BSZZ,77,0.9,0.0,0.06682921314425748,0.3742898888548015,-0.0019498009453765104
giraph,BSZZ,77,0.9,0.05,0.0726639718893017,0.3831965157903293,-0.0019498009453765104
giraph,BSZZ,77,0.9,0.1,0.06978702859570436,0.3831851632131488,-0.0019498009453765104
giraph,BSZZ,77,0.9,0.25,0.028897978582532888,0.35898705203772435,-0.0019498009453765104
giraph,BSZZ,77,0.95,0.0,0.07509978607811155,0.42336336116392825,0.01871563138230316
giraph,BSZZ,77,0.95,0.05,0.08058121478502993,0.43289196223504883,0.01871563138230316
giraph,BSZZ,77,0.95,0.1,0.0776692889540091,0.4332461681599462,0.01871563138230316
giraph,BSZZ,77,0.95,0.25,0.03748627546457332,0.4100761872381786,0.01871563138230316
giraph,BSZZ,77,0.99,0.0,0.07993944998090911,0.4832272515006599,0.01044811057438249
giraph,BSZZ,77,0.99,0.05,0.08492293918514808,0.4947072765791854,0.01044811057438249
giraph,BSZZ,77,0.99,0.1,0.08274948276193267,0.4947365789473637,0.01044811057438249
giraph,BSZZ,77,0.99,0.25,0.05461535796828145,0.48239880572356464,0.01044811057438249
giraph,BSZZ,77,0.995,0.0,0.09739659578012864,0.5082122648980572,-0.004947772258813352
giraph,BSZZ,77,0.995,0.05,0.1032010057363336,0.520908958111116,-0.004947772258813352
giraph,BSZZ,77,0.995,0.1,0.1021228595041834,0.5217834388059355,-0.004947772258813352
giraph,BSZZ,77,0.995,0.25,0.08032014581909054,0.515776509203959,-0.004947772258813352
giraph,BSZZ,77,0.999,0.0,0.1317405757405091,0.5433131701780827,0.05129617777244034
giraph,BSZZ,77,0.999,0.05,0.13926992528935891,0.5577857240662089,0.05129617777244034
giraph,BSZZ,77,0.999,0.1,0.14025431408778785,0.5602136874588801,0.05129617777244034
giraph,BSZZ,77,0.999,0.25,0.12806129412428888,0.5625492629735135,0.05129617777244034
giraph,BSZZ,101,0.9,0.0,0.10800866382497744,0.43956713887489773,0.04190264935700334
giraph,BSZZ,101,0.9,0.05,0.11599995240616905,0.4518922751630989,0.04190264935700334
giraph,BSZZ,101,0.9,0.1,0.1155178922463986,0.45567726718283463,0.04190264935700334
giraph,BSZZ,101,0.9,0.25,0.0862186358962322,0.44740536088845484,0.04190264935700334
giraph,BSZZ,101,0.95,0.0,0.11916036834025968,0.4682972187146441,0.14524595603361748
giraph,BSZZ,101,0.95,0.05,0.12694920908584423,0.4801789644455279,0.14524595603361748
giraph,BSZZ,101,0.95,0.1,0.1265997250451315,0.48314639943995163,0.14524595603361748
giraph,BSZZ,101,0.95,0.25,0.09832452871791231,0.4712523824339849,0.14524595603361748
giraph,BSZZ,101,0.99,0.0,0.10254537039768229,0.49790338037849946,0.2034655993204025
giraph,BSZZ,101,0.99,0.05,0.1087127107958171,0.5101519807847921,0.2034655993204025
giraph,BSZZ,101,0.99,0.1,0.1078539522774018,0.5110348062801223,0.2034655993204025
giraph,BSZZ,101,0.99,0.25,0.08578008797373791,0.5028347036789689,0.2034655993204025
giraph,BSZZ,101,0.995,0.0,0.10372210125875234,0.5098063019739736,0.13023768665699925
giraph,BSZZ,101,0.995,0.05,0.10985777210037151,0.522586473437891,0.13023768665699925
giraph,BSZZ,101,0.995,0.1,0.1091474997988655,0.5235536589270847,0.13023768665699925
giraph,BSZZ,101,0.995,0.25,0.08957810712395955,0.5186404182055993,0.13023768665699925
giraph,BSZZ,101,0.999,0.0,0.1238415814015634,0.5355089656771237,0.10291364238650769
giraph,BSZZ,101,0.999,0.05,0.13095726790523152,0.5495728205764217,0.10291364238650769
giraph,BSZZ,101,0.999,0.1,0.13148227300611653,0.5515469129867625,0.10291364238650769
giraph,BSZZ,101,0.999,0.25,0.11819748427703067,0.552765233058277,0.10291364238650769
giraph,BSZZ,123,0.9,0.0,0.13859749565789845,0.4696234935848508,0.041894937752758155
giraph,BSZZ,123,0.9,0.05,0.14819069313807098,0.4835226534364161,0.041894937752758155
giraph,BSZZ,123,0.9,0.1,0.14935428975281,0.4890598969826309,0.041894937752758155
giraph,BSZZ,123,0.9,0.25,0.12335660471391845,0.4817032219918616,0.041894937752758155
giraph,BSZZ,123,0.95,0.0,0.14737249374787198,0.49252313275315857,0.1446320537411954
giraph,BSZZ,123,0.95,0.05,0.156638777469915,0.5056735672491516,0.1446320537411954
giraph,BSZZ,123,0.95,0.1,0.157880984562569,0.5100458119177456,0.1446320537411954
giraph,BSZZ,123,0.95,0.25,0.13245295268988683,0.49871079909987565,0.1446320537411954
giraph,BSZZ,123,0.99,0.0,0.13456693672283476,0.5223266918013184,0.19022070686654452
giraph,BSZZ,123,0.99,0.05,0.14241121700333417,0.5358543184915989,0.19022070686654452
giraph,BSZZ,123,0.99,0.1,0.1434127722725243,0.5381617048580364,0.19022070686654452
giraph,BSZZ,123,0.99,0.25,0.12509759959228087,0.5319323720778876,0.19022070686654452
giraph,BSZZ,123,0.995,0.0,0.14442377156208552,0.5398238660796455,0.1294531836275298
giraph,BSZZ,123,0.995,0.05,0.15269095132233312,0.5541760296787727,0.1294531836275298
giraph,BSZZ,123,0.995,0.1,0.15434830783577733,0.5568936497024598,0.1294531836275298
giraph,BSZZ,123,0.995,0.25,0.14074997201047884,0.5555172979986971,0.1294531836275298
giraph,BSZZ,123,0.999,0.0,0.1711239034914938,0.5678659757348301,0.1376862106272368
giraph,BSZZ,123,0.999,0.05,0.18071572157593135,0.5836243373952545,0.1376862106272368
giraph,BSZZ,123,0.999,0.1,0.18399253907417815,0.5874851840300117,0.1376862106272368
giraph,BSZZ,123,0.999,0.25,0.17842859628834373,0.5930634681253756,0.1376862106272368
giraph,BSZZ,202,0.9,0.0,0.09824176201973207,0.41253818769948253,-0.01626344325023884
giraph,BSZZ,202,0.9,0.05,0.10482322219213944,0.4223122204816303,-0.01626344325023884
giraph,BSZZ,202,0.9,0.1,0.10297470845602787,0.42338756468337685,-0.01626344325023884
giraph,BSZZ,202,0.9,0.25,0.06522131692623534,0.40659842288844816,-0.01626344325023884
giraph,BSZZ,202,0.95,0.0,0.10714276122498903,0.45897423019681166,-0.03062613212086404
giraph,BSZZ,202,0.95,0.05,0.11374505406207722,0.4697684219126362,-0.03062613212086404
giraph,BSZZ,202,0.95,0.1,0.11177643416403832,0.4710417911634944,-0.03062613212086404
giraph,BSZZ,202,0.95,0.25,0.07577952595057548,0.4545401962115285,-0.03062613212086404
giraph,BSZZ,202,0.99,0.0,0.11284401980912091,0.5140483728225386,0.053939709332582096
giraph,BSZZ,202,0.99,0.05,0.1192318763691455,0.5268558980911502,0.053939709332582096
giraph,BSZZ,202,0.99,0.1,0.11807558254529037,0.5277117199920115,0.053939709332582096
giraph,BSZZ,202,0.99,0.25,0.09519177400109366,0.5203581453880992,0.053939709332582096
giraph,BSZZ,202,0.995,0.0,0.12284183019078401,0.5292631839240732,0.06184774738817966
giraph,BSZZ,202,0.995,0.05,0.12968381298003745,0.5428043242230404,0.06184774738817966
giraph,BSZZ,202,0.995,0.1,0.12920888650937043,0.5439826043318955,0.06184774738817966
giraph,BSZZ,202,0.995,0.25,0.11097586257875801,0.5406669150569942,0.06184774738817966
giraph,BSZZ,202,0.999,0.0,0.14598136551991844,0.5537234801540656,0.10101504200099073
giraph,BSZZ,202,0.999,0.05,0.15397956835250493,0.5685044969358337,0.10101504200099073
giraph,BSZZ,202,0.999,0.1,0.1549347569595459,0.5706573483437749,0.10101504200099073
giraph,BSZZ,202,0.999,0.25,0.14377516891405281,0.5732250540303427,0.10101504200099073
giraph,BSZZ,314,0.9,0.0,0.05752324872004673,0.392852654378704,-0.0007992285526799275
giraph,BSZZ,314,0.9,0.05,0.06287066269474577,0.40273139621697984,-0.0007992285526799275
giraph,BSZZ,314,0.9,0.1,0.05911516499984649,0.4036283871841318,-0.0007992285526799275
giraph,BSZZ,314,0.9,0.25,0.020184941949198325,0.38906168723008483,-0.0007992285526799275
giraph,BSZZ,314,0.95,0.0,0.06378412532032164,0.4284959142544627,0.028954513138432152
giraph,BSZZ,314,0.95,0.05,0.06867296331423857,0.4382933023951625,0.028954513138432152
giraph,BSZZ,314,0.95,0.1,0.06493872502527315,0.43882799098131187,0.028954513138432152
giraph,BSZZ,314,0.95,0.25,0.029167780068048384,0.4210416117056253,0.028954513138432152
giraph,BSZZ,314,0.99,0.0,0.07047971229089157,0.47946618106812317,0.03531701253984462
giraph,BSZZ,314,0.99,0.05,0.0749678037607406,0.49074924235841105,0.03531701253984462
giraph,BSZZ,314,0.99,0.1,0.07219932651295562,0.49051911443868995,0.03531701253984462
giraph,BSZZ,314,0.99,0.25,0.046959843635127806,0.47829377233255055,0.03531701253984462
giraph,BSZZ,314,0.995,0.0,0.08581046040189746,0.5020424857185605,0.015800166657478142
giraph,BSZZ,314,0.995,0.05,0.09100811513879356,0.5144160732888029,0.015800166657478142
giraph,BSZZ,314,0.995,0.1,0.08922114119846636,0.5148996170008856,0.015800166657478142
giraph,BSZZ,314,0.995,0.25,0.06891574660326616,0.5079684199105929,0.015800166657478142
giraph,BSZZ,314,0.999,0.0,0.1155673866262071,0.5343175496233241,0.05631474958640201
giraph,BSZZ,314,0.999,0.05,0.12224976118403362,0.5483190111631961,0.05631474958640201
giraph,BSZZ,314,0.999,0.1,0.12226536004040621,0.5501978367364632,0.05631474958640201
giraph,BSZZ,314,0.999,0.25,0.10975582632589839,0.5506495981111571,0.05631474958640201
giraph,BSZZ,999,0.9,0.0,0.05619020054397222,0.38483760953740337,-0.005329591994964158
giraph,BSZZ,999,0.9,0.05,0.061467804015684795,0.3942966108727682,-0.005329591994964158
giraph,BSZZ,999,0.9,0.1,0.05797212512907177,0.39489868460277505,-0.005329591994964158
giraph,BSZZ,999,0.9,0.25,0.01119960879444754,0.3724044206345071,-0.005329591994964158
giraph,BSZZ,999,0.95,0.0,0.06293046964204704,0.41861762592047186,0.010770861687069953
giraph,BSZZ,999,0.95,0.05,0.06777460247575508,0.4278976972157506,0.010770861687069953
giraph,BSZZ,999,0.95,0.1,0.06415494280659009,0.4279759042843183,0.010770861687069953
giraph,BSZZ,999,0.95,0.25,0.018744722374722855,0.4029907722697596,0.010770861687069953
giraph,BSZZ,999,0.99,0.0,0.06847265058976229,0.4691226016086809,0.000945875568312852
giraph,BSZZ,999,0.99,0.05,0.07285563409022551,0.4798639791866289,0.000945875568312852
giraph,BSZZ,999,0.99,0.1,0.07001530028018538,0.4790729940673239,0.000945875568312852
giraph,BSZZ,999,0.99,0.25,0.03851562428953501,0.46301493725107656,0.000945875568312852
giraph,BSZZ,999,0.995,0.0,0.08635768107637329,0.49699481287067393,-0.02034656008345559
giraph,BSZZ,999,0.995,0.05,0.09158399325507487,0.5091040584713262,-0.02034656008345559
giraph,BSZZ,999,0.995,0.1,0.08986385422790771,0.5093261631334204,-0.02034656008345559
giraph,BSZZ,999,0.995,0.25,0.06499319868889383,0.5003371303721839,-0.02034656008345559
giraph,BSZZ,999,0.999,0.0,0.12358792050647291,0.5365593395856502,0.034995527666830166
giraph,BSZZ,999,0.999,0.05,0.13069032302311637,0.5506782015973646,0.034995527666830166
giraph,BSZZ,999,0.999,0.1,0.13120057590683185,0.5527133808535998,0.034995527666830166
giraph,BSZZ,999,0.999,0.25,0.11672642091810571,0.5531482543628652,0.034995527666830166
giraph,AGSZZ,7,0.9,0.0,-0.06484062045705251,0.3228275153847497,-0.02128625298365821
giraph,AGSZZ,7,0.9,0.05,-0.06709692367650132,0.3274841658290909,-0.02128625298365821
giraph,AGSZZ,7,0.9,0.1,-0.08335293341985076,0.31808583243370014,-0.02128625298365821
giraph,AGSZZ,7,0.9,0.25,-0.07687707474650482,0.326163174417241,-0.02128625298365821
giraph,AGSZZ,7,0.95,0.0,-0.06646083599397369,0.35820043796267625,-0.023608181722891784
giraph,AGSZZ,7,0.95,0.05,-0.06912872510526705,0.3635117320662522,-0.023608181722891784
giraph,AGSZZ,7,0.95,0.1,-0.08504219244393225,0.35459521645619246,-0.023608181722891784
giraph,AGSZZ,7,0.95,0.25,-0.07967577746860112,0.3574642721458609,-0.023608181722891784
giraph,AGSZZ,7,0.99,0.0,-0.07921574818490852,0.3918578140629136,0.02245161915503608
giraph,AGSZZ,7,0.99,0.05,-0.08297672978112579,0.3981812286343928,0.02245161915503608
giraph,AGSZZ,7,0.99,0.1,-0.09765864697171914,0.3894291116054389,0.02245161915503608
giraph,AGSZZ,7,0.99,0.25,-0.10831374682897438,0.3754039186581325,0.02245161915503608
giraph,AGSZZ,7,0.995,0.0,-0.08197995190579008,0.39518979478526783,-0.030936992343720653
giraph,AGSZZ,7,0.995,0.05,-0.08594658271485393,0.4016347906982317,-0.030936992343720653
giraph,AGSZZ,7,0.995,0.1,-0.10048677350741098,0.3927797479206927,-0.030936992343720653
giraph,AGSZZ,7,0.995,0.25,-0.11556211636223573,0.37585055995331335,-0.030936992343720653
giraph,AGSZZ,7,0.999,0.0,-0.07188010073609226,0.41043755976506696,-0.08799483473404457
giraph,AGSZZ,7,0.999,0.05,-0.07536698809285568,0.41764746442610357,-0.08799483473404457
giraph,AGSZZ,7,0.999,0.1,-0.0890765753219613,0.40943847112784115,-0.08799483473404457
giraph,AGSZZ,7,0.999,0.25,-0.10533387475197477,0.39315692125102697,-0.08799483473404457
giraph,AGSZZ,13,0.9,0.0,-0.04987394734293108,0.34766327178000567,-0.021248262151534206
giraph,AGSZZ,13,0.9,0.05,-0.05015082543138053,0.3551754873475268,-0.021248262151534206
giraph,AGSZZ,13,0.9,0.1,-0.0632311524003415,0.35070732443573077,-0.021248262151534206
giraph,AGSZZ,13,0.9,0.25,-0.04778555996146606,0.36627404422930515,-0.021248262151534206
giraph,AGSZZ,13,0.95,0.0,-0.051711600941262204,0.3808102520690804,-0.023654031976939858
giraph,AGSZZ,13,0.95,0.05,-0.052871167564535464,0.38811038608037113,-0.023654031976939858
giraph,AGSZZ,13,0.95,0.1,-0.0655531768220341,0.3834679838303133,-0.023654031976939858
giraph,AGSZZ,13,0.95,0.25,-0.05230808322618032,0.39317447459834143,-0.023654031976939858
giraph,AGSZZ,13,0.99,0.0,-0.07122194744064324,0.4032365908738849,0.03248779729303203
giraph,AGSZZ,13,0.99,0.05,-0.07415464114376735,0.4105275788622301,0.03248779729303203
giraph,AGSZZ,13,0.99,0.1,-0.08624331983967505,0.4046695388402035,0.03248779729303203
giraph,AGSZZ,13,0.99,0.25,-0.0904886148393847,0.39578358891272775,0.03248779729303203
giraph,AGSZZ,13,0.995,0.0,-0.07761372763747029,0.40318499142948105,-0.015242500163574278
giraph,AGSZZ,13,0.995,0.05,-0.08097444683779795,0.4103815032389487,-0.015242500163574278
giraph,AGSZZ,13,0.995,0.1,-0.09319833852970268,0.4040993835642988,-0.015242500163574278
giraph,AGSZZ,13,0.995,0.25,-0.10251899880977852,0.3918086390070268,-0.015242500163574278
giraph,AGSZZ,13,0.999,0.0,-0.07341992641651895,0.4133884479612132,-0.07451952596615717
giraph,AGSZZ,13,0.999,0.05,-0.07663464306541871,0.42105696402750825,-0.07451952596615717
giraph,AGSZZ,13,0.999,0.1,-0.08843114261014201,0.41502208721147654,-0.07451952596615717
giraph,AGSZZ,13,0.999,0.25,-0.10011375808304368,0.4024732039078861,-0.07451952596615717
giraph,AGSZZ,21,0.9,0.0,-0.038281626438556565,0.2893295190187182,-0.01931302010974478
giraph,AGSZZ,21,0.9,0.05,-0.037951425377400365,0.2937868497782915,-0.01931302010974478
giraph,AGSZZ,21,0.9,0.1,-0.048874040294949614,0.2879294131758959,-0.01931302010974478
giraph,AGSZZ,21,0.9,0.25,-0.023146484621372355,0.30405073834749496,-0.01931302010974478
giraph,AGSZZ,21,0.95,0.0,-0.0340320587239196,0.3269283285832505,-0.017788462468189978
giraph,AGSZZ,21,0.95,0.05,-0.03426576403406519,0.3314067159780763,-0.017788462468189978
giraph,AGSZZ,21,0.95,0.1,-0.044845736800556146,0.3249493654575169,-0.017788462468189978
giraph,AGSZZ,21,0.95,0.25,-0.019667237101078754,0.33288634098722436,-0.017788462468189978
giraph,AGSZZ,21,0.99,0.0,-0.059712142154719317,0.37242063781536944,0.035084393534739924
giraph,AGSZZ,21,0.99,0.05,-0.06204207797503945,0.3780978227757126,0.035084393534739924
giraph,AGSZZ,21,0.99,0.1,-0.07290423025438451,0.3710534734385455,0.035084393534739924
giraph,AGSZZ,21,0.99,0.25,-0.06930442136706476,0.35906184404697256,0.035084393534739924
giraph,AGSZZ,21,0.995,0.0,-0.07232777242156291,0.3766001142722392,-0.020140992639975094
giraph,AGSZZ,21,0.995,0.05,-0.07541167102454877,0.3824044005946693,-0.020140992639975094
giraph,AGSZZ,21,0.995,0.1,-0.0868345349865366,0.3751009573686375,-0.020140992639975094
giraph,AGSZZ,21,0.995,0.25,-0.09026144718042954,0.3600364634796515,-0.020140992639975094
giraph,AGSZZ,21,0.999,0.0,-0.07190291147283537,0.39112614915918614,-0.08067919495269352
giraph,AGSZZ,21,0.999,0.05,-0.07503818344887392,0.3976288091784922,-0.08067919495269352
giraph,AGSZZ,21,0.999,0.1,-0.08630166858198877,0.390762820576057,-0.08067919495269352
giraph,AGSZZ,21,0.999,0.25,-0.09340017636210551,0.3760012729869422,-0.08067919495269352
giraph,AGSZZ,42,0.9,0.0,-0.07020773856760817,0.3126131661477422,-0.019157360384070805
giraph,AGSZZ,42,0.9,0.05,-0.07274511281030305,0.3167349005472526,-0.019157360384070805
giraph,AGSZZ,42,0.9,0.1,-0.08933295332694498,0.30669035617842894,-0.019157360384070805
giraph,AGSZZ,42,0.9,0.25,-0.07894485145086094,0.3241184020397059,-0.019157360384070805
giraph,AGSZZ,42,0.95,0.0,-0.07011588447393984,0.351230713101817,-0.015899894382819156
giraph,AGSZZ,42,0.95,0.05,-0.07297518510164037,0.356177009145348,-0.015899894382819156
giraph,AGSZZ,42,0.95,0.1,-0.08912997311570572,0.34681088466538645,-0.015899894382819156
giraph,AGSZZ,42,0.95,0.25,-0.08071675424099917,0.35640645641409463,-0.015899894382819156
giraph,AGSZZ,42,0.99,0.0,-0.07570990713547314,0.3937439685797267,0.04115212006347377
giraph,AGSZZ,42,0.99,0.05,-0.07928729107074742,0.40016615932290955,0.04115212006347377
giraph,AGSZZ,42,0.99,0.1,-0.0937863291062337,0.39150047025267815,0.04115212006347377
giraph,AGSZZ,42,0.99,0.25,-0.1029297949230804,0.3792984499859243,0.04115212006347377
giraph,AGSZZ,42,0.995,0.0,-0.08085621982899789,0.3948860185399203,-0.013327111661213569
giraph,AGSZZ,42,0.995,0.05,-0.08476400182606014,0.40131510597120756,-0.013327111661213569
giraph,AGSZZ,42,0.995,0.1,-0.0992579083960561,0.3924220535217825,-0.013327111661213569
giraph,AGSZZ,42,0.995,0.25,-0.11364884700139574,0.3762134880953179,-0.013327111661213569
giraph,AGSZZ,42,0.999,0.0,-0.0745903017987454,0.40646416279951403,-0.08007266577271284
giraph,AGSZZ,42,0.999,0.05,-0.07821911988447569,0.4134659843276912,-0.08007266577271284
giraph,AGSZZ,42,0.999,0.1,-0.09210380080057338,0.4050078100196128,-0.08007266577271284
giraph,AGSZZ,42,0.999,0.25,-0.1087063829276688,0.3882675398885752,-0.08007266577271284
giraph,AGSZZ,77,0.9,0.0,-0.07314603068487842,0.3116750109310649,-0.019270649819792797
giraph,AGSZZ,77,0.9,0.05,-0.07464164630495104,0.317302554484053,-0.019270649819792797
giraph,AGSZZ,77,0.9,0.1,-0.08907541337481985,0.310741413703486,-0.019270649819792797
giraph,AGSZZ,77,0.9,0.25,-0.08770936000775154,0.3116638406022405,-0.019270649819792797
giraph,AGSZZ,77,0.95,0.0,-0.07517765275458575,0.34985633865264465,-0.01755437298523675
giraph,AGSZZ,77,0.95,0.05,-0.07756611485935476,0.35553544477928406,-0.01755437298523675
giraph,AGSZZ,77,0.95,0.1,-0.09161284488840918,0.3490928484046925,-0.01755437298523675
giraph,AGSZZ,77,0.95,0.25,-0.09056177500861914,0.34555851881213295,-0.01755437298523675
giraph,AGSZZ,77,0.99,0.0,-0.0852070970927835,0.38758712961360936,0.024362338999717827
giraph,AGSZZ,77,0.99,0.05,-0.08887218017918679,0.39405856975540643,0.024362338999717827
giraph,AGSZZ,77,0.99,0.1,-0.10177419655863082,0.3872904002827396,0.024362338999717827
giraph,AGSZZ,77,0.99,0.25,-0.11170998057512961,0.37294542401476355,0.024362338999717827
giraph,AGSZZ,77,0.995,0.0,-0.08925313901137968,0.39056063176410294,-0.02959290335322815
giraph,AGSZZ,77,0.995,0.05,-0.09322340344575245,0.3970960175063063,-0.02959290335322815
giraph,AGSZZ,77,0.995,0.1,-0.10612421116072833,0.3900796999359053,-0.02959290335322815
giraph,AGSZZ,77,0.995,0.25,-0.11998027378882999,0.37360557517737386,-0.02959290335322815
giraph,AGSZZ,77,0.999,0.0,-0.08179514094412758,0.40497105225453434,-0.08880327721448866
giraph,AGSZZ,77,0.999,0.05,-0.08544845985008415,0.412198757074345,-0.08880327721448866
giraph,AGSZZ,77,0.999,0.1,-0.09773203874343368,0.4056743477687963,-0.08880327721448866
giraph,AGSZZ,77,0.999,0.25,-0.11277162195742256,0.3902775371214848,-0.08880327721448866
giraph,AGSZZ,101,0.9,0.0,-0.08472728065841215,0.3020684420678786,-0.01915736373506977
giraph,AGSZZ,101,0.9,0.05,-0.08682939565365737,0.30719289847341796,-0.01915736373506977
giraph,AGSZZ,101,0.9,0.1,-0.10107247863335535,0.30079588181253786,-0.01915736373506977
giraph,AGSZZ,101,0.9,0.25,-0.10084500408479749,0.2996317797462587,-0.01915736373506977
giraph,AGSZZ,101,0.95,0.0,-0.08392113249254513,0.3437952823450842,-0.0159106625567288
giraph,AGSZZ,101,0.95,0.05,-0.08676748256364114,0.3491569765453925,-0.0159106625567288
giraph,AGSZZ,101,0.95,0.1,-0.10072613080498918,0.3429561110339156,-0.0159106625567288
giraph,AGSZZ,101,0.95,0.25,-0.10025103699775893,0.33843975150566713,-0.0159106625567288
giraph,AGSZZ,101,0.99,0.0,-0.09316740029108106,0.3833933119740511,0.03266300019731918
giraph,AGSZZ,101,0.99,0.05,-0.09724935711106104,0.38964512575567173,0.03266300019731918
giraph,AGSZZ,101,0.99,0.1,-0.11032511176596117,0.3829331252482632,0.03266300019731918
giraph,AGSZZ,101,0.99,0.25,-0.1207129983457738,0.3684028829274189,0.03266300019731918
giraph,AGSZZ,101,0.995,0.0,-0.09753443070639217,0.38638011413089185,-0.02874561622061138
giraph,AGSZZ,101,0.995,0.05,-0.10193837874574066,0.39269657002197944,-0.02874561622061138
giraph,AGSZZ,101,0.995,0.1,-0.11506989323230374,0.38569409513215236,-0.02874561622061138
giraph,AGSZZ,101,0.995,0.25,-0.129457394383944,0.3690818688986386,-0.02874561622061138
giraph,AGSZZ,101,0.999,0.0,-0.08919851178588853,0.4013022096184379,-0.09589030697912038
giraph,AGSZZ,101,0.999,0.05,-0.0932395383917877,0.40833778053461256,-0.09589030697912038
giraph,AGSZZ,101,0.999,0.1,-0.10573203952691028,0.40182396069912374,-0.09589030697912038
giraph,AGSZZ,101,0.999,0.25,-0.12112798608391272,0.3864276854100672,-0.09589030697912038
giraph,AGSZZ,123,0.9,0.0,-0.059062713467303324,0.3323856032574024,-0.019312734179543004
giraph,AGSZZ,123,0.9,0.05,-0.059820798759273514,0.33909774142099675,-0.019312734179543004
giraph,AGSZZ,123,0.9,0.1,-0.0734355189910917,0.3337410714974714,-0.019312734179543004
giraph,AGSZZ,123,0.9,0.25,-0.054501779784100673,0.358053997610861,-0.019312734179543004
giraph,AGSZZ,123,0.95,0.0,-0.06291969575919196,0.36598902932240596,-0.017740684863384367
giraph,AGSZZ,123,0.95,0.05,-0.06466621996644657,0.3725129895738957,-0.017740684863384367
giraph,AGSZZ,123,0.95,0.1,-0.07800006106720872,0.3670086259379538,-0.017740684863384367
giraph,AGSZZ,123,0.95,0.25,-0.06186995354588433,0.38230843984915286,-0.017740684863384367
giraph,AGSZZ,123,0.99,0.0,-0.07648021298523686,0.3953849678558881,0.03643333929792527
giraph,AGSZZ,123,0.99,0.05,-0.07968827720316514,0.4022647735914205,0.03643333929792527
giraph,AGSZZ,123,0.99,0.1,-0.09208276210235534,0.3959501048570597,0.03643333929792527
giraph,AGSZZ,123,0.99,0.25,-0.09518305884960583,0.38742596829748266,0.03643333929792527
giraph,AGSZZ,123,0.995,0.0,-0.08386317882691872,0.39492770647364706,-0.014508789723308302
giraph,AGSZZ,123,0.995,0.05,-0.08755117601971125,0.4016917918889189,-0.014508789723308302
giraph,AGSZZ,123,0.995,0.1,-0.10013851853482698,0.39492945132387275,-0.014508789723308302
giraph,AGSZZ,123,0.995,0.25,-0.10901877171126875,0.3822618131372527,-0.014508789723308302
giraph,AGSZZ,123,0.999,0.0,-0.08171566472427927,0.40401069230492387,-0.07873380161387573
giraph,AGSZZ,123,0.999,0.05,-0.08536482153393456,0.4111881039602911,-0.07873380161387573
giraph,AGSZZ,123,0.999,0.1,-0.09764377830981268,0.40460784277212375,-0.07873380161387573
giraph,AGSZZ,123,0.999,0.25,-0.10969629707241295,0.3910242238641942,-0.07873380161387573
giraph,AGSZZ,202,0.9,0.0,-0.07071336500570354,0.31418837144240563,-0.019307440661617332
giraph,AGSZZ,202,0.9,0.05,-0.07327721843842333,0.31839259788976626,-0.019307440661617332
giraph,AGSZZ,202,0.9,0.1,-0.08987477078703686,0.3084918357398338,-0.019307440661617332
giraph,AGSZZ,202,0.9,0.25,-0.07607409032799113,0.32750846830943836,-0.019307440661617332
giraph,AGSZZ,202,0.95,0.0,-0.07521123235056562,0.34848125206461644,-0.017421113473727073
giraph,AGSZZ,202,0.95,0.05,-0.07833737164512189,0.35328356137053835,-0.017421113473727073
giraph,AGSZZ,202,0.95,0.1,-0.09475973787151591,0.3438018047483471,-0.017421113473727073
giraph,AGSZZ,202,0.95,0.25,-0.08386885397109753,0.35402576198793156,-0.017421113473727073
giraph,AGSZZ,202,0.99,0.0,-0.08591216427046004,0.3838923490475591,0.03676677781331806
giraph,AGSZZ,202,0.99,0.05,-0.09002383099833962,0.3897986195658652,0.03676677781331806
giraph,AGSZZ,202,0.99,0.1,-0.10509519325620005,0.38058325308838753,0.03676677781331806
giraph,AGSZZ,202,0.99,0.25,-0.1139423996125814,0.36737273321566455,0.03676677781331806
giraph,AGSZZ,202,0.995,0.0,-0.0921144669580474,0.38453576801275124,-0.01996963560709736
giraph,AGSZZ,202,0.995,0.05,-0.09661183296934914,0.3904228223740372,-0.01996963560709736
giraph,AGSZZ,202,0.995,0.1,-0.11174141917070725,0.3809481708206875,-0.01996963560709736
giraph,AGSZZ,202,0.995,0.25,-0.12644367110623184,0.36353628162975654,-0.01996963560709736
giraph,AGSZZ,202,0.999,0.0,-0.08646497977748965,0.39661661537401427,-0.09073165295513846
giraph,AGSZZ,202,0.999,0.05,-0.09071566379228138,0.40310272992978374,-0.09073165295513846
giraph,AGSZZ,202,0.999,0.1,-0.10527346731003946,0.3940899486725141,-0.09073165295513846
giraph,AGSZZ,202,0.999,0.25,-0.12265107990220908,0.3761612001038452,-0.09073165295513846
giraph,AGSZZ,314,0.9,0.0,-0.08311731612022305,0.30549480969268905,-0.019157412428094597
giraph,AGSZZ,314,0.9,0.05,-0.08513511875810674,0.3107987018092534,-0.019157412428094597
giraph,AGSZZ,314,0.9,0.1,-0.10014878825301834,0.30387813759139487,-0.019157412428094597
giraph,AGSZZ,314,0.9,0.25,-0.098538614303486,0.30413379172542826,-0.019157412428094597
giraph,AGSZZ,314,0.95,0.0,-0.08298332052380478,0.34710608397372955,-0.01597626026391995
giraph,AGSZZ,314,0.95,0.05,-0.08578055824741067,0.35264116180047567,-0.01597626026391995
giraph,AGSZZ,314,0.95,0.1,-0.10028124435843665,0.34603861820863424,-0.01597626026391995
giraph,AGSZZ,314,0.95,0.25,-0.09885254696539214,0.34257259208768004,-0.01597626026391995
giraph,AGSZZ,314,0.99,0.0,-0.08954391422095885,0.3880122962463557,0.0250468117014736
giraph,AGSZZ,314,0.99,0.05,-0.09343611241881271,0.39450600197241137,0.0250468117014736
giraph,AGSZZ,314,0.99,0.1,-0.10659034610623606,0.38776255901700013,0.0250468117014736
giraph,AGSZZ,314,0.99,0.25,-0.116416499776196,0.3740164278759288,0.0250468117014736
giraph,AGSZZ,314,0.995,0.0,-0.09251290204865312,0.3917819263642236,-0.032794840292588195
giraph,AGSZZ,314,0.995,0.05,-0.09665387726552649,0.3983812701777551,-0.032794840292588195
giraph,AGSZZ,314,0.995,0.1,-0.10974426379685834,0.39143597972867084,-0.032794840292588195
giraph,AGSZZ,314,0.995,0.25,-0.12346259466378036,0.3756758785028864,-0.032794840292588195
giraph,AGSZZ,314,0.999,0.0,-0.08361550460529871,0.40654187958800175,-0.09316039826995233
giraph,AGSZZ,314,0.999,0.05,-0.08736415427655353,0.41385184718587426,-0.09316039826995233
giraph,AGSZZ,314,0.999,0.1,-0.09975360049347111,0.4074187928601733,-0.09316039826995233
giraph,AGSZZ,314,0.999,0.25,-0.11450389235093669,0.39275346265891387,-0.09316039826995233
giraph,AGSZZ,999,0.9,0.0,-0.08294670952010452,0.30333031132043975,-0.021125887868175337
giraph,AGSZZ,999,0.9,0.05,-0.08495557764775755,0.3085208506544175,-0.021125887868175337
giraph,AGSZZ,999,0.9,0.1,-0.09763526946728132,0.3042221038217232,-0.021125887868175337
giraph,AGSZZ,999,0.9,0.25,-0.08750497536014072,0.3123862826444174,-0.021125887868175337
giraph,AGSZZ,999,0.95,0.0,-0.08421973953496198,0.3396911477217368,-0.021748026829049305
giraph,AGSZZ,999,0.95,0.05,-0.0870817273813467,0.3448379121786779,-0.021748026829049305
giraph,AGSZZ,999,0.95,0.1,-0.09998775213732697,0.33974004372580574,-0.021748026829049305
giraph,AGSZZ,999,0.95,0.25,-0.0900877702150515,0.3429173748452485,-0.021748026829049305
giraph,AGSZZ,999,0.99,0.0,-0.09751323107377094,0.37546003715353177,0.03798368132403312
giraph,AGSZZ,999,0.99,0.05,-0.10182277504197158,0.38129639265278115,0.03798368132403312
giraph,AGSZZ,999,0.99,0.1,-0.11459139406732671,0.374737312718622,0.03798368132403312
giraph,AGSZZ,999,0.99,0.25,-0.1190641489647353,0.3630142764874069,0.03798368132403312
giraph,AGSZZ,999,0.995,0.0,-0.10562564802068589,0.37624957909410245,-0.021091315487754135
giraph,AGSZZ,999,0.995,0.05,-0.11045332564507222,0.3820355082126899,-0.021091315487754135
giraph,AGSZZ,999,0.995,0.1,-0.12355962662911417,0.3749751013657339,-0.021091315487754135
giraph,AGSZZ,999,0.995,0.25,-0.1335128235115926,0.36012044914126323,-0.021091315487754135
giraph,AGSZZ,999,0.999,0.0,-0.10249379698204925,0.38858609018803564,-0.0959951264309661
giraph,AGSZZ,999,0.999,0.05,-0.10723108540620122,0.39495572966271786,-0.0959951264309661
giraph,AGSZZ,999,0.999,0.1,-0.12005032707823528,0.38817104409754766,-0.0959951264309661
giraph,AGSZZ,999,0.999,0.25,-0.13274322505724667,0.37355398423358516,-0.0959951264309661
giraph,MASZZ,7,0.9,0.0,-0.05083874286372646,0.2839432701288517,-0.020430252730335333
giraph,MASZZ,7,0.9,0.05,-0.05116614640338961,0.28811852800391835,-0.020430252730335333
giraph,MASZZ,7,0.9,0.1,-0.06432276313767427,0.2798947375771598,-0.020430252730335333
giraph,MASZZ,7,0.9,0.25,-0.08742928900906714,0.2572354148150613,-0.020430252730335333
giraph,MASZZ,7,0.95,0.0,-0.04031796162518572,0.3446845935146537,-0.058638839498360636
giraph,MASZZ,7,0.95,0.05,-0.04088085387031033,0.3500928601203509,-0.058638839498360636
giraph,MASZZ,7,0.95,0.1,-0.05292904645120328,0.3433049084616481,-0.058638839498360636
giraph,MASZZ,7,0.95,0.25,-0.07465438198433592,0.32104606623240595,-0.058638839498360636
giraph,MASZZ,7,0.99,0.0,-0.02717596190508298,0.41561350394213564,-0.05530883667283161
giraph,MASZZ,7,0.99,0.05,-0.027802007986644107,0.4235526594477708,-0.05530883667283161
giraph,MASZZ,7,0.99,0.1,-0.03735052085595403,0.4183899738871244,-0.05530883667283161
giraph,MASZZ,7,0.99,0.25,-0.0625379531418075,0.39662931446473204,-0.05530883667283161
giraph,MASZZ,7,0.995,0.0,-0.023119954052754306,0.4304479842788269,-0.041667723346683005
giraph,MASZZ,7,0.995,0.05,-0.023626884611488357,0.43907223386843486,-0.041667723346683005
giraph,MASZZ,7,0.995,0.1,-0.03270098597656783,0.4343542720331317,-0.041667723346683005
giraph,MASZZ,7,0.995,0.25,-0.05878986211020349,0.41440701746064984,-0.041667723346683005
giraph,MASZZ,7,0.999,0.0,-0.0074452871853850555,0.4563186202241714,-0.034648450179254116
giraph,MASZZ,7,0.999,0.05,-0.007204972852105752,0.4662353498004967,-0.034648450179254116
giraph,MASZZ,7,0.999,0.1,-0.015182328545009784,0.46267816295189834,-0.034648450179254116
giraph,MASZZ,7,0.999,0.25,-0.03931966860274068,0.4474506624768588,-0.034648450179254116
giraph,MASZZ,13,0.9,0.0,-0.027818401719984957,0.31756985315222186,0.0237351137110359
giraph,MASZZ,13,0.9,0.05,-0.026940251234664148,0.32350610415320064,0.0237351137110359
giraph,MASZZ,13,0.9,0.1,-0.03931706539901315,0.31681315431199747,0.0237351137110359
giraph,MASZZ,13,0.9,0.25,-0.05532349990527543,0.2992161469549186,0.0237351137110359
giraph,MASZZ,13,0.95,0.0,-0.024672049373065733,0.3557379825505873,0.00570235919808215
giraph,MASZZ,13,0.95,0.05,-0.02441557962992471,0.36172510494120874,0.00570235919808215
giraph,MASZZ,13,0.95,0.1,-0.035823847824321235,0.35541970471800205,0.00570235919808215
giraph,MASZZ,13,0.95,0.25,-0.05217749559980265,0.3340354907142299,0.00570235919808215
giraph,MASZZ,13,0.99,0.0,-0.013726619412480035,0.4260977136826796,-0.09483017288449021
giraph,MASZZ,13,0.99,0.05,-0.013648335837321304,0.4345859175787173,-0.09483017288449021
giraph,MASZZ,13,0.99,0.1,-0.022512148930721614,0.4299889293161379,-0.09483017288449021
giraph,MASZZ,13,0.99,0.25,-0.04054051662012078,0.4123702179957867,-0.09483017288449021
giraph,MASZZ,13,0.995,0.0,-0.004986586596648104,0.4460503159325927,-0.0708103490235017
giraph,MASZZ,13,0.995,0.05,-0.004543889433241923,0.45549164523474195,-0.0708103490235017
giraph,MASZZ,13,0.995,0.1,-0.012645130560263057,0.45164445468589665,-0.0708103490235017
giraph,MASZZ,13,0.995,0.25,-0.030379541613732537,0.4372339109420838,-0.0708103490235017
giraph,MASZZ,13,0.999,0.0,0.012515011505538643,0.47301021022719053,-0.02981622484587595
giraph,MASZZ,13,0.999,0.05,0.01380062826402842,0.4838010629707563,-0.02981622484587595
giraph,MASZZ,13,0.999,0.1,0.006913846485020068,0.4811830675716075,-0.02981622484587595
giraph,MASZZ,13,0.999,0.25,-0.008441350022139435,0.47182486170613513,-0.02981622484587595
giraph,MASZZ,21,0.9,0.0,-0.04901920027106956,0.2917682585293386,0.023735113668131674
giraph,MASZZ,21,0.9,0.05,-0.04925131604403498,0.2963533038268745,0.023735113668131674
giraph,MASZZ,21,0.9,0.1,-0.06230211320582898,0.28858459311664786,0.023735113668131674
giraph,MASZZ,21,0.9,0.25,-0.07963382648851507,0.2716974312112699,0.023735113668131674
giraph,MASZZ,21,0.95,0.0,-0.04406439636690855,0.3353375565565277,0.005701398556828146
giraph,MASZZ,21,0.95,0.05,-0.044823485942647075,0.34025632746117607,0.005701398556828146
giraph,MASZZ,21,0.95,0.1,-0.05708956082227443,0.3329247779449924,0.005701398556828146
giraph,MASZZ,21,0.95,0.25,-0.07426389969625988,0.31186902451812365,0.005701398556828146
giraph,MASZZ,21,0.99,0.0,-0.026171191198559172,0.4124853360449742,-0.09911882251446236
giraph,MASZZ,21,0.99,0.05,-0.0267446183653148,0.4202606722841745,-0.09911882251446236
giraph,MASZZ,21,0.99,0.1,-0.03623469654502495,0.41491606111711893,-0.09911882251446236
giraph,MASZZ,21,0.99,0.25,-0.0582025141351698,0.3936594593041753,-0.09911882251446236
giraph,MASZZ,21,0.995,0.0,-0.017396843524826212,0.43303883744389815,-0.08098217961341844
giraph,MASZZ,21,0.995,0.05,-0.017604060065888213,0.4417987676231981,-0.08098217961341844
giraph,MASZZ,21,0.995,0.1,-0.02634532112713189,0.4372314826532898,-0.08098217961341844
giraph,MASZZ,21,0.995,0.25,-0.0486762603018226,0.41868805912766055,-0.08098217961341844
giraph,MASZZ,21,0.999,0.0,0.0005507701765160309,0.46161529653826244,-0.04521965377821309
giraph,MASZZ,21,0.999,0.05,0.0012098306559298051,0.4718094081659492,-0.04521965377821309
giraph,MASZZ,21,0.999,0.1,-0.006302496422056469,0.46856026138491536,-0.04521965377821309
giraph,MASZZ,21,0.999,0.25,-0.02657868442021582,0.4550852758560524,-0.04521965377821309
giraph,MASZZ,42,0.9,0.0,-0.047203419238124524,0.29172687210218123,0.023735113719545616
giraph,MASZZ,42,0.9,0.05,-0.04734044423380354,0.296309750030714,0.023735113719545616
giraph,MASZZ,42,0.9,0.1,-0.06028564058503212,0.2885386324001732,0.023735113719545616
giraph,MASZZ,42,0.9,0.25,-0.07995744721244925,0.2701287553272746,0.023735113719545616
giraph,MASZZ,42,0.95,0.0,-0.04436322690687053,0.334493157703585,0.005700959333023773
giraph,MASZZ,42,0.95,0.05,-0.04513796596225793,0.33936770821942586,0.005700959333023773
giraph,MASZZ,42,0.95,0.1,-0.05742142000086379,0.331987050797777,0.005700959333023773
giraph,MASZZ,42,0.95,0.25,-0.07723191097290082,0.30865502207099077,0.005700959333023773
giraph,MASZZ,42,0.99,0.0,-0.0337265428976024,0.40514809612721914,-0.10415947388583553
giraph,MASZZ,42,0.99,0.05,-0.034695636861564794,0.41253918788194843,-0.10415947388583553
giraph,MASZZ,42,0.99,0.1,-0.04462511343185719,0.4067678631031908,-0.10415947388583553
giraph,MASZZ,42,0.99,0.25,-0.0691658626544287,0.38362652557114235,-0.10415947388583553
giraph,MASZZ,42,0.995,0.0,-0.02380075730567937,0.42733592683893185,-0.08967033654484971
giraph,MASZZ,42,0.995,0.05,-0.02434334090259653,0.43579720085188695,-0.08967033654484971
giraph,MASZZ,42,0.995,0.1,-0.0334570359048162,0.4308982503498799,-0.08967033654484971
giraph,MASZZ,42,0.995,0.25,-0.0577875468283311,0.4111055858790894,-0.08967033654484971
giraph,MASZZ,42,0.999,0.0,-0.003422384483257361,0.45854857577795555,-0.05371023645607261
giraph,MASZZ,42,0.999,0.05,-0.002971394447372862,0.4685820860690675,-0.05371023645607261
giraph,MASZZ,42,0.999,0.1,-0.010714789228436395,0.46515458727741643,-0.05371023645607261
giraph,MASZZ,42,0.999,0.25,-0.032219255911094286,0.4511855334379428,-0.05371023645607261
giraph,MASZZ,77,0.9,0.0,-0.044261206476715255,0.28188740838706733,0.023735115469284505
giraph,MASZZ,77,0.9,0.05,-0.04424415050483919,0.2859550026796466,0.023735115469284505
giraph,MASZZ,77,0.9,0.1,-0.05758873102617689,0.27713258393001183,0.023735115469284505
giraph,MASZZ,77,0.9,0.25,-0.07511822363040238,0.26750824353405284,0.023735115469284505
giraph,MASZZ,77,0.95,0.0,-0.0352049675498206,0.3290263576927078,0.005733330504741786
giraph,MASZZ,77,0.95,0.05,-0.03550009701294354,0.33361461693615857,0.005733330504741786
giraph,MASZZ,77,0.95,0.1,-0.04754867491635025,0.3257108765211209,0.005733330504741786
giraph,MASZZ,77,0.95,0.25,-0.06952429149743519,0.3064542655011545,0.005733330504741786
giraph,MASZZ,77,0.99,0.0,-0.013292604588277917,0.4138937184977686,-0.07861354349406799
giraph,MASZZ,77,0.99,0.05,-0.01319159205723828,0.4217428104265167,-0.07861354349406799
giraph,MASZZ,77,0.99,0.1,-0.022050806159333084,0.41641228257020135,-0.07861354349406799
giraph,MASZZ,77,0.99,0.25,-0.055455841598746,0.3875816113926454,-0.07861354349406799
giraph,MASZZ,77,0.995,0.0,-0.009132142903841485,0.4299116759066,-0.060031774821134504
giraph,MASZZ,77,0.995,0.05,-0.008906544699166127,0.43850783952160255,-0.060031774821134504
giraph,MASZZ,77,0.995,0.1,-0.017267484517563325,0.4337014115688964,-0.060031774821134504
giraph,MASZZ,77,0.995,0.25,-0.051546829480824306,0.40634699783252953,-0.060031774821134504
giraph,MASZZ,77,0.999,0.0,0.006495075757741751,0.4560848959054511,-0.04100941273182855
giraph,MASZZ,77,0.999,0.05,0.007465434035673585,0.46598938555486086,-0.04100941273182855
giraph,MASZZ,77,0.999,0.1,0.0002116236456983731,0.46236881106998573,-0.04100941273182855
giraph,MASZZ,77,0.999,0.25,-0.03173383975134665,0.43974557961429406,-0.04100941273182855
giraph,MASZZ,101,0.9,0.0,-0.032280355925718054,0.31804193471575115,0.023735121350189847
giraph,MASZZ,101,0.9,0.05,-0.03163587386513639,0.3240029081926255,0.023735121350189847
giraph,MASZZ,101,0.9,0.1,-0.043713186064412296,0.3177622019341903,0.023735121350189847
giraph,MASZZ,101,0.9,0.25,-0.0627492759221101,0.30133357601046196,0.023735121350189847
giraph,MASZZ,101,0.95,0.0,-0.027141867940686595,0.35354959264905994,0.005746344588482665
giraph,MASZZ,101,0.95,0.05,-0.027014740317046912,0.3594221110797511,0.005746344588482665
giraph,MASZZ,101,0.95,0.1,-0.038296647675259525,0.353149723289857,0.005746344588482665
giraph,MASZZ,101,0.95,0.25,-0.057192197728666155,0.3318300008289911,0.005746344588482665
giraph,MASZZ,101,0.99,0.0,-0.017853167693335954,0.4208636757768857,-0.08885466498167256
giraph,MASZZ,101,0.99,0.05,-0.017990987644107326,0.4290777779372085,-0.08885466498167256
giraph,MASZZ,101,0.99,0.1,-0.026997312547119172,0.42422042787203107,-0.08885466498167256
giraph,MASZZ,101,0.99,0.25,-0.05064945733046287,0.40236505571848824,-0.08885466498167256
giraph,MASZZ,101,0.995,0.0,-0.010327813572956665,0.43909144418796053,-0.07112045677264642
giraph,MASZZ,101,0.995,0.05,-0.0101648315379856,0.4481683437977475,-0.07112045677264642
giraph,MASZZ,101,0.995,0.1,-0.018494977338476756,0.4439530617216959,-0.07112045677264642
giraph,MASZZ,101,0.995,0.25,-0.04228672787981796,0.4246025798486258,-0.07112045677264642
giraph,MASZZ,101,0.999,0.0,0.008117881766813865,0.4664721922305448,-0.039808446970619076
giraph,MASZZ,101,0.999,0.05,0.009173224898088623,0.4769206550042114,-0.039808446970619076
giraph,MASZZ,101,0.999,0.1,0.0021009801334848067,0.4739539718642394,-0.039808446970619076
giraph,MASZZ,101,0.999,0.25,-0.019102397878980076,0.4596612403277682,-0.039808446970619076
giraph,MASZZ,123,0.9,0.0,-0.052295548178990424,0.2890140768854823,0.023735114632574383
giraph,MASZZ,123,0.9,0.05,-0.0526992432688295,0.2934548882315945,0.023735114632574383
giraph,MASZZ,123,0.9,0.1,-0.06594058377725687,0.2855260019226813,0.023735114632574383
giraph,MASZZ,123,0.9,0.25,-0.08864658174205031,0.26734243330527235,0.023735114632574383
giraph,MASZZ,123,0.95,0.0,-0.04934338643905424,0.32954034613925226,0.00571837467258406
giraph,MASZZ,123,0.95,0.05,-0.05037893185398243,0.3341555224833948,0.00571837467258406
giraph,MASZZ,123,0.95,0.1,-0.06295201821818358,0.32648682321843897,0.00571837467258406
giraph,MASZZ,123,0.95,0.25,-0.08436682283214449,0.30474058379838453,0.00571837467258406
giraph,MASZZ,123,0.99,0.0,-0.03122271750714707,0.40728709919014844,-0.08700176254478792
giraph,MASZZ,123,0.99,0.05,-0.03206068844567414,0.4147902085616395,-0.08700176254478792
giraph,MASZZ,123,0.99,0.1,-0.041844549445614686,0.40914328229412805,-0.08700176254478792
giraph,MASZZ,123,0.99,0.25,-0.06995188075880762,0.3838625015893282,-0.08700176254478792
giraph,MASZZ,123,0.995,0.0,-0.026865970316903718,0.42349811161688516,-0.07015482983460256
giraph,MASZZ,123,0.995,0.05,-0.02756907629096729,0.431758402787788,-0.07015482983460256
giraph,MASZZ,123,0.995,0.1,-0.03686103561728112,0.42663625555065976,-0.07015482983460256
giraph,MASZZ,123,0.995,0.25,-0.0659360396517996,0.4030597620949747,-0.07015482983460256
giraph,MASZZ,123,0.999,0.0,-0.012615782190471318,0.4488799508425021,-0.05167797486928327
giraph,MASZZ,123,0.999,0.05,-0.012646241909827455,0.4584071241669195,-0.05167797486928327
giraph,MASZZ,123,0.999,0.1,-0.02092429931381611,0.4544173248490972,-0.05167797486928327
giraph,MASZZ,123,0.999,0.25,-0.04831913555015456,0.4353317602621825,-0.05167797486928327
giraph,MASZZ,202,0.9,0.0,-0.053806800863812794,0.29462774167527933,0.023735015721319214
giraph,MASZZ,202,0.9,0.05,-0.05428963886233334,0.29936253546674246,0.023735015721319214
giraph,MASZZ,202,0.9,0.1,-0.06761886965355962,0.29176012439977167,0.023735015721319214
giraph,MASZZ,202,0.9,0.25,-0.07215139802918481,0.2933090212038254,0.023735015721319214
giraph,MASZZ,202,0.95,0.0,-0.047515415944481325,0.339060996731721,0.005674830953231073
giraph,MASZZ,202,0.95,0.05,-0.04845523223126482,0.344174760762751,0.005674830953231073
giraph,MASZZ,202,0.95,0.1,-0.06092200887947369,0.33705975624481227,0.005674830953231073
giraph,MASZZ,202,0.95,0.25,-0.06759093694582065,0.3291671139429461,0.005674830953231073
giraph,MASZZ,202,0.99,0.0,-0.03060901175974594,0.41386622332398354,-0.0893874592953492
giraph,MASZZ,202,0.99,0.05,-0.03141484349454377,0.42171387535585014,-0.0893874592953492
giraph,MASZZ,202,0.99,0.1,-0.04116301306297448,0.41644957277959765,-0.0893874592953492
giraph,MASZZ,202,0.99,0.25,-0.059758496280935554,0.3981967157273286,-0.0893874592953492
giraph,MASZZ,202,0.995,0.0,-0.02652528063029611,0.4290053931825923,-0.06999359445689952
giraph,MASZZ,202,0.995,0.05,-0.027210544999824112,0.43755409560755953,-0.06999359445689952
giraph,MASZZ,202,0.995,0.1,-0.036482690754785295,0.43275223665783963,-0.06999359445689952
giraph,MASZZ,202,0.995,0.25,-0.05746245661370657,0.4150994930941379,-0.06999359445689952
giraph,MASZZ,202,0.999,0.0,-0.01478415988464741,0.4514403961006366,-0.04801376789903696
giraph,MASZZ,202,0.999,0.05,-0.01492817554310005,0.4611016575807169,-0.04801376789903696
giraph,MASZZ,202,0.999,0.1,-0.02333233980576956,0.457260766688394,-0.04801376789903696
giraph,MASZZ,202,0.999,0.25,-0.04435245461103271,0.44273668169043007,-0.04801376789903696
giraph,MASZZ,314,0.9,0.0,-0.044903747408301865,0.3133488436147203,0.023735121350280518
giraph,MASZZ,314,0.9,0.05,-0.044920340712144805,0.31906404424091733,0.023735121350280518
giraph,MASZZ,314,0.9,0.1,-0.0583022896396757,0.3120713356828266,0.023735121350280518
giraph,MASZZ,314,0.9,0.25,-0.060443681711973,0.3053873133988334,0.023735121350280518
giraph,MASZZ,314,0.95,0.0,-0.041251345254214145,0.34481377534882707,0.005746531855309648
giraph,MASZZ,314,0.95,0.05,-0.0418631179387642,0.3502288070879849,0.005746531855309648
giraph,MASZZ,314,0.95,0.1,-0.054263336472282035,0.34324321928660073,0.005746531855309648
giraph,MASZZ,314,0.95,0.25,-0.05637494120049746,0.331884160622033,0.005746531855309648
giraph,MASZZ,314,0.99,0.0,-0.03758163188090594,0.4063691907255748,-0.08571662059108878
giraph,MASZZ,314,0.99,0.05,-0.03875261329785929,0.41382423007772423,-0.08571662059108878
giraph,MASZZ,314,0.99,0.1,-0.04902441015272526,0.4080560964652914,-0.08571662059108878
giraph,MASZZ,314,0.99,0.25,-0.059871881573052066,0.3915872801025115,-0.08571662059108878
giraph,MASZZ,314,0.995,0.0,-0.036098559108188266,0.41976126735216324,-0.07016323872124863
giraph,MASZZ,314,0.995,0.05,-0.037285167238403895,0.42782586343688356,-0.07016323872124863
giraph,MASZZ,314,0.995,0.1,-0.04721439935502212,0.42242911575317976,-0.07016323872124863
giraph,MASZZ,314,0.995,0.25,-0.06063109529836363,0.40649665497908527,-0.07016323872124863
giraph,MASZZ,314,0.999,0.0,-0.026550669051713546,0.4411032835712887,-0.05507561371022234
giraph,MASZZ,314,0.999,0.05,-0.027310885938366655,0.4502232000061912,-0.05507561371022234
giraph,MASZZ,314,0.999,0.1,-0.03648654559006514,0.44573133631994233,-0.05507561371022234
giraph,MASZZ,314,0.999,0.25,-0.05035766603284971,0.432765972571619,-0.05507561371022234
giraph,MASZZ,999,0.9,0.0,-0.023421955674725773,0.31973208769762307,0.023735113675631716
giraph,MASZZ,999,0.9,0.05,-0.022313567366585914,0.32578157292666526,0.023735113675631716
giraph,MASZZ,999,0.9,0.1,-0.033875699469889296,0.31963916129826914,0.023735113675631716
giraph,MASZZ,999,0.9,0.25,-0.048618046986141555,0.3056429033501391,0.023735113675631716
giraph,MASZZ,999,0.95,0.0,-0.022604115706805074,0.3579754005510639,0.005701768736166207
giraph,MASZZ,999,0.95,0.05,-0.02223935018563045,0.36407969445791977,0.005701768736166207
giraph,MASZZ,999,0.95,0.1,-0.03325735440500162,0.35806469943366154,0.005701768736166207
giraph,MASZZ,999,0.95,0.25,-0.04967394235405495,0.33909813564761127,0.005701768736166207
giraph,MASZZ,999,0.99,0.0,-0.01511872904779512,0.4234600390054482,-0.09851392223747898
giraph,MASZZ,999,0.99,0.05,-0.015113348969747633,0.431810110312404,-0.09851392223747898
giraph,MASZZ,999,0.99,0.1,-0.023960646472334344,0.42710375756269786,-0.09851392223747898
giraph,MASZZ,999,0.99,0.25,-0.04643253351037603,0.4063007773407353,-0.09851392223747898
giraph,MASZZ,999,0.995,0.0,-0.005670889185211274,0.44341971848989764,-0.07776526113208003
giraph,MASZZ,999,0.995,0.05,-0.005264028316966761,0.4527232858312075,-0.07776526113208003
giraph,MASZZ,999,0.995,0.1,-0.013323340255243732,0.4487597242359524,-0.07776526113208003
giraph,MASZZ,999,0.995,0.25,-0.035582435343450285,0.4307648498562838,-0.07776526113208003
giraph,MASZZ,999,0.999,0.0,0.013356650965391934,0.47091937794363575,-0.03751805138051899
giraph,MASZZ,999,0.999,0.05,0.01468634360581917,0.4816007357297086,-0.03751805138051899
giraph,MASZZ,999,0.999,0.1,0.007918771190853094,0.47889268862982987,-0.03751805138051899
giraph,MASZZ,999,0.999,0.25,-0.0116697942494327,0.4659359953368959,-0.03751805138051899
giraph,LSZZ,7,0.9,0.0,-0.05904159669460427,0.2758483219531093,-0.033689198611362395
giraph,LSZZ,7,0.9,0.05,-0.0661435740587007,0.27641548019649365,-0.033689198611362395
giraph,LSZZ,7,0.9,0.1,-0.07029026325670938,0.2719600774025352,-0.033689198611362395
giraph,LSZZ,7,0.9,0.25,-0.0861714666483106,0.25533329790768416,-0.033689198611362395
giraph,LSZZ,7,0.95,0.0,-0.04982992756402508,0.33600759456946255,-0.10705753544082039
giraph,LSZZ,7,0.95,0.05,-0.05738527183697268,0.3363570284872876,-0.10705753544082039
giraph,LSZZ,7,0.95,0.1,-0.06378945717676876,0.3317626568958039,-0.10705753544082039
giraph,LSZZ,7,0.95,0.25,-0.07900820970878623,0.31484784486816764,-0.10705753544082039
giraph,LSZZ,7,0.99,0.0,-0.03167504441641843,0.4153374156659067,-0.10620734295019482
giraph,LSZZ,7,0.99,0.05,-0.0389807289299611,0.4176635414216483,-0.10620734295019482
giraph,LSZZ,7,0.99,0.1,-0.04796148106054244,0.41304066027682945,-0.10620734295019482
giraph,LSZZ,7,0.99,0.25,-0.0683540331553684,0.39280931763828475,-0.10620734295019482
giraph,LSZZ,7,0.995,0.0,-0.02970200013569212,0.42729183930223963,-0.07848717558399462
giraph,LSZZ,7,0.995,0.05,-0.03698035146347358,0.4300402018000112,-0.07848717558399462
giraph,LSZZ,7,0.995,0.1,-0.04637403342722496,0.42535695657129163,-0.07848717558399462
giraph,LSZZ,7,0.995,0.25,-0.06855549734379333,0.40562735079662826,-0.07848717558399462
giraph,LSZZ,7,0.999,0.0,-0.018093996487607844,0.4486538256341753,-0.06039965186561007
giraph,LSZZ,7,0.999,0.05,-0.0248226731013336,0.4523712358495755,-0.06039965186561007
giraph,LSZZ,7,0.999,0.1,-0.033959483442499154,0.4483050354388169,-0.06039965186561007
giraph,LSZZ,7,0.999,0.25,-0.05562891802154395,0.43184055648342795,-0.06039965186561007
giraph,LSZZ,13,0.9,0.0,-0.046578707478716855,0.28462235745932357,0.02158523977867836
giraph,LSZZ,13,0.9,0.05,-0.05302801483400121,0.2856490038464248,0.02158523977867836
giraph,LSZZ,13,0.9,0.1,-0.061069646151600064,0.28235077288090826,0.02158523977867836
giraph,LSZZ,13,0.9,0.25,-0.09411489557809594,0.2711919201378985,0.02158523977867836
giraph,LSZZ,13,0.95,0.0,-0.03661521909677735,0.3363549148426067,0.0012064207440361722
giraph,LSZZ,13,0.95,0.05,-0.0434785212804177,0.3367225376026661,0.0012064207440361722
giraph,LSZZ,13,0.95,0.1,-0.05248787759487726,0.33314804282453964,0.0012064207440361722
giraph,LSZZ,13,0.95,0.25,-0.08841666477915114,0.31427760329246207,0.0012064207440361722
giraph,LSZZ,13,0.99,0.0,-0.015750494212980082,0.4177858406176304,-0.08866753739560548
giraph,LSZZ,13,0.99,0.05,-0.02222222472584394,0.4202401881289487,-0.08866753739560548
giraph,LSZZ,13,0.99,0.1,-0.03207696003294789,0.41633980122678776,-0.08866753739560548
giraph,LSZZ,13,0.99,0.25,-0.06907352933335856,0.3877454422219444,-0.08866753739560548
giraph,LSZZ,13,0.995,0.0,-0.006380551228942872,0.4360040871853108,-0.07961487610026326
giraph,LSZZ,13,0.995,0.05,-0.012437579796021747,0.43920870206598644,-0.07961487610026326
giraph,LSZZ,13,0.995,0.1,-0.02206431603306396,0.43551839002461107,-0.07961487610026326
giraph,LSZZ,13,0.995,0.25,-0.057318338497801685,0.4090048303246945,-0.07961487610026326
giraph,LSZZ,13,0.999,0.0,0.01646299956116414,0.46548450863976204,-0.054456537678579775
giraph,LSZZ,13,0.999,0.05,0.011544040945004988,0.47008332619460697,-0.054456537678579775
giraph,LSZZ,13,0.999,0.1,0.002991955882995205,0.4674070566731262,-0.054456537678579775
giraph,LSZZ,13,0.999,0.25,-0.02760395509808604,0.44647256338621477,-0.054456537678579775
giraph,LSZZ,21,0.9,0.0,-0.07139914415138478,0.2630015665067137,-0.03547279561325567
giraph,LSZZ,21,0.9,0.05,-0.07914827487356696,0.262895952020985,-0.03547279561325567
giraph,LSZZ,21,0.9,0.1,-0.08168058821081542,0.2612396698312374,-0.03547279561325567
giraph,LSZZ,21,0.9,0.25,-0.09816218049175143,0.24478022948821004,-0.03547279561325567
giraph,LSZZ,21,0.95,0.0,-0.06145471094116322,0.32546880021951724,-0.11236581612865748
giraph,LSZZ,21,0.95,0.05,-0.0696188343934622,0.32526632720131016,-0.11236581612865748
giraph,LSZZ,21,0.95,0.1,-0.07514351676790934,0.32198236707152156,-0.11236581612865748
giraph,LSZZ,21,0.95,0.25,-0.09053750749711069,0.3050805096795086,-0.11236581612865748
giraph,LSZZ,21,0.99,0.0,-0.0447440589092435,0.40581329469233246,-0.11432802381699365
giraph,LSZZ,21,0.99,0.05,-0.05273415565308375,0.40764065102053054,-0.11432802381699365
giraph,LSZZ,21,0.99,0.1,-0.061568701695856834,0.40346216746488406,-0.11432802381699365
giraph,LSZZ,21,0.99,0.25,-0.08150413760861207,0.3835358071303793,-0.11432802381699365
giraph,LSZZ,21,0.995,0.0,-0.04243234402047144,0.41887760683585507,-0.08757360017109582
giraph,LSZZ,21,0.995,0.05,-0.05037737171129619,0.42118532374311785,-0.08757360017109582
giraph,LSZZ,21,0.995,0.1,-0.059683834195234126,0.41691410641162285,-0.08757360017109582
giraph,LSZZ,21,0.995,0.25,-0.08128238336242996,0.39780200785790654,-0.08757360017109582
giraph,LSZZ,21,0.999,0.0,-0.030865407995743943,0.4412605464782629,-0.06967255251331628
giraph,LSZZ,21,0.999,0.05,-0.03826291164605539,0.44459077748599696,-0.06967255251331628
giraph,LSZZ,21,0.999,0.1,-0.047376138944134547,0.4409210183511814,-0.06967255251331628
giraph,LSZZ,21,0.999,0.25,-0.0684935635143031,0.4253364617022368,-0.06967255251331628
giraph,LSZZ,42,0.9,0.0,-0.07205008809639843,0.27557154974087134,0.023824026182168865
giraph,LSZZ,42,0.9,0.05,-0.07983330815235938,0.2761242136788766,0.023824026182168865
giraph,LSZZ,42,0.9,0.1,-0.08240347859185689,0.27519896700180196,0.023824026182168865
giraph,LSZZ,42,0.9,0.25,-0.09903010575176964,0.26154020713375353,0.023824026182168865
giraph,LSZZ,42,0.95,0.0,-0.06272625460039803,0.3280058485362349,0.0031638440617677024
giraph,LSZZ,42,0.95,0.05,-0.07095696762088638,0.3279362383974569,0.0031638440617677024
giraph,LSZZ,42,0.95,0.1,-0.07655559946316483,0.3247998259916659,0.0031638440617677024
giraph,LSZZ,42,0.95,0.25,-0.09223289904275712,0.3084632407684656,0.0031638440617677024
giraph,LSZZ,42,0.99,0.0,-0.04558053874188523,0.4021892833811858,-0.09193181741260802
giraph,LSZZ,42,0.99,0.05,-0.05361444116274661,0.4038268535808699,-0.09193181741260802
giraph,LSZZ,42,0.99,0.1,-0.06249763456263264,0.39943760753513696,-0.09193181741260802
giraph,LSZZ,42,0.99,0.25,-0.08261944405213435,0.3787037920488504,-0.09193181741260802
giraph,LSZZ,42,0.995,0.0,-0.04013789806138814,0.4184216534711009,-0.08461279740821712
giraph,LSZZ,42,0.995,0.05,-0.047962767734405554,0.4207054925213566,-0.08461279740821712
giraph,LSZZ,42,0.995,0.1,-0.057135791577515305,0.41640775820129056,-0.08461279740821712
giraph,LSZZ,42,0.995,0.25,-0.07822312208365224,0.39719407003823437,-0.08461279740821712
giraph,LSZZ,42,0.999,0.0,-0.025620359094069747,0.44405147042779886,-0.06757469950588
giraph,LSZZ,42,0.999,0.05,-0.03274318437297182,0.4475278595476033,-0.06757469950588
giraph,LSZZ,42,0.999,0.1,-0.04155137411122267,0.44402041284250815,-0.06757469950588
giraph,LSZZ,42,0.999,0.25,-0.061500164978737476,0.4290576936349514,-0.06757469950588
giraph,LSZZ,77,0.9,0.0,-0.051404397684935745,0.28924912504436473,0.026123628299072783
giraph,LSZZ,77,0.9,0.05,-0.058106421983687914,0.2905180709808073,0.026123628299072783
giraph,LSZZ,77,0.9,0.1,-0.0653665129479924,0.28829646540076653,0.026123628299072783
giraph,LSZZ,77,0.9,0.25,-0.07529515922744014,0.291716194876088,0.026123628299072783
giraph,LSZZ,77,0.95,0.0,-0.04449446530949841,0.3367417917587649,0.008694513783902602
giraph,LSZZ,77,0.95,0.05,-0.051770396347171545,0.3371296749059548,0.008694513783902602
giraph,LSZZ,77,0.95,0.1,-0.060701158590650235,0.33396231667086496,0.008694513783902602
giraph,LSZZ,77,0.95,0.25,-0.0698503567316112,0.33019225791369455,0.008694513783902602
giraph,LSZZ,77,0.99,0.0,-0.03352864660708094,0.4086392222014418,-0.07783858422344586
giraph,LSZZ,77,0.99,0.05,-0.04093140255704235,0.4106145697458275,-0.07783858422344586
giraph,LSZZ,77,0.99,0.1,-0.051635362685386044,0.4063070728826281,-0.07783858422344586
giraph,LSZZ,77,0.99,0.25,-0.06350772188559035,0.39122976789761926,-0.07783858422344586
giraph,LSZZ,77,0.995,0.0,-0.03282976609522774,0.4201173642922542,-0.06711332740208976
giraph,LSZZ,77,0.995,0.05,-0.04027191564034148,0.4224900061535927,-0.06711332740208976
giraph,LSZZ,77,0.995,0.1,-0.051285394894987825,0.4179771955243532,-0.06711332740208976
giraph,LSZZ,77,0.995,0.25,-0.06468128067306535,0.40263369433815044,-0.06711332740208976
giraph,LSZZ,77,0.999,0.0,-0.024811055615385196,0.43899040903689956,-0.05790321124985011
giraph,LSZZ,77,0.999,0.05,-0.031891498417847434,0.4422017550414698,-0.05790321124985011
giraph,LSZZ,77,0.999,0.1,-0.04271644097169113,0.43806939630718494,-0.05790321124985011
giraph,LSZZ,77,0.999,0.25,-0.05619828041466064,0.4250272117463828,-0.05790321124985011
giraph,LSZZ,101,0.9,0.0,-0.04185987068694127,0.3071779095736973,0.023824026048553118
giraph,LSZZ,101,0.9,0.05,-0.04806205691347927,0.3093857694131722,0.023824026048553118
giraph,LSZZ,101,0.9,0.1,-0.05476706454495643,0.3082068524307095,0.023824026048553118
giraph,LSZZ,101,0.9,0.25,-0.05280387239368869,0.3143479925608482,0.023824026048553118
giraph,LSZZ,101,0.95,0.0,-0.039118789198541205,0.35148593116060883,0.0031644756066343425
giraph,LSZZ,101,0.95,0.05,-0.04611320103838368,0.3526459512839552,0.0031644756066343425
giraph,LSZZ,101,0.95,0.1,-0.05473132880427144,0.35033607148028106,0.0031644756066343425
giraph,LSZZ,101,0.95,0.25,-0.04663553494696901,0.3533734393447753,0.0031644756066343425
giraph,LSZZ,101,0.99,0.0,-0.03999167927308256,0.4102937988332396,-0.08297073241026577
giraph,LSZZ,101,0.99,0.05,-0.04773289828036573,0.41235579502916575,-0.08297073241026577
giraph,LSZZ,101,0.99,0.1,-0.058812730540787846,0.4081445237737298,-0.08297073241026577
giraph,LSZZ,101,0.99,0.25,-0.05245519230207126,0.4038902376894358,-0.08297073241026577
giraph,LSZZ,101,0.995,0.0,-0.04224583219670701,0.4195080840611389,-0.06891882879348916
giraph,LSZZ,101,0.995,0.05,-0.05018109243541443,0.42184881847895267,-0.06891882879348916
giraph,LSZZ,101,0.995,0.1,-0.06174218409189376,0.41730057379400937,-0.06891882879348916
giraph,LSZZ,101,0.995,0.25,-0.0588776124758207,0.41185030398551664,-0.06891882879348916
giraph,LSZZ,101,0.999,0.0,-0.04053693156868357,0.4335459102337701,-0.058878373424427845
giraph,LSZZ,101,0.999,0.05,-0.048440923984660184,0.4364721328596229,-0.058878373424427845
giraph,LSZZ,101,0.999,0.1,-0.060180440056669844,0.43202313711002543,-0.058878373424427845
giraph,LSZZ,101,0.999,0.25,-0.0602127971718234,0.42714448406689604,-0.058878373424427845
giraph,LSZZ,123,0.9,0.0,-0.029523084099374867,0.3080114737216873,0.02382395376424386
giraph,LSZZ,123,0.9,0.05,-0.03520847293338172,0.3100231466741443,0.02382395376424386
giraph,LSZZ,123,0.9,0.1,-0.04489404827998951,0.3028548198392889,0.02382395376424386
giraph,LSZZ,123,0.9,0.25,-0.053408062314386946,0.3087052084225425,0.02382395376424386
giraph,LSZZ,123,0.95,0.0,-0.023949455126683283,0.35824842048769195,0.0031286650362041257
giraph,LSZZ,123,0.95,0.05,-0.03021127973866339,0.35966815307812755,0.0031286650362041257
giraph,LSZZ,123,0.95,0.1,-0.040948352703344695,0.35309133556181066,0.0031286650362041257
giraph,LSZZ,123,0.95,0.25,-0.0541208096348907,0.3473426439715133,0.0031286650362041257
giraph,LSZZ,123,0.99,0.0,-0.010463400162416703,0.42774127259959116,-0.08711271134691992
giraph,LSZZ,123,0.99,0.05,-0.01668600666068724,0.4306827248131957,-0.08711271134691992
giraph,LSZZ,123,0.99,0.1,-0.027927501161530317,0.4247967568803161,-0.08711271134691992
giraph,LSZZ,123,0.99,0.25,-0.05459706967552228,0.4033292162957949,-0.08711271134691992
giraph,LSZZ,123,0.995,0.0,-0.002541777851173927,0.44475767271229666,-0.07224347360415663
giraph,LSZZ,123,0.995,0.05,-0.00842271014255984,0.44839092804747127,-0.07224347360415663
giraph,LSZZ,123,0.995,0.1,-0.019401049911044365,0.44289964877720417,-0.07224347360415663
giraph,LSZZ,123,0.995,0.25,-0.04729968610294717,0.4223838386183071,-0.07224347360415663
giraph,LSZZ,123,0.999,0.0,0.016651948247480276,0.4715026294721702,-0.0434296762008473
giraph,LSZZ,123,0.999,0.05,0.011720011761764175,0.476390038067602,-0.0434296762008473
giraph,LSZZ,123,0.999,0.1,0.0016989543940597572,0.4719549842817523,-0.0434296762008473
giraph,LSZZ,123,0.999,0.25,-0.024463162968287544,0.45551967662409126,-0.0434296762008473
giraph,LSZZ,202,0.9,0.0,-0.03772484381187027,0.31011437874436604,0.023823953731393278
giraph,LSZZ,202,0.9,0.05,-0.04371048249632227,0.31247601876484865,0.023823953731393278
giraph,LSZZ,202,0.9,0.1,-0.050043749995313906,0.31148774268207446,0.023823953731393278
giraph,LSZZ,202,0.9,0.25,-0.0577553412350164,0.32001038216841315,0.023823953731393278
giraph,LSZZ,202,0.95,0.0,-0.03193134416300974,0.3586486921619714,0.0031280405937861486
giraph,LSZZ,202,0.95,0.05,-0.03854935613814857,0.36018381946992784,0.0031280405937861486
giraph,LSZZ,202,0.95,0.1,-0.047003498662440066,0.3573644840104007,0.0031280405937861486
giraph,LSZZ,202,0.95,0.25,-0.058992960974173635,0.3538151401597968,0.0031280405937861486
giraph,LSZZ,202,0.99,0.0,-0.01844658933776116,0.42427613405168285,-0.08420371451277306
giraph,LSZZ,202,0.99,0.05,-0.025059511864640976,0.42707037224159233,-0.08420371451277306
giraph,LSZZ,202,0.99,0.1,-0.034996544019998486,0.4230636972213076,-0.08420371451277306
giraph,LSZZ,202,0.99,0.25,-0.059395889183872015,0.4039065924610142,-0.08420371451277306
giraph,LSZZ,202,0.995,0.0,-0.01307044427887562,0.43901174438254914,-0.068402261176422
giraph,LSZZ,202,0.995,0.05,-0.019477816372260204,0.442373867495499,-0.068402261176422
giraph,LSZZ,202,0.995,0.1,-0.029427700928114628,0.4384423741981094,-0.068402261176422
giraph,LSZZ,202,0.995,0.25,-0.05546712721683688,0.41995527886813805,-0.068402261176422
giraph,LSZZ,202,0.999,0.0,0.0021801630786350184,0.4628349558962955,-0.04637450677985774
giraph,LSZZ,202,0.999,0.05,-0.0034867745054371273,0.4672950188186895,-0.04637450677985774
giraph,LSZZ,202,0.999,0.1,-0.012810358349204742,0.4641037687308948,-0.04637450677985774
giraph,LSZZ,202,0.999,0.25,-0.037903912274269196,0.4492160207677315,-0.04637450677985774
giraph,LSZZ,314,0.9,0.0,0.00024576382763762876,0.3499599958201912,0.02175235867367743
giraph,LSZZ,314,0.9,0.05,-0.0037513891699573476,0.3544083140416521,0.02175235867367743
giraph,LSZZ,314,0.9,0.1,-0.015337484829389948,0.3492929821463203,0.02175235867367743
giraph,LSZZ,314,0.9,0.25,-0.03111345320454926,0.3483603173182648,0.02175235867367743
giraph,LSZZ,314,0.95,0.0,0.005538037769213201,0.3935915776348436,0.006905482613976137
giraph,LSZZ,314,0.95,0.05,0.0008822627531184684,0.3969566316134492,0.006905482613976137
giraph,LSZZ,314,0.95,0.1,-0.010586385508071465,0.39271746460752743,0.006905482613976137
giraph,LSZZ,314,0.95,0.25,-0.029235551642990205,0.38402427414081636,0.006905482613976137
giraph,LSZZ,314,0.99,0.0,0.01395664112691349,0.4505652502897049,-0.048311729999030946
giraph,LSZZ,314,0.99,0.05,0.009040645881226106,0.45473622524020907,-0.048311729999030946
giraph,LSZZ,314,0.99,0.1,-0.0018580687095479033,0.4505486858010752,-0.048311729999030946
giraph,LSZZ,314,0.99,0.25,-0.03182552673702408,0.42964718044811523,-0.048311729999030946
giraph,LSZZ,314,0.995,0.0,0.018844380644699017,0.46265095961399877,-0.0358524829261501
giraph,LSZZ,314,0.995,0.05,0.014108358484967961,0.46725104661687494,-0.0358524829261501
giraph,LSZZ,314,0.995,0.1,0.003468956154836655,0.46315132012988636,-0.0358524829261501
giraph,LSZZ,314,0.995,0.25,-0.02780424279658111,0.4427684311499948,-0.0358524829261501
giraph,LSZZ,314,0.999,0.0,0.0359357592230536,0.48528751385428753,-0.017696737012725325
giraph,LSZZ,314,0.999,0.05,0.03203657106300337,0.49092339652011757,-0.017696737012725325
giraph,LSZZ,314,0.999,0.1,0.022363126481891347,0.4876212314088251,-0.017696737012725325
giraph,LSZZ,314,0.999,0.25,-0.007108339479430526,0.47091075162689155,-0.017696737012725325
giraph,LSZZ,999,0.9,0.0,-0.03954001987795541,0.294520659757681,0.023698641025772613
giraph,LSZZ,999,0.9,0.05,-0.04562071765813756,0.2960656711030503,0.023698641025772613
giraph,LSZZ,999,0.9,0.1,-0.05555945140147627,0.2895352590480558,0.023698641025772613
giraph,LSZZ,999,0.9,0.25,-0.071616120965489,0.29402682890489923,0.023698641025772613
giraph,LSZZ,999,0.95,0.0,-0.03651240561790055,0.3414448808627685,0.006694030337985608
giraph,LSZZ,999,0.95,0.05,-0.043370323554517455,0.3420790604468265,0.006694030337985608
giraph,LSZZ,999,0.95,0.1,-0.05410012828335335,0.33635921719434136,0.006694030337985608
giraph,LSZZ,999,0.95,0.25,-0.06895257101943093,0.3338457179208603,0.006694030337985608
giraph,LSZZ,999,0.99,0.0,-0.028788502514535873,0.4118596373557956,-0.0816226798333676
giraph,LSZZ,999,0.99,0.05,-0.03594302149206973,0.41400363507035953,-0.0816226798333676
giraph,LSZZ,999,0.99,0.1,-0.04760524412765795,0.40843122457363035,-0.0816226798333676
giraph,LSZZ,999,0.99,0.25,-0.06169381565154824,0.3929669564945313,-0.0816226798333676
giraph,LSZZ,999,0.995,0.0,-0.02590866187742241,0.4245258165106031,-0.07162003868352597
giraph,LSZZ,999,0.995,0.05,-0.03298835958070596,0.4271293249469673,-0.07162003868352597
giraph,LSZZ,999,0.995,0.1,-0.04470937770627159,0.42158261241994965,-0.07162003868352597
giraph,LSZZ,999,0.995,0.25,-0.059319176332429585,0.4057614231537191,-0.07162003868352597
giraph,LSZZ,999,0.999,0.0,-0.015012426112389362,0.4442299816152652,-0.057693325611748426
giraph,LSZZ,999,0.999,0.05,-0.021579723728909168,0.4477157192012463,-0.057693325611748426
giraph,LSZZ,999,0.999,0.1,-0.032850034880025365,0.44272228653036244,-0.057693325611748426
giraph,LSZZ,999,0.999,0.25,-0.04653816193374155,0.42913957483789716,-0.057693325611748426
giraph,RSZZ,7,0.9,0.0,-0.047350124985914156,0.341755073130216,-0.03182894207953816
giraph,RSZZ,7,0.9,0.05,-0.05510578980456745,0.34365221527584927,-0.03182894207953816
giraph,RSZZ,7,0.9,0.1,-0.06608387092340427,0.33091374650356076,-0.03182894207953816
giraph,RSZZ,7,0.9,0.25,-0.0876737809758521,0.3214955249976796,-0.03182894207953816
giraph,RSZZ,7,0.95,0.0,-0.04826480917945883,0.3734953921327499,-0.09183450154693246
giraph,RSZZ,7,0.95,0.05,-0.056460299547897205,0.3747899745633835,-0.09183450154693246
giraph,RSZZ,7,0.95,0.1,-0.0675161008692629,0.36422802786242586,-0.09183450154693246
giraph,RSZZ,7,0.95,0.25,-0.08933776369203811,0.34979894587573235,-0.09183450154693246
giraph,RSZZ,7,0.99,0.0,-0.03900336654982677,0.4223234770493037,-0.08592035407820506
giraph,RSZZ,7,0.99,0.05,-0.047098623228665246,0.4245530403328625,-0.08592035407820506
giraph,RSZZ,7,0.99,0.1,-0.05914243861780884,0.4155629397913195,-0.08592035407820506
giraph,RSZZ,7,0.99,0.25,-0.08927823636209978,0.39073125353099725,-0.08592035407820506
giraph,RSZZ,7,0.995,0.0,-0.03035129286332282,0.4348968407091505,-0.08686840994224353
giraph,RSZZ,7,0.995,0.05,-0.03803936623166551,0.437629074520184,-0.08686840994224353
giraph,RSZZ,7,0.995,0.1,-0.04987311830189948,0.42905141390328355,-0.08686840994224353
giraph,RSZZ,7,0.995,0.25,-0.0808556141533058,0.4042456849742257,-0.08686840994224353
giraph,RSZZ,7,0.999,0.0,-0.0072375291496498025,0.45982596829199235,-0.07804703034516505
giraph,RSZZ,7,0.999,0.05,-0.013750748755178782,0.46374944856504285,-0.07804703034516505
giraph,RSZZ,7,0.999,0.1,-0.0244808029293755,0.45634458164685937,-0.07804703034516505
giraph,RSZZ,7,0.999,0.25,-0.05271859825264738,0.43507410263091933,-0.07804703034516505
giraph,RSZZ,13,0.9,0.0,-0.07625125454826473,0.31769787925018317,-0.031829809184376834
giraph,RSZZ,13,0.9,0.05,-0.0788959109749668,0.3210622473529649,-0.031829809184376834
giraph,RSZZ,13,0.9,0.1,-0.08967851189833936,0.31428152381163543,-0.031829809184376834
giraph,RSZZ,13,0.9,0.25,-0.09925619401439542,0.31131660267342004,-0.031829809184376834
giraph,RSZZ,13,0.95,0.0,-0.07463983271365364,0.3511385667115889,-0.0919891800941059
giraph,RSZZ,13,0.95,0.05,-0.08010704874249501,0.35320715736591507,-0.0919891800941059
giraph,RSZZ,13,0.95,0.1,-0.09026265208124815,0.34745838905748133,-0.0919891800941059
giraph,RSZZ,13,0.95,0.25,-0.10176912784326636,0.3390324276698346,-0.0919891800941059
giraph,RSZZ,13,0.99,0.0,-0.06436351241722575,0.40264906713507687,-0.09016834462221021
giraph,RSZZ,13,0.99,0.05,-0.07127836809537796,0.4052912411670924,-0.09016834462221021
giraph,RSZZ,13,0.99,0.1,-0.08143919260961045,0.3997405324989503,-0.09016834462221021
giraph,RSZZ,13,0.99,0.25,-0.10237670873620211,0.3800042012713527,-0.09016834462221021
giraph,RSZZ,13,0.995,0.0,-0.06046856194093169,0.4123806885769815,-0.09462843761375354
giraph,RSZZ,13,0.995,0.05,-0.0673856283500449,0.415320778049914,-0.09462843761375354
giraph,RSZZ,13,0.995,0.1,-0.07751097234601556,0.40978253281149923,-0.09462843761375354
giraph,RSZZ,13,0.995,0.25,-0.10008254778342392,0.38945785490427964,-0.09462843761375354
giraph,RSZZ,13,0.999,0.0,-0.045448157880715045,0.43261699528283587,-0.09603789903159075
giraph,RSZZ,13,0.999,0.05,-0.05173612776296636,0.4364587087510062,-0.09603789903159075
giraph,RSZZ,13,0.999,0.1,-0.06115710829530459,0.43163025552272544,-0.09603789903159075
giraph,RSZZ,13,0.999,0.25,-0.08256009196886893,0.41392039865060254,-0.09603789903159075
giraph,RSZZ,21,0.9,0.0,-0.03725225588734421,0.3383100844568095,-0.03184232897202988
giraph,RSZZ,21,0.9,0.05,-0.043342414316232244,0.3419084676971407,-0.03184232897202988
giraph,RSZZ,21,0.9,0.1,-0.05296311772869123,0.3373385585161611,-0.03184232897202988
giraph,RSZZ,21,0.9,0.25,-0.07714655632654627,0.3321633803991175,-0.03184232897202988
giraph,RSZZ,21,0.95,0.0,-0.036906808485597326,0.37184421446102667,-0.09239000470624882
giraph,RSZZ,21,0.95,0.05,-0.04384719773732108,0.3739759462370983,-0.09239000470624882
giraph,RSZZ,21,0.95,0.1,-0.054455421799666635,0.3697944673108036,-0.09239000470624882
giraph,RSZZ,21,0.95,0.25,-0.08162501389559994,0.35649675459316393,-0.09239000470624882
giraph,RSZZ,21,0.99,0.0,-0.024405449233519762,0.42588337096768963,-0.08697157435303489
giraph,RSZZ,21,0.99,0.05,-0.031358187977409156,0.4287275265871047,-0.08697157435303489
giraph,RSZZ,21,0.99,0.1,-0.0429655129794145,0.42367573385622037,-0.08697157435303489
giraph,RSZZ,21,0.99,0.25,-0.07756928827424323,0.39852471167655146,-0.08697157435303489
giraph,RSZZ,21,0.995,0.0,-0.015257258841376183,0.4401367631304938,-0.08303872849363551
giraph,RSZZ,21,0.995,0.05,-0.02180408913973028,0.4435280256945516,-0.08303872849363551
giraph,RSZZ,21,0.995,0.1,-0.033139912662166496,0.4385781566774027,-0.08303872849363551
giraph,RSZZ,21,0.995,0.25,-0.06749065273587143,0.4144690673933974,-0.08303872849363551
giraph,RSZZ,21,0.999,0.0,0.008339947011926667,0.46706354656700494,-0.06577163313228344
giraph,RSZZ,21,0.999,0.05,0.002972718690932199,0.47171848448660514,-0.06577163313228344
giraph,RSZZ,21,0.999,0.1,-0.007196382394865511,0.46773224611643216,-0.06577163313228344
giraph,RSZZ,21,0.999,0.25,-0.03787162987117218,0.4483195894670594,-0.06577163313228344
giraph,RSZZ,42,0.9,0.0,-0.03591344124449401,0.34683611783417106,-0.036134445844217426
giraph,RSZZ,42,0.9,0.05,-0.04193348718585124,0.35088100157556124,-0.036134445844217426
giraph,RSZZ,42,0.9,0.1,-0.053349243737908836,0.3442460946805787,-0.036134445844217426
giraph,RSZZ,42,0.9,0.25,-0.0683956433897626,0.3429388210873119,-0.036134445844217426
giraph,RSZZ,42,0.95,0.0,-0.038482891102279704,0.37703630334243066,-0.1020784853361424
giraph,RSZZ,42,0.95,0.05,-0.04550581834639828,0.37943994002251596,-0.1020784853361424
giraph,RSZZ,42,0.95,0.1,-0.05777131070650753,0.3735726938730918,-0.1020784853361424
giraph,RSZZ,42,0.95,0.25,-0.07497371788481247,0.3649894950018256,-0.1020784853361424
giraph,RSZZ,42,0.99,0.0,-0.029845465343292493,0.4253673147453685,-0.09509220574685187
giraph,RSZZ,42,0.99,0.05,-0.037083092711384456,0.42818444497658226,-0.09509220574685187
giraph,RSZZ,42,0.99,0.1,-0.04998489854719918,0.4219648385066358,-0.09509220574685187
giraph,RSZZ,42,0.99,0.25,-0.07762352467577975,0.3998776921434079,-0.09509220574685187
giraph,RSZZ,42,0.995,0.0,-0.022149229285614778,0.43782248498489673,-0.0897286795403881
giraph,RSZZ,42,0.995,0.05,-0.029056985716958944,0.4410925509378384,-0.0897286795403881
giraph,RSZZ,42,0.995,0.1,-0.04168706345984279,0.4349855044709676,-0.0897286795403881
giraph,RSZZ,42,0.995,0.25,-0.07033558374597622,0.41292316131483997,-0.0897286795403881
giraph,RSZZ,42,0.999,0.0,-0.0012830690026227572,0.4616678476748215,-0.0735333991137078
giraph,RSZZ,42,0.999,0.05,-0.00715424579320709,0.46604021782201305,-0.0735333991137078
giraph,RSZZ,42,0.999,0.1,-0.01871003467215199,0.46080762794403285,-0.0735333991137078
giraph,RSZZ,42,0.999,0.25,-0.04511383801242043,0.4421912265256055,-0.0735333991137078
giraph,RSZZ,77,0.9,0.0,-0.08795469550166997,0.3134046295187564,-0.031843194803868186
giraph,RSZZ,77,0.9,0.05,-0.09121225033241567,0.31654416409445596,-0.031843194803868186
giraph,RSZZ,77,0.9,0.1,-0.09895286710258563,0.3114924185777582,-0.031843194803868186
giraph,RSZZ,77,0.9,0.25,-0.0988742996309337,0.3143537125395299,-0.031843194803868186
giraph,RSZZ,77,0.95,0.0,-0.0869352705195757,0.3454989564796286,-0.09254136948199465
giraph,RSZZ,77,0.95,0.05,-0.0930463872813955,0.3472722059497375,-0.09254136948199465
giraph,RSZZ,77,0.95,0.1,-0.10191775659608737,0.34197236151428706,-0.09254136948199465
giraph,RSZZ,77,0.95,0.25,-0.10251234343004477,0.3389802172437153,-0.09254136948199465
giraph,RSZZ,77,0.99,0.0,-0.08129912943497034,0.39205151438076796,-0.09355349248515117
giraph,RSZZ,77,0.99,0.05,-0.08910088774996204,0.39413870435333104,-0.09355349248515117
giraph,RSZZ,77,0.99,0.1,-0.09959493229667792,0.3881131434242597,-0.09355349248515117
giraph,RSZZ,77,0.99,0.25,-0.11090224913944947,0.37362176318612605,-0.09355349248515117
giraph,RSZZ,77,0.995,0.0,-0.07995846971752676,0.40075403526915193,-0.09982936105622424
giraph,RSZZ,77,0.995,0.05,-0.08789620461369359,0.40308524763618825,-0.09982936105622424
giraph,RSZZ,77,0.995,0.1,-0.09864111625535585,0.39695890385113025,-0.09982936105622424
giraph,RSZZ,77,0.995,0.25,-0.11284846043860634,0.38159441786623577,-0.09982936105622424
giraph,RSZZ,77,0.999,0.0,-0.06886897854938188,0.41979092795016326,-0.10658669827007484
giraph,RSZZ,77,0.999,0.05,-0.07638347519981774,0.4229609521066474,-0.10658669827007484
giraph,RSZZ,77,0.999,0.1,-0.08675244835646884,0.41743810674315646,-0.10658669827007484
giraph,RSZZ,77,0.999,0.25,-0.10146680645139079,0.404208365454508,-0.10658669827007484
giraph,RSZZ,101,0.9,0.0,-0.03780603004290363,0.3451819144487906,-0.031844149428189875
giraph,RSZZ,101,0.9,0.05,-0.04392518911335464,0.34914016908521067,-0.031844149428189875
giraph,RSZZ,101,0.9,0.1,-0.05519545497292186,0.34266796845149006,-0.031844149428189875
giraph,RSZZ,101,0.9,0.25,-0.07288647194859581,0.3405110386768399,-0.031844149428189875
giraph,RSZZ,101,0.95,0.0,-0.040110759567158545,0.37655869906978934,-0.09261999550788047
giraph,RSZZ,101,0.95,0.05,-0.04721893678075955,0.37893732405479863,-0.09261999550788047
giraph,RSZZ,101,0.95,0.1,-0.059295249203743655,0.37336818537682415,-0.09261999550788047
giraph,RSZZ,101,0.95,0.25,-0.07984306064382256,0.363197959986189,-0.09261999550788047
giraph,RSZZ,101,0.99,0.0,-0.028912781972112146,0.42721796059364603,-0.09216437265422639
giraph,RSZZ,101,0.99,0.05,-0.036101565572636066,0.4301320074403556,-0.09216437265422639
giraph,RSZZ,101,0.99,0.1,-0.04875242358261195,0.4242426849040556,-0.09216437265422639
giraph,RSZZ,101,0.99,0.25,-0.08090668874621705,0.400820460582899,-0.09216437265422639
giraph,RSZZ,101,0.995,0.0,-0.019595035336887192,0.4411821586864982,-0.08877239833872712
giraph,RSZZ,101,0.995,0.05,-0.026369030987874055,0.4446281676512445,-0.08877239833872712
giraph,RSZZ,101,0.995,0.1,-0.038670287399839305,0.43891806527031224,-0.08877239833872712
giraph,RSZZ,101,0.995,0.25,-0.07162427112407442,0.41607434627238155,-0.08877239833872712
giraph,RSZZ,101,0.999,0.0,0.003738926331842753,0.46709290040239554,-0.07116109042998098
giraph,RSZZ,101,0.999,0.05,-0.0018692531968368977,0.4717493755552705,-0.07116109042998098
giraph,RSZZ,101,0.999,0.1,-0.012965717103928005,0.4670169750598629,-0.07116109042998098
giraph,RSZZ,101,0.999,0.25,-0.043169846380495376,0.44825325816750383,-0.07116109042998098
giraph,RSZZ,123,0.9,0.0,-0.055845732395668514,0.3240556754982577,-0.031849445286196196
giraph,RSZZ,123,0.9,0.05,-0.06026506968970154,0.3254968236605065,-0.031849445286196196
giraph,RSZZ,123,0.9,0.1,-0.07172240346962802,0.3119388764644313,-0.031849445286196196
giraph,RSZZ,123,0.9,0.25,-0.0969011719741122,0.29878688096679595,-0.031849445286196196
giraph,RSZZ,123,0.95,0.0,-0.058179000615802376,0.3583973029587307,-0.09280296760157912
giraph,RSZZ,123,0.95,0.05,-0.06414947515476135,0.35963761966223495,-0.09280296760157912
giraph,RSZZ,123,0.95,0.1,-0.0753991439950055,0.3476619370412868,-0.09280296760157912
giraph,RSZZ,123,0.95,0.25,-0.10078059401178945,0.32986402539295057,-0.09280296760157912
giraph,RSZZ,123,0.99,0.0,-0.051577749652232635,0.40995298693282434,-0.10557761667990413
giraph,RSZZ,123,0.99,0.05,-0.05849239940252481,0.412385403222602,-0.10557761667990413
giraph,RSZZ,123,0.99,0.1,-0.06968873325567067,0.4027988500004806,-0.10557761667990413
giraph,RSZZ,123,0.99,0.25,-0.10114300656721154,0.37610967252232735,-0.10557761667990413
giraph,RSZZ,123,0.995,0.0,-0.039987024541992586,0.42558007416516647,-0.11212514296854577
giraph,RSZZ,123,0.995,0.05,-0.04644304460927026,0.4286762884844129,-0.11212514296854577
giraph,RSZZ,123,0.995,0.1,-0.05708785154960237,0.4198464174151414,-0.11212514296854577
giraph,RSZZ,123,0.995,0.25,-0.08790041001679962,0.39411479727624327,-0.11212514296854577
giraph,RSZZ,123,0.999,0.0,-0.013333841071177062,0.4530066071307291,-0.09579605245799523
giraph,RSZZ,123,0.999,0.05,-0.0185090489865527,0.4574235866720985,-0.09579605245799523
giraph,RSZZ,123,0.999,0.1,-0.027715064125980973,0.4500520504958431,-0.09579605245799523
giraph,RSZZ,123,0.999,0.25,-0.05424059808720694,0.4286432886023417,-0.09579605245799523
giraph,RSZZ,202,0.9,0.0,-0.059014290215827915,0.34355916148865795,-0.03184319522778472
giraph,RSZZ,202,0.9,0.05,-0.06075626272487118,0.3482778610802376,-0.03184319522778472
giraph,RSZZ,202,0.9,0.1,-0.06660446842066942,0.3440644306504572,-0.03184319522778472
giraph,RSZZ,202,0.9,0.25,-0.07559794674477041,0.3405233988326789,-0.03184319522778472
giraph,RSZZ,202,0.95,0.0,-0.0638869949516778,0.37000837872484266,-0.09254420483932008
giraph,RSZZ,202,0.95,0.05,-0.06879109478849547,0.37306516402325446,-0.09254420483932008
giraph,RSZZ,202,0.95,0.1,-0.07586603797258117,0.36897609509658824,-0.09254420483932008
giraph,RSZZ,202,0.95,0.25,-0.08057125789060894,0.3637078144051769,-0.09254420483932008
giraph,RSZZ,202,0.99,0.0,-0.0633563028128911,0.40685410530814525,-0.09088000829912528
giraph,RSZZ,202,0.99,0.05,-0.07021841185340985,0.409716493309324,-0.09088000829912528
giraph,RSZZ,202,0.99,0.1,-0.07922771936177929,0.4046245242779261,-0.09088000829912528
giraph,RSZZ,202,0.99,0.25,-0.09188205190441244,0.3903292233451876,-0.09088000829912528
giraph,RSZZ,202,0.995,0.0,-0.06148466851127827,0.4155257713151223,-0.0900456681893733
giraph,RSZZ,202,0.995,0.05,-0.06845494748392583,0.4186305658691047,-0.0900456681893733
giraph,RSZZ,202,0.995,0.1,-0.07770162664546885,0.41345403177310125,-0.0900456681893733
giraph,RSZZ,202,0.995,0.25,-0.0929777647521063,0.39853447255591445,-0.0900456681893733
giraph,RSZZ,202,0.999,0.0,-0.05061110760631664,0.43402064892290215,-0.0878940366089419
giraph,RSZZ,202,0.999,0.05,-0.05716945640187876,0.4379358704370609,-0.0878940366089419
giraph,RSZZ,202,0.999,0.1,-0.0660690055264658,0.43334311662406066,-0.0878940366089419
giraph,RSZZ,202,0.999,0.25,-0.08173592656006799,0.42061404450949663,-0.0878940366089419
giraph,RSZZ,314,0.9,0.0,-0.046470527332840905,0.33621192051957954,-0.036126332588267404
giraph,RSZZ,314,0.9,0.05,-0.05337887895337995,0.3391201671392472,-0.036126332588267404
giraph,RSZZ,314,0.9,0.1,-0.05707391438807317,0.33232435897123314,-0.036126332588267404
giraph,RSZZ,314,0.9,0.25,-0.0899066898131379,0.3192860817377563,-0.036126332588267404
giraph,RSZZ,314,0.95,0.0,-0.04478963914563503,0.3695752811828513,-0.10160992977483055
giraph,RSZZ,314,0.95,0.05,-0.052316236745904174,0.3713337178094071,-0.10160992977483055
giraph,RSZZ,314,0.95,0.1,-0.05822850421576201,0.3653189480378719,-0.10160992977483055
giraph,RSZZ,314,0.95,0.25,-0.09156190206320404,0.3463472603193226,-0.10160992977483055
giraph,RSZZ,314,0.99,0.0,-0.03499713876996753,0.4204738133363971,-0.09355979441102602
giraph,RSZZ,314,0.99,0.05,-0.042589157301729366,0.42293374043711207,-0.09355979441102602
giraph,RSZZ,314,0.99,0.1,-0.05179241346307043,0.41674689977106777,-0.09355979441102602
giraph,RSZZ,314,0.99,0.25,-0.08770238017997749,0.3894406549182501,-0.09355979441102602
giraph,RSZZ,314,0.995,0.0,-0.025675578863836455,0.43466852980851794,-0.09243380166419823
giraph,RSZZ,314,0.995,0.05,-0.03284474833976717,0.43768476521822586,-0.09243380166419823
giraph,RSZZ,314,0.995,0.1,-0.04207390714257638,0.43173396658209345,-0.09243380166419823
giraph,RSZZ,314,0.995,0.25,-0.07701285617281213,0.40575733630221117,-0.09243380166419823
giraph,RSZZ,314,0.999,0.0,-0.0009357508986657698,0.4623133885134938,-0.07750129299849966
giraph,RSZZ,314,0.999,0.05,-0.006859660483377763,0.4666397957972005,-0.07750129299849966
giraph,RSZZ,314,0.999,0.1,-0.015098755784439944,0.46180343263233803,-0.07750129299849966
giraph,RSZZ,314,0.999,0.25,-0.04556443845910224,0.4408319991233656,-0.07750129299849966
giraph,RSZZ,999,0.9,0.0,-0.03902354338151518,0.33105265972398495,-0.036134448767782726
giraph,RSZZ,999,0.9,0.05,-0.04507719376412814,0.33451081819975925,-0.036134448767782726
giraph,RSZZ,999,0.9,0.1,-0.04576641713211257,0.33665224884074474,-0.036134448767782726
giraph,RSZZ,999,0.9,0.25,-0.087880633842878,0.3261543964614824,-0.036134448767782726
giraph,RSZZ,999,0.95,0.0,-0.03634245714402669,0.3680895940062789,-0.10209024499981734
giraph,RSZZ,999,0.95,0.05,-0.04319147503587713,0.370119132632765,-0.10209024499981734
giraph,RSZZ,999,0.95,0.1,-0.04675477963401059,0.3701873327719332,-0.10209024499981734
giraph,RSZZ,999,0.95,0.25,-0.09141265925042044,0.3509282531442289,-0.10209024499981734
giraph,RSZZ,999,0.99,0.0,-0.024483123504827987,0.42482166748972083,-0.09853905203476925
giraph,RSZZ,999,0.99,0.05,-0.03141217375616768,0.42764447476242046,-0.09853905203476925
giraph,RSZZ,999,0.99,0.1,-0.03887271625480344,0.4251672581399525,-0.09853905203476925
giraph,RSZZ,999,0.99,0.25,-0.08046432271115214,0.3964645621701976,-0.09853905203476925
giraph,RSZZ,999,0.995,0.0,-0.014128988334475035,0.44004087153219845,-0.09522515731634237
giraph,RSZZ,999,0.995,0.05,-0.020591795403339885,0.4434568890844068,-0.09522515731634237
giraph,RSZZ,999,0.995,0.1,-0.02808584784134035,0.44093880278083586,-0.09522515731634237
giraph,RSZZ,999,0.995,0.25,-0.06669727629273858,0.4144286934753545,-0.09522515731634237
giraph,RSZZ,999,0.999,0.0,0.011958693168913608,0.4682147315308769,-0.07325938235059123
giraph,RSZZ,999,0.999,0.05,0.006803848183085474,0.4729565283393711,-0.07325938235059123
giraph,RSZZ,999,0.999,0.1,0.00032813386725734784,0.4713181235427733,-0.07325938235059123
giraph,RSZZ,999,0.999,0.25,-0.03207849711135128,0.4506661005715212,-0.07325938235059123
giraph,RASZZ,7,0.9,0.0,0.028535814934896906,0.3358499640708057,-0.017949694970989548
giraph,RASZZ,7,0.9,0.05,0.031104820600910195,0.341758036063664,-0.017949694970989548
giraph,RASZZ,7,0.9,0.1,0.018588924822504845,0.333003877423325,-0.017949694970989548
giraph,RASZZ,7,0.9,0.25,-0.01453165743169924,0.3029638453478489,-0.017949694970989548
giraph,RASZZ,7,0.95,0.0,0.041015944603594666,0.39101583762074316,-0.007229471839404756
giraph,RASZZ,7,0.95,0.05,0.043667115959490285,0.39807947722770265,-0.007229471839404756
giraph,RASZZ,7,0.95,0.1,0.03355946611975057,0.3919000707168462,-0.007229471839404756
giraph,RASZZ,7,0.95,0.25,-0.0008851164889005418,0.3625984329595668,-0.007229471839404756
giraph,RASZZ,7,0.99,0.0,0.039027199518804616,0.44489344879672443,0.0691934461758334
giraph,RASZZ,7,0.99,0.05,0.040988939903393216,0.45379866539584923,0.0691934461758334
giraph,RASZZ,7,0.99,0.1,0.033403829491999985,0.44890725447813407,0.0691934461758334
giraph,RASZZ,7,0.99,0.25,-0.007561332785367374,0.41833312913706633,0.0691934461758334
giraph,RASZZ,7,0.995,0.0,0.041495337015167194,0.4597451132268311,0.02235302269482154
giraph,RASZZ,7,0.995,0.05,0.04351334043260752,0.46936195062712643,0.02235302269482154
giraph,RASZZ,7,0.995,0.1,0.03641003339439465,0.46496750891245764,0.02235302269482154
giraph,RASZZ,7,0.995,0.25,-0.004375376326222153,0.43698444057181357,0.02235302269482154
giraph,RASZZ,7,0.999,0.0,0.06580225336263552,0.49134651558486003,0.002044886475875448
giraph,RASZZ,7,0.999,0.05,0.0690356806009315,0.5025762657835057,0.002044886475875448
giraph,RASZZ,7,0.999,0.1,0.06360644674701792,0.4997161012683563,0.002044886475875448
giraph,RASZZ,7,0.999,0.25,0.028224062081762594,0.47846868786285957,0.002044886475875448
giraph,RASZZ,13,0.9,0.0,0.003156060485552037,0.35236153218321414,-0.017972547519294065
giraph,RASZZ,13,0.9,0.05,0.00439595182878169,0.3591342997630066,-0.017972547519294065
giraph,RASZZ,13,0.9,0.1,-0.00879746673754304,0.3522174863915144,-0.017972547519294065
giraph,RASZZ,13,0.9,0.25,-0.04817248015550897,0.33137159830881263,-0.017972547519294065
giraph,RASZZ,13,0.95,0.0,0.011050209517379344,0.4062348525474344,-0.00792300331301631
giraph,RASZZ,13,0.95,0.05,0.012132102975991842,0.4140954979236222,-0.00792300331301631
giraph,RASZZ,13,0.95,0.1,0.0008576457906574669,0.40948509912856446,-0.00792300331301631
giraph,RASZZ,13,0.95,0.25,-0.04100700697334968,0.38754323785241673,-0.00792300331301631
giraph,RASZZ,13,0.99,0.0,0.012980342534551801,0.4528233398149993,0.07604809716837688
giraph,RASZZ,13,0.99,0.05,0.013578033052134642,0.46214383748989424,0.07604809716837688
giraph,RASZZ,13,0.99,0.1,0.004775461004342886,0.4580424727342044,0.07604809716837688
giraph,RASZZ,13,0.99,0.25,-0.04030102150303243,0.4317150941356145,0.07604809716837688
giraph,RASZZ,13,0.995,0.0,0.016932815410477062,0.46226082967445703,0.030471118646499398
giraph,RASZZ,13,0.995,0.05,0.017664502235153073,0.4720094128238798,0.030471118646499398
giraph,RASZZ,13,0.995,0.1,0.009393156874762604,0.46804160835174513,0.030471118646499398
giraph,RASZZ,13,0.995,0.25,-0.03474772945456117,0.4430976376513289,0.030471118646499398
giraph,RASZZ,13,0.999,0.0,0.040707978640467886,0.4877082933255358,-0.004571763259759459
giraph,RASZZ,13,0.999,0.05,0.042627241865882265,0.49874751318142385,-0.004571763259759459
giraph,RASZZ,13,0.999,0.1,0.035970451285248055,0.495919337987269,-0.004571763259759459
giraph,RASZZ,13,0.999,0.25,-0.0026464272282499604,0.47634678795027596,-0.004571763259759459
giraph,RASZZ,21,0.9,0.0,-0.008487548523720967,0.34418577546743323,-0.01796830779594226
giraph,RASZZ,21,0.9,0.05,-0.007857422240827305,0.3505303862117358,-0.01796830779594226
giraph,RASZZ,21,0.9,0.1,-0.02191871159798398,0.34293742853256337,-0.01796830779594226
giraph,RASZZ,21,0.9,0.25,-0.06300879025219679,0.3177069649822655,-0.01796830779594226
giraph,RASZZ,21,0.95,0.0,0.000515690054524785,0.3990615592582238,-0.007876094795784752
giraph,RASZZ,21,0.95,0.05,0.001045900448997778,0.40654654588360506,-0.007876094795784752
giraph,RASZZ,21,0.95,0.1,-0.010941508943171321,0.40140406622708685,-0.007876094795784752
giraph,RASZZ,21,0.95,0.25,-0.05358374773908955,0.3762288214068413,-0.007876094795784752
giraph,RASZZ,21,0.99,0.0,0.006901537529130093,0.44728005799952014,0.07455230857506391
giraph,RASZZ,21,0.99,0.05,0.007180886637451449,0.4563102591204872,0.07455230857506391
giraph,RASZZ,21,0.99,0.1,-0.0020138455240455134,0.45184350524685546,0.07455230857506391
giraph,RASZZ,21,0.99,0.25,-0.04866304067986911,0.4224852053068101,0.07455230857506391
giraph,RASZZ,21,0.995,0.0,0.011021103105235979,0.45692746264925627,0.02536261179082871
giraph,RASZZ,21,0.995,0.05,0.011443199011183652,0.46639674228863126,0.02536261179082871
giraph,RASZZ,21,0.995,0.1,0.0027955176376577785,0.46208345435405834,0.02536261179082871
giraph,RASZZ,21,0.995,0.25,-0.04329658018065572,0.43402121268147775,0.02536261179082871
giraph,RASZZ,21,0.999,0.0,0.03528616580761022,0.48291335426813514,-0.013391847629382564
giraph,RASZZ,21,0.999,0.05,0.03692149369763804,0.49370146758984507,-0.013391847629382564
giraph,RASZZ,21,0.999,0.1,0.029921370176501802,0.49056472230796677,-0.013391847629382564
giraph,RASZZ,21,0.999,0.25,-0.010810551042012066,0.4679318195383106,-0.013391847629382564
giraph,RASZZ,42,0.9,0.0,0.004315702819787218,0.3429713017571751,-0.018012118168961363
giraph,RASZZ,42,0.9,0.05,0.005616323562066582,0.34925231163385817,-0.018012118168961363
giraph,RASZZ,42,0.9,0.1,-0.0068200397259035,0.3426696030694028,-0.018012118168961363
giraph,RASZZ,42,0.9,0.25,-0.047916413543655965,0.3177922483126019,-0.018012118168961363
giraph,RASZZ,42,0.95,0.0,0.011166878501780376,0.39831984434011863,-0.009392272690625413
giraph,RASZZ,42,0.95,0.05,0.012254881807456276,0.405765988039614,-0.009392272690625413
giraph,RASZZ,42,0.95,0.1,0.0015617468010515306,0.40143459202290793,-0.009392272690625413
giraph,RASZZ,42,0.95,0.25,-0.040556587894117306,0.37635806732053684,-0.009392272690625413
giraph,RASZZ,42,0.99,0.0,0.01129456074041899,0.4490610234195354,0.07511354539900003
giraph,RASZZ,42,0.99,0.05,0.011803968420902616,0.4581844920562639,0.07511354539900003
giraph,RASZZ,42,0.99,0.1,0.0032304696400001064,0.4542324874047176,0.07511354539900003
giraph,RASZZ,42,0.99,0.25,-0.04296454033546643,0.4252039478194423,0.07511354539900003
giraph,RASZZ,42,0.995,0.0,0.013091538496748892,0.45725927723190224,0.029895381712855912
giraph,RASZZ,42,0.995,0.05,0.013622061193773299,0.46674593369480727,0.029895381712855912
giraph,RASZZ,42,0.995,0.1,0.0054169482411746996,0.4628034286887022,0.029895381712855912
giraph,RASZZ,42,0.995,0.25,-0.04041168090472952,0.43486614176355004,0.029895381712855912
giraph,RASZZ,42,0.999,0.0,0.03467657837078284,0.4812519633144461,-0.01106404902731412
giraph,RASZZ,42,0.999,0.05,0.03627998272920623,0.4919530711248656,-0.01106404902731412
giraph,RASZZ,42,0.999,0.1,0.02953262540334365,0.48902609026921556,-0.01106404902731412
giraph,RASZZ,42,0.999,0.25,-0.011276812419401289,0.4662032908356178,-0.01106404902731412
giraph,RASZZ,77,0.9,0.0,0.03588136204632064,0.34882255517064237,-0.017991384274665217
giraph,RASZZ,77,0.9,0.05,0.03883504723687234,0.35540998978967664,-0.017991384274665217
giraph,RASZZ,77,0.9,0.1,0.027544841837836818,0.3482873592880793,-0.017991384274665217
giraph,RASZZ,77,0.9,0.25,-0.0059547337452837456,0.32048880380987965,-0.017991384274665217
giraph,RASZZ,77,0.95,0.0,0.04951681155778016,0.40284871145387574,-0.008684307567983971
giraph,RASZZ,77,0.95,0.05,0.05261316547237377,0.41053202774536357,-0.008684307567983971
giraph,RASZZ,77,0.95,0.1,0.04357581963552364,0.4057247003351914,-0.008684307567983971
giraph,RASZZ,77,0.95,0.25,0.009932594180793283,0.3790526590438166,-0.008684307567983971
giraph,RASZZ,77,0.99,0.0,0.046344074017441755,0.453890977560201,0.06725184993140558
giraph,RASZZ,77,0.99,0.05,0.04868899236829315,0.46326738643870996,0.06725184993140558
giraph,RASZZ,77,0.99,0.1,0.041826762809025954,0.45922811254598106,0.06725184993140558
giraph,RASZZ,77,0.99,0.25,0.003866218260088761,0.4320700048046234,0.06725184993140558
giraph,RASZZ,77,0.995,0.0,0.048136504395184396,0.46807897864489845,0.02273630778259859
giraph,RASZZ,77,0.995,0.05,0.050502299620555795,0.47813225288753647,0.02273630778259859
giraph,RASZZ,77,0.995,0.1,0.04404567464199021,0.47450281589260374,0.02273630778259859
giraph,RASZZ,77,0.995,0.25,0.006297548499256627,0.44990238602183247,0.02273630778259859
giraph,RASZZ,77,0.999,0.0,0.07224172494615021,0.4983129096616756,0.005219339048080901
giraph,RASZZ,77,0.999,0.05,0.07581238136961777,0.5099074834902791,0.005219339048080901
giraph,RASZZ,77,0.999,0.1,0.07098950639313735,0.507696043497403,0.005219339048080901
giraph,RASZZ,77,0.999,0.25,0.038669784117056134,0.4895639888530863,0.005219339048080901
giraph,RASZZ,101,0.9,0.0,0.02467784344878097,0.33168296182213003,-0.017949513897394007
giraph,RASZZ,101,0.9,0.05,0.027044810707790686,0.3373728117520901,-0.017949513897394007
giraph,RASZZ,101,0.9,0.1,0.015103039605832235,0.3292533898326262,-0.017949513897394007
giraph,RASZZ,101,0.9,0.25,-0.016741012408447734,0.3022895941549245,-0.017949513897394007
giraph,RASZZ,101,0.95,0.0,0.03717502636965079,0.3873013364026427,-0.007154524759510502
giraph,RASZZ,101,0.95,0.05,0.039625052381624136,0.39417045100815556,-0.007154524759510502
giraph,RASZZ,101,0.95,0.1,0.029869942400285225,0.3884589311993483,-0.007154524759510502
giraph,RASZZ,101,0.95,0.25,-0.002879873407148612,0.36197933330747484,-0.007154524759510502
giraph,RASZZ,101,0.99,0.0,0.034096801715464815,0.44165089487907305,0.07075854650146543
giraph,RASZZ,101,0.99,0.05,0.035800341716337385,0.4503863019214131,0.07075854650146543
giraph,RASZZ,101,0.99,0.1,0.028225844621041035,0.4456351786211495,0.07075854650146543
giraph,RASZZ,101,0.99,0.25,-0.011501112562352095,0.41686772670646927,0.07075854650146543
giraph,RASZZ,101,0.995,0.0,0.03586903205348907,0.45635800899786183,0.022560208217608714
giraph,RASZZ,101,0.995,0.05,0.03759239107144002,0.46579746687494433,0.022560208217608714
giraph,RASZZ,101,0.995,0.1,0.03042232377831804,0.46148637065299986,0.022560208217608714
giraph,RASZZ,101,0.995,0.25,-0.00945903894069167,0.43510764736887547,0.022560208217608714
giraph,RASZZ,101,0.999,0.0,0.05929098762814097,0.48763250563792343,-0.0006580480313925902
giraph,RASZZ,101,0.999,0.05,0.062183425887822504,0.49866775656254,-0.0006580480313925902
giraph,RASZZ,101,0.999,0.1,0.05660737179261131,0.49583517376576264,-0.0006580480313925902
giraph,RASZZ,101,0.999,0.25,0.021758825739346854,0.475965179697211,-0.0006580480313925902
giraph,RASZZ,123,0.9,0.0,0.03567307373443534,0.34948565763700284,-0.01801211816813119
giraph,RASZZ,123,0.9,0.05,0.03861585105827981,0.35610781832036026,-0.01801211816813119
giraph,RASZZ,123,0.9,0.1,0.02651503854199226,0.3481466739626283,-0.01801211816813119
giraph,RASZZ,123,0.9,0.25,0.0006493160690314772,0.32585925384980263,-0.01801211816813119
giraph,RASZZ,123,0.95,0.0,0.04914840097497712,0.40378713364450625,-0.009392255473599134
giraph,RASZZ,123,0.95,0.05,0.05222546156727929,0.4115195942402414,-0.009392255473599134
giraph,RASZZ,123,0.95,0.1,0.04259077293218057,0.40608293103797266,-0.009392255473599134
giraph,RASZZ,123,0.95,0.25,0.015616295348497653,0.38382223204488336,-0.009392255473599134
giraph,RASZZ,123,0.99,0.0,0.04537026236727073,0.4542547552464503,0.07382918424143671
giraph,RASZZ,123,0.99,0.05,0.047664183100532095,0.4636502148267328,0.07382918424143671
giraph,RASZZ,123,0.99,0.1,0.040447967707928134,0.4593032316407244,0.07382918424143671
giraph,RASZZ,123,0.99,0.25,0.005004394864301688,0.4339975985111901,0.07382918424143671
giraph,RASZZ,123,0.995,0.0,0.044735820446313725,0.4665238445338922,0.03199367005703068
giraph,RASZZ,123,0.995,0.05,0.04692352499107095,0.4764956778380485,0.03199367005703068
giraph,RASZZ,123,0.995,0.1,0.04000867552056264,0.4724954684166149,0.03199367005703068
giraph,RASZZ,123,0.995,0.25,0.003487025619219993,0.44887814067140863,0.03199367005703068
giraph,RASZZ,123,0.999,0.0,0.06503181099364344,0.4939760447852992,0.008142377649026493
giraph,RASZZ,123,0.999,0.05,0.0682248908759573,0.505343501001923,0.008142377649026493
giraph,RASZZ,123,0.999,0.1,0.06275085022145303,0.5026362626435809,0.008142377649026493
giraph,RASZZ,123,0.999,0.25,0.03024435162276683,0.4845135323285849,0.008142377649026493
giraph,RASZZ,202,0.9,0.0,0.025084683088131433,0.33080094734861143,-0.017991343540338073
giraph,RASZZ,202,0.9,0.05,0.027472956163665734,0.33644460699442225,-0.017991343540338073
giraph,RASZZ,202,0.9,0.1,0.015364135086757363,0.3280732246742929,-0.017991343540338073
giraph,RASZZ,202,0.9,0.25,-0.014389530256323066,0.306997847668819,-0.017991343540338073
giraph,RASZZ,202,0.95,0.0,0.035391181027713034,0.38508163303823384,-0.008663082960672475
giraph,RASZZ,202,0.95,0.05,0.03774778870507121,0.39183450382665796,-0.008663082960672475
giraph,RASZZ,202,0.95,0.1,0.02778864155863248,0.3858789902669927,-0.008663082960672475
giraph,RASZZ,202,0.95,0.25,-0.002685147274500816,0.36322755013181685,-0.008663082960672475
giraph,RASZZ,202,0.99,0.0,0.031196754154969496,0.43871016701220905,0.06235442574845906
giraph,RASZZ,202,0.99,0.05,0.03274842134095327,0.4472915708495513,0.06235442574845906
giraph,RASZZ,202,0.99,0.1,0.0249666318867551,0.44232641578199944,0.06235442574845906
giraph,RASZZ,202,0.99,0.25,-0.01239762879576867,0.41451659993569645,0.06235442574845906
giraph,RASZZ,202,0.995,0.0,0.032269653299236895,0.4529770032028525,0.014935258756844193
giraph,RASZZ,202,0.995,0.05,0.03380451617295021,0.4622394009260816,0.014935258756844193
giraph,RASZZ,202,0.995,0.1,0.02639259180046932,0.45769636517936774,0.014935258756844193
giraph,RASZZ,202,0.995,0.25,-0.011404885449690686,0.4319056176340306,0.014935258756844193
giraph,RASZZ,202,0.999,0.0,0.05474700580587855,0.48360154167697067,-0.00739679455302097
giraph,RASZZ,202,0.999,0.05,0.057401479930229656,0.4944256947382954,-0.00739679455302097
giraph,RASZZ,202,0.999,0.1,0.051533145121947156,0.4913289725356736,-0.00739679455302097
giraph,RASZZ,202,0.999,0.25,0.018385539500707374,0.471735924178461,-0.00739679455302097
giraph,RASZZ,314,0.9,0.0,0.026711812311697745,0.33670067053190855,-0.017991388083439315
giraph,RASZZ,314,0.9,0.05,0.029185296643329046,0.3426532932371936,-0.017991388083439315
giraph,RASZZ,314,0.9,0.1,0.01688538057558382,0.33434115420485566,-0.017991388083439315
giraph,RASZZ,314,0.9,0.25,-0.013582765499572151,0.3093679796632758,-0.017991388083439315
giraph,RASZZ,314,0.95,0.0,0.03858503822947235,0.390848599120356,-0.008709746603801149
giraph,RASZZ,314,0.95,0.05,0.04110890526153612,0.39790348060136016,-0.008709746603801149
giraph,RASZZ,314,0.95,0.1,0.03116112636627497,0.39208597666147366,-0.008709746603801149
giraph,RASZZ,314,0.95,0.25,-0.0009896429832525371,0.3665011261743929,-0.008709746603801149
giraph,RASZZ,314,0.99,0.0,0.03507556469337316,0.4441903978034007,0.05871129769725591
giraph,RASZZ,314,0.99,0.05,0.03683036160830076,0.4530587962707056,0.05871129769725591
giraph,RASZZ,314,0.99,0.1,0.029196666302008522,0.4483267928449476,0.05871129769725591
giraph,RASZZ,314,0.99,0.25,-0.009469898988587447,0.42054565593511306,0.05871129769725591
giraph,RASZZ,314,0.995,0.0,0.03766838081649882,0.45941821984192793,0.012102180724332034
giraph,RASZZ,314,0.995,0.05,0.039485970068921614,0.46901793813727816,0.012102180724332034
giraph,RASZZ,314,0.995,0.1,0.032321487870811544,0.46477784804469785,0.012102180724332034
giraph,RASZZ,314,0.995,0.25,-0.0062499153096796855,0.4395250194796743,0.012102180724332034
giraph,RASZZ,314,0.999,0.0,0.06236057850236679,0.4910433526107075,-0.005054847387504522
giraph,RASZZ,314,0.999,0.05,0.0654137684038407,0.5022572264441232,-0.005054847387504522
giraph,RASZZ,314,0.999,0.1,0.059929977770339087,0.4995320020086586,-0.005054847387504522
giraph,RASZZ,314,0.999,0.25,0.026682899715057568,0.4808613218916906,-0.005054847387504522
giraph,RASZZ,999,0.9,0.0,0.005464337398756529,0.3396903529640329,-0.017949694132340883
giraph,RASZZ,999,0.9,0.05,0.00682511107409914,0.34579954257972856,-0.017949694132340883
giraph,RASZZ,999,0.9,0.1,-0.0062340644813001595,0.3381458084165289,-0.017949694132340883
giraph,RASZZ,999,0.9,0.25,-0.048131870873706684,0.31245705296494386,-0.017949694132340883
giraph,RASZZ,999,0.95,0.0,0.011492002150632575,0.39522769108195166,-0.0072134296623092755
giraph,RASZZ,999,0.95,0.05,0.01259703188180946,0.4025119015684259,-0.0072134296623092755
giraph,RASZZ,999,0.95,0.1,0.001348268136007106,0.39726135665900203,-0.0072134296623092755
giraph,RASZZ,999,0.95,0.25,-0.041957945983143084,0.37122470378710504,-0.0072134296623092755
giraph,RASZZ,999,0.99,0.0,0.011248549733011528,0.44746428268880684,0.07804846493753115
giraph,RASZZ,999,0.99,0.05,0.011755547859491245,0.45650413148676894,0.07804846493753115
giraph,RASZZ,999,0.99,0.1,0.0028522595247376294,0.45209109876774856,0.07804846493753115
giraph,RASZZ,999,0.99,0.25,-0.04485750887104019,0.4226564347022193,0.07804846493753115
giraph,RASZZ,999,0.995,0.0,0.0147525717943389,0.45733361200979844,0.030143494414513756
giraph,RASZZ,999,0.995,0.05,0.015370081272533854,0.4668241613164338,0.030143494414513756
giraph,RASZZ,999,0.995,0.1,0.006971938964209173,0.462569803471519,0.030143494414513756
giraph,RASZZ,999,0.995,0.25,-0.039994172662591206,0.4346273914744833,0.030143494414513756
giraph,RASZZ,999,0.999,0.0,0.03843521540202067,0.4835702869268599,-0.008283664678306074
giraph,RASZZ,999,0.999,0.05,0.04023545611370089,0.4943928032057599,-0.008283664678306074
giraph,RASZZ,999,0.999,0.1,0.03344648789939352,0.4913239729866341,-0.008283664678306074
giraph,RASZZ,999,0.999,0.25,-0.008007631914350511,0.4689806257229455,-0.008283664678306074
gora,oracle,7,0.9,0.0,0.058302012633029025,0.4274005237587414,4.2112184191899444e-05
gora,oracle,7,0.9,0.05,0.07193686492258033,0.4493393339136578,4.2112184191899444e-05
gora,oracle,7,0.9,0.1,0.07696704813759035,0.46642272357547837,4.2112184191899444e-05
gora,oracle,7,0.9,0.25,0.035652761214121594,0.4451837584623667,4.2112184191899444e-05
gora,oracle,7,0.95,0.0,0.07062416387387313,0.48111634512437385,0.004235509393404732
gora,oracle,7,0.95,0.05,0.08407284121207836,0.5058124312809481,0.004235509393404732
gora,oracle,7,0.95,0.1,0.09333277206028136,0.5278982184615486,0.004235509393404732
gora,oracle,7,0.95,0.25,0.05529590371922934,0.5109103966187775,0.004235509393404732
gora,oracle,7,0.99,0.0,0.1119052036470191,0.5388342385384536,0.04767262423541669
gora,oracle,7,0.99,0.05,0.12653789755189468,0.5664930302505033,0.04767262423541669
gora,oracle,7,0.99,0.1,0.14149865321427338,0.59400902750812,0.04767262423541669
gora,oracle,7,0.99,0.25,0.12679871943449908,0.5962342577938983,0.04767262423541669
gora,oracle,7,0.995,0.0,0.11976266196084216,0.538376155183159,0.06107492402758107
gora,oracle,7,0.995,0.05,0.13466626643840682,0.5660114331108116,0.06107492402758107
gora,oracle,7,0.995,0.1,0.15046101265081446,0.593750610918431,0.06107492402758107
gora,oracle,7,0.995,0.25,0.14199305256983097,0.5993349598232144,0.06107492402758107
gora,oracle,7,0.999,0.0,0.12743591421244702,0.5358551264698549,0.09094764904979251
gora,oracle,7,0.999,0.05,0.14262535832311637,0.563360997980665,0.09094764904979251
gora,oracle,7,0.999,0.1,0.15915529606939824,0.5911472635625935,0.09094764904979251
gora,oracle,7,0.999,0.25,0.15656801288121427,0.5995857065934501,0.09094764904979251
gora,oracle,13,0.9,0.0,0.021577578820035886,0.42473517190561294,6.013111433231302e-05
gora,oracle,13,0.9,0.05,0.033897512836348793,0.44653716742168054,6.013111433231302e-05
gora,oracle,13,0.9,0.1,0.041417341927878784,0.4643753122387815,6.013111433231302e-05
gora,oracle,13,0.9,0.25,0.030890270850171694,0.45684985031819414,6.013111433231302e-05
gora,oracle,13,0.95,0.0,0.03060354890128638,0.4648776047273462,0.005514087833196249
gora,oracle,13,0.95,0.05,0.04239015797789324,0.48874014337304644,0.005514087833196249
gora,oracle,13,0.95,0.1,0.05314684082110495,0.510440352389977,0.005514087833196249
gora,oracle,13,0.95,0.25,0.04433892587208296,0.5063691919643805,0.005514087833196249
gora,oracle,13,0.99,0.0,0.046819810791309056,0.49113570977022575,0.041175683278099756
gora,oracle,13,0.99,0.05,0.058370479491669104,0.5163460979143248,0.041175683278099756
gora,oracle,13,0.99,0.1,0.0722640513682979,0.5413286271902469,0.041175683278099756
gora,oracle,13,0.99,0.25,0.07499203636151038,0.5489076392132038,0.041175683278099756
gora,oracle,13,0.995,0.0,0.042589568465602336,0.4812685507712958,0.034713660356092815
gora,oracle,13,0.995,0.05,0.05377574436140824,0.5059724497652597,0.034713660356092815
gora,oracle,13,0.995,0.1,0.06763661626743153,0.5305919070091779,0.034713660356092815
gora,oracle,13,0.995,0.25,0.07231514128044372,0.5387321646074321,0.034713660356092815
gora,oracle,13,0.999,0.0,0.03824932773865583,0.4714759977755402,0.038213375629151315
gora,oracle,13,0.999,0.05,0.04909308658831273,0.49567723720508305,0.038213375629151315
gora,oracle,13,0.999,0.1,0.0628573249504839,0.5198913081535448,0.038213375629151315
gora,oracle,13,0.999,0.25,0.06930689902478737,0.5285562114165347,0.038213375629151315
gora,oracle,21,0.9,0.0,0.01040643479252998,0.22954267412375629,-2.050108156900268e-05
gora,oracle,21,0.9,0.05,0.022152945065986113,0.24132528287155364,-2.050108156900268e-05
gora,oracle,21,0.9,0.1,0.024927713249130446,0.2465368635366989,-2.050108156900268e-05
gora,oracle,21,0.9,0.25,-0.013282582990937474,0.18627172738833908,-2.050108156900268e-05
gora,oracle,21,0.95,0.0,0.00800150456455528,0.23833712307342012,-0.0027852485944552144
gora,oracle,21,0.95,0.05,0.01862793265809801,0.25057115790798734,-0.0027852485944552144
gora,oracle,21,0.95,0.1,0.02503305821426328,0.25826310607594133,-0.0027852485944552144
gora,oracle,21,0.95,0.25,-0.014332746311071065,0.1934411856872818,-0.0027852485944552144
gora,oracle,21,0.99,0.0,0.032180323908195176,0.3966593497236965,-0.07362229840222845
gora,oracle,21,0.99,0.05,0.04297953605752087,0.4170201908692094,-0.07362229840222845
gora,oracle,21,0.99,0.1,0.054194174851013806,0.4361531985759149,-0.07362229840222845
gora,oracle,21,0.99,0.25,0.03101139211337496,0.41290280895177356,-0.07362229840222845
gora,oracle,21,0.995,0.0,0.05659214878858617,0.45088505828123115,-0.05444205429846915
gora,oracle,21,0.995,0.05,0.06849708831313837,0.4740293483450967,-0.05444205429846915
gora,oracle,21,0.995,0.1,0.08151989862653886,0.49662134647664674,-0.05444205429846915
gora,oracle,21,0.995,0.25,0.06762465920395462,0.4886649085682986,-0.05444205429846915
gora,oracle,21,0.999,0.0,0.07916044469426937,0.4806390673678907,0.0034919890316977937
gora,oracle,21,0.999,0.05,0.09210420384392926,0.5053106544761284,0.0034919890316977937
gora,oracle,21,0.999,0.1,0.10673568088718889,0.5298595838149236,0.0034919890316977937
gora,oracle,21,0.999,0.25,0.10152006079152052,0.5317053211976622,0.0034919890316977937
gora,oracle,42,0.9,0.0,0.027191513371728857,0.3764056698738495,5.981543242598667e-05
gora,oracle,42,0.9,0.05,0.03979961513118951,0.39572687346053,5.981543242598667e-05
gora,oracle,42,0.9,0.1,0.04503049934886987,0.41007837578368495,5.981543242598667e-05
gora,oracle,42,0.9,0.25,0.007660526766436231,0.380848386255171,5.981543242598667e-05
gora,oracle,42,0.95,0.0,0.03281806525133037,0.4251358711827985,0.004994221405381153
gora,oracle,42,0.95,0.05,0.04471834722042997,0.446958434912714,0.004994221405381153
gora,oracle,42,0.95,0.1,0.05363527947281933,0.4659347471133854,0.004994221405381153
gora,oracle,42,0.95,0.25,0.01820075220993772,0.4408420889638272,0.004994221405381153
gora,oracle,42,0.99,0.0,0.05829846904742195,0.4940872664131763,0.035539572764970974
gora,oracle,42,0.99,0.05,0.07043834644153683,0.5194491603165142,0.035539572764970974
gora,oracle,42,0.99,0.1,0.08375768990917297,0.5444374878835024,0.035539572764970974
gora,oracle,42,0.99,0.25,0.06741895949015407,0.5416155829970922,0.035539572764970974
gora,oracle,42,0.995,0.0,0.06392599952560682,0.49613215693758667,0.03580157083348966
gora,oracle,42,0.995,0.05,0.07620739146441674,0.5215990167043449,0.03580157083348966
gora,oracle,42,0.995,0.1,0.0901687990345757,0.546948741241546,0.03580157083348966
gora,oracle,42,0.995,0.25,0.07931816894217324,0.5479437110926874,0.03580157083348966
gora,oracle,42,0.999,0.0,0.0702566759176093,0.4965784385695627,0.050701329746399265
gora,oracle,42,0.999,0.05,0.08274339750649005,0.5220682063288368,0.050701329746399265
gora,oracle,42,0.999,0.1,0.09731122141917227,0.547632876648112,0.050701329746399265
gora,oracle,42,0.999,0.25,0.09179926764522173,0.55201174147535,0.050701329746399265
gora,oracle,77,0.9,0.0,0.0036057457831445675,0.20847655004022717,-1.7749037951647473e-05
gora,oracle,77,0.9,0.05,0.01500317125954099,0.21917781781795748,-1.7749037951647473e-05
gora,oracle,77,0.9,0.1,0.017397941811066894,0.2230102786829043,-1.7749037951647473e-05
gora,oracle,77,0.9,0.25,-0.02319515189283709,0.1578775545594017,-1.7749037951647473e-05
gora,oracle,77,0.95,0.0,0.002871151942201652,0.30044915447868314,-0.00171485585652802
gora,oracle,77,0.95,0.05,0.013234234939159671,0.31587144948044066,-0.00171485585652802
gora,oracle,77,0.95,0.1,0.019472422328704036,0.3271985946920037,-0.00171485585652802
gora,oracle,77,0.95,0.25,-0.021559691504315626,0.2760263287381463,-0.00171485585652802
gora,oracle,77,0.99,0.0,0.03046912643083831,0.43784649554111466,-0.03687106346324865
gora,oracle,77,0.99,0.05,0.04118050144729587,0.4603215057685103,-0.03687106346324865
gora,oracle,77,0.99,0.1,0.05242979134282949,0.48188622989730084,-0.03687106346324865
gora,oracle,77,0.99,0.25,0.028776211093607847,0.4677460945433843,-0.03687106346324865
gora,oracle,77,0.995,0.0,0.04428716196249558,0.46028766419785005,-0.026266965014991223
gora,oracle,77,0.995,0.05,0.0555604766879899,0.4839145975311997,-0.026266965014991223
gora,oracle,77,0.995,0.1,0.06798556363448982,0.5070611430882984,-0.026266965014991223
gora,oracle,77,0.995,0.25,0.05132534139318073,0.5011748283411804,-0.026266965014991223
gora,oracle,77,0.999,0.0,0.057287930691239455,0.4737557358261743,0.009869140650144742
gora,oracle,77,0.999,0.05,0.06910895623237878,0.49807399603017943,0.009869140650144742
gora,oracle,77,0.999,0.1,0.08257163585173333,0.5222158239457342,0.009869140650144742
gora,oracle,77,0.999,0.25,0.07251181483413112,0.5225293494241721,0.009869140650144742
gora,oracle,101,0.9,0.0,0.03978363647503275,0.44327848553757915,5.7542862816032304e-05
gora,oracle,101,0.9,0.05,0.05303810196793294,0.46603232414882384,5.7542862816032304e-05
gora,oracle,101,0.9,0.1,0.05956484607999607,0.48460520657191003,5.7542862816032304e-05
gora,oracle,101,0.9,0.25,0.05114691330912826,0.4816732916222615,5.7542862816032304e-05
gora,oracle,101,0.95,0.0,0.04989623227652203,0.4862060636643994,0.005668321270632723
gora,oracle,101,0.95,0.05,0.06267315019558396,0.511163409137667,0.005668321270632723
gora,oracle,101,0.95,0.1,0.07299149176196935,0.5338849397255119,0.005668321270632723
gora,oracle,101,0.95,0.25,0.0661489024593467,0.5349986977565111,0.005668321270632723
gora,oracle,101,0.99,0.0,0.0646085525566776,0.5050942873564317,0.05956274339142243
gora,oracle,101,0.99,0.05,0.07707233157579231,0.531021180433663,0.05956274339142243
gora,oracle,101,0.99,0.1,0.09096989002560783,0.5567112759442925,0.05956274339142243
gora,oracle,101,0.99,0.25,0.09277801047704007,0.5672804837847485,0.05956274339142243
gora,oracle,101,0.995,0.0,0.05581529686762152,0.48708526704025884,0.050316768091206075
gora,oracle,101,0.995,0.05,0.0676803599627706,0.5120877427248347,0.050316768091206075
gora,oracle,101,0.995,0.1,0.0813460931203641,0.53694655950672,0.050316768091206075
gora,oracle,101,0.995,0.25,0.08375833604563791,0.5462152752487986,0.050316768091206075
gora,oracle,101,0.999,0.0,0.047751807395537575,0.4704949831895802,0.046575737663294196
gora,oracle,101,0.999,0.05,0.0590833361135135,0.4946458663571062,0.046575737663294196
gora,oracle,101,0.999,0.1,0.07248832352471686,0.5187073181774657,0.046575737663294196
gora,oracle,101,0.999,0.25,0.07563422329647222,0.5269623621199327,0.046575737663294196
gora,oracle,123,0.9,0.0,0.02286880807545523,0.3771157921244499,1.9090246281367094e-05
gora,oracle,123,0.9,0.05,0.035255021920468366,0.39647344685327146,1.9090246281367094e-05
gora,oracle,123,0.9,0.1,0.038890630212732986,0.4102485898750054,1.9090246281367094e-05
gora,oracle,123,0.9,0.25,0.01317717891956748,0.38761838504105195,1.9090246281367094e-05
gora,oracle,123,0.95,0.0,0.026553269382757535,0.421208352118247,0.000971572969131515
gora,oracle,123,0.95,0.05,0.03813197437761481,0.4428293131585372,0.000971572969131515
gora,oracle,123,0.95,0.1,0.04593351277323557,0.46130654638477564,0.000971572969131515
gora,oracle,123,0.95,0.25,0.020333859770156462,0.442197546596433,0.000971572969131515
gora,oracle,123,0.99,0.0,0.04958743634114562,0.4777837021411338,0.0021267996563146493
gora,oracle,123,0.99,0.05,0.06128016947086988,0.5023087210723327,0.0021267996563146493
gora,oracle,123,0.99,0.1,0.0737708287691773,0.5262455123166934,0.0021267996563146493
gora,oracle,123,0.99,0.25,0.06122990351350241,0.5251440605099718,0.0021267996563146493
gora,oracle,123,0.995,0.0,0.05362778685609649,0.4777488809566888,0.007113571990333286
gora,oracle,123,0.995,0.05,0.065380563315673,0.5022721124886862,0.007113571990333286
gora,oracle,123,0.995,0.1,0.07845994183209973,0.5264612315758536,0.007113571990333286
gora,oracle,123,0.995,0.25,0.0700478280692084,0.528317878212156,0.007113571990333286
gora,oracle,123,0.999,0.0,0.05745335051459402,0.47560790609277437,0.027352911053353125
gora,oracle,123,0.999,0.05,0.06928286718735041,0.5000212396754832,0.027352911053353125
gora,oracle,123,0.999,0.1,0.0828502384505356,0.5242822088245476,0.027352911053353125
gora,oracle,123,0.999,0.25,0.07841969431921517,0.5286028796815513,0.027352911053353125
gora,oracle,202,0.9,0.0,0.03404337418193649,0.379516696899667,5.958850060251241e-05
gora,oracle,202,0.9,0.05,0.04700318742785265,0.3989975919876727,5.958850060251241e-05
gora,oracle,202,0.9,0.1,0.05327825593538292,0.41347652712680394,5.958850060251241e-05
gora,oracle,202,0.9,0.25,0.02026640429673047,0.3857712351849719,5.958850060251241e-05
gora,oracle,202,0.95,0.0,0.04021543574856544,0.4293472330202973,0.005070745544020117
gora,oracle,202,0.95,0.05,0.05249543065193377,0.45138596931601604,0.005070745544020117
gora,oracle,202,0.95,0.1,0.062329088805616654,0.47059231550171676,0.005070745544020117
gora,oracle,202,0.95,0.25,0.03114468902170429,0.44730883106808994,0.005070745544020117
gora,oracle,202,0.99,0.0,0.06675601543802047,0.499586316428358,0.038111157294801176
gora,oracle,202,0.99,0.05,0.07933002544153869,0.5252304809598517,0.038111157294801176
gora,oracle,202,0.99,0.1,0.09354828947747652,0.5505502831050592,0.038111157294801176
gora,oracle,202,0.99,0.25,0.08176560886209808,0.5499082139378082,0.038111157294801176
gora,oracle,202,0.995,0.0,0.07242944732045702,0.5014152999154556,0.040724581148523016
gora,oracle,202,0.995,0.05,0.08514732802440184,0.527153347629747,0.040724581148523016
gora,oracle,202,0.995,0.1,0.09999652115805181,0.5528231155829919,0.040724581148523016
gora,oracle,202,0.995,0.25,0.09369678177706257,0.5559273668352721,0.040724581148523016
gora,oracle,202,0.999,0.0,0.0783999753199381,0.501267348367563,0.05900627988452788
gora,oracle,202,0.999,0.05,0.09130469896939465,0.5269978016107651,0.05900627988452788
gora,oracle,202,0.999,0.1,0.10672714085614482,0.5528481703986206,0.05900627988452788
gora,oracle,202,0.999,0.25,0.10565703913651822,0.5591754438343096,0.05900627988452788
gora,oracle,314,0.9,0.0,0.035667762595213474,0.31810364294266097,-1.8479426552527773e-05
gora,oracle,314,0.9,0.05,0.04814078075734839,0.3344321569340143,-1.8479426552527773e-05
gora,oracle,314,0.9,0.1,0.05350400124826382,0.3458846709603241,-1.8479426552527773e-05
gora,oracle,314,0.9,0.25,0.04330521977469817,0.3137545207997297,-1.8479426552527773e-05
gora,oracle,314,0.95,0.0,0.03485603013348214,0.3688948039116219,-0.001772428077811139
gora,oracle,314,0.95,0.05,0.046468700606686286,0.38783046875119176,-0.001772428077811139
gora,oracle,314,0.95,0.1,0.05477839295942132,0.40366774539372335,-0.001772428077811139
gora,oracle,314,0.95,0.25,0.04276959190570618,0.37675884342559485,-0.001772428077811139
gora,oracle,314,0.99,0.0,0.045178200792247096,0.4515108526897888,-0.031742419953724656
gora,oracle,314,0.99,0.05,0.05638574436047088,0.47468726528032934,-0.031742419953724656
gora,oracle,314,0.99,0.1,0.06800158288085364,0.4971779829565184,-0.031742419953724656
gora,oracle,314,0.99,0.25,0.06351743781836644,0.49340702906922307,-0.031742419953724656
gora,oracle,314,0.995,0.0,0.055371874444053844,0.4683444948239405,-0.016347717923475388
gora,oracle,314,0.995,0.05,0.06697024838368451,0.49238499170653827,-0.016347717923475388
gora,oracle,314,0.995,0.1,0.0794929770691288,0.5161007318141478,-0.016347717923475388
gora,oracle,314,0.995,0.25,0.07982121980292833,0.5187505603206519,-0.016347717923475388
gora,oracle,314,0.999,0.0,0.0636371576731546,0.47612541106424533,0.023107484431518326
gora,oracle,314,0.999,0.05,0.07555176066868922,0.5005653085903566,0.023107484431518326
gora,oracle,314,0.999,0.1,0.08879521474586738,0.524922544595428,0.023107484431518326
gora,oracle,314,0.999,0.25,0.09346522591330624,0.5319772482758753,0.023107484431518326
gora,oracle,999,0.9,0.0,0.05234970961604962,0.4512448820769518,8.28068820246009e-05
gora,oracle,999,0.9,0.05,0.06567902543894988,0.47440764218356335,8.28068820246009e-05
gora,oracle,999,0.9,0.1,0.06979919156017299,0.49269300204114924,8.28068820246009e-05
gora,oracle,999,0.9,0.25,0.05195761311986749,0.4868507253969435,8.28068820246009e-05
gora,oracle,999,0.95,0.0,0.06526224219367611,0.49679793666588623,0.007451330158265674
gora,oracle,999,0.95,0.05,0.07843568781065449,0.5222989714377093,0.007451330158265674
gora,oracle,999,0.95,0.1,0.08700016398943436,0.5452117333328651,0.007451330158265674
gora,oracle,999,0.95,0.25,0.06979717291037596,0.5429276790690931,0.007451330158265674
gora,oracle,999,0.99,0.0,0.08863875927385141,0.5222260888128523,0.07016092493422206
gora,oracle,999,0.99,0.05,0.10207716801128304,0.5490323709382269,0.07016092493422206
gora,oracle,999,0.99,0.1,0.1154804930064366,0.5755303766370663,0.07016092493422206
gora,oracle,999,0.99,0.25,0.10912540813580784,0.5836413676055114,0.07016092493422206
gora,oracle,999,0.995,0.0,0.08412157727689251,0.5071086533870978,0.06525389463087045
gora,oracle,999,0.995,0.05,0.09719569641896927,0.5331389454811123,0.06525389463087045
gora,oracle,999,0.995,0.1,0.11072294514205494,0.5589989250411023,0.06525389463087045
gora,oracle,999,0.995,0.25,0.10625701752671614,0.5666169834996505,0.06525389463087045
gora,oracle,999,0.999,0.0,0.08073151813544448,0.4932935483000424,0.06777792636030214
gora,oracle,999,0.999,0.05,0.09352358830299778,0.518614700018866,0.06777792636030214
gora,oracle,999,0.999,0.1,0.10714806924942959,0.5438579926798552,0.06777792636030214
gora,oracle,999,0.999,0.25,0.10479990250109772,0.5512757065806265,0.06777792636030214
gora,BSZZ,7,0.9,0.0,-0.008933512306486504,0.3161252276771549,2.9480944750522255e-05
gora,BSZZ,7,0.9,0.05,0.0018202630398337948,0.3323521880332066,2.9480944750522255e-05
gora,BSZZ,7,0.9,0.1,0.007633740140512813,0.3437141972790704,2.9480944750522255e-05
gora,BSZZ,7,0.9,0.25,-0.039306841597152115,0.2970793120663108,2.9480944750522255e-05
gora,BSZZ,7,0.95,0.0,-0.009986010181036913,0.3514961197631232,0.0016997736568380678
gora,BSZZ,7,0.95,0.05,-0.00028289558203980814,0.3695386962528653,0.0016997736568380678
gora,BSZZ,7,0.95,0.1,0.00816311474683943,0.38451959416074283,0.0016997736568380678
gora,BSZZ,7,0.95,0.25,-0.03234358298564099,0.3451723758400099,0.0016997736568380678
gora,BSZZ,7,0.99,0.0,0.013973161139430241,0.44573089660751014,-0.031261250239676554
gora,BSZZ,7,0.99,0.05,0.023837785085796506,0.4686106194371732,-0.031261250239676554
gora,BSZZ,7,0.99,0.1,0.035862974655151966,0.49090772953567396,-0.031261250239676554
gora,BSZZ,7,0.99,0.25,0.0195994479977405,0.48098167021084987,-0.031261250239676554
gora,BSZZ,7,0.995,0.0,0.028824765190706588,0.4701311881495042,-0.02981585247338385
gora,BSZZ,7,0.995,0.05,0.039304382743504535,0.49426339742714037,-0.02981585247338385
gora,BSZZ,7,0.995,0.1,0.05242176453536073,0.5182238616738325,-0.02981585247338385
gora,BSZZ,7,0.995,0.25,0.04389678792147264,0.5169539949816697,-0.02981585247338385
gora,BSZZ,7,0.999,0.0,0.043129469381223244,0.4859666976823014,0.0010233698653821885
gora,BSZZ,7,0.999,0.05,0.05422372979808417,0.5109117563085792,0.0010233698653821885
gora,BSZZ,7,0.999,0.1,0.06834398839124302,0.535982270157904,0.0010233698653821885
gora,BSZZ,7,0.999,0.25,0.06694167325345728,0.541370135839248,0.0010233698653821885
gora,BSZZ,13,0.9,0.0,0.015332292877069486,0.3886225100442471,3.793886758976317e-05
gora,BSZZ,13,0.9,0.05,0.027331651379199698,0.40857081379176546,3.793886758976317e-05
gora,BSZZ,13,0.9,0.1,0.03480553545116307,0.42407381094143104,3.793886758976317e-05
gora,BSZZ,13,0.9,0.25,-0.0026741030700723856,0.39885430902772473,3.793886758976317e-05
gora,BSZZ,13,0.95,0.0,0.023186961550926942,0.4121876996548501,0.0018756855411389056
gora,BSZZ,13,0.95,0.05,0.03459287127684996,0.43334562340139177,0.0018756855411389056
gora,BSZZ,13,0.95,0.1,0.045318147348551836,0.45185550517698486,0.0018756855411389056
gora,BSZZ,13,0.95,0.25,0.011704352722093579,0.42533653718609055,0.0018756855411389056
gora,BSZZ,13,0.99,0.0,0.04213751868275606,0.47156496846135837,-0.02857702256913014
gora,BSZZ,13,0.99,0.05,0.053447841590471744,0.49577077482724546,-0.02857702256913014
gora,BSZZ,13,0.99,0.1,0.06748969868332279,0.5195885931450785,-0.02857702256913014
gora,BSZZ,13,0.99,0.25,0.054701285806292334,0.5135771106874615,-0.02857702256913014
gora,BSZZ,13,0.995,0.0,0.058064195682695684,0.4946925976049859,-0.020138613833190953
gora,BSZZ,13,0.995,0.05,0.0700446965497212,0.5200855636417437,-0.020138613833190953
gora,BSZZ,13,0.995,0.1,0.08523920108260116,0.5454950203677468,-0.020138613833190953
gora,BSZZ,13,0.995,0.25,0.08057408361270436,0.5479393009399676,-0.020138613833190953
gora,BSZZ,13,0.999,0.0,0.07290985579385885,0.5086907465952488,0.020051863856245425
gora,BSZZ,13,0.999,0.05,0.08553276722429615,0.5348022487969061,0.020051863856245425
gora,BSZZ,13,0.999,0.1,0.10175827088731376,0.5612154822784003,0.020051863856245425
gora,BSZZ,13,0.999,0.25,0.1045244172720819,0.5699906702624852,0.020051863856245425
gora,BSZZ,21,0.9,0.0,0.007973246838454557,0.3244477671192082,2.9794509715998043e-05
gora,BSZZ,21,0.9,0.05,0.019594859631378306,0.3411019300701942,2.9794509715998043e-05
gora,BSZZ,21,0.9,0.1,0.022762225569956746,0.35204725245867874,2.9794509715998043e-05
gora,BSZZ,21,0.9,0.25,-0.03633356238967515,0.29965594281977964,2.9794509715998043e-05
gora,BSZZ,21,0.95,0.0,0.007501108854900129,0.3609565915015658,0.0017063970930484772
gora,BSZZ,21,0.95,0.05,0.018101851237110736,0.3794847815596309,0.0017063970930484772
gora,BSZZ,21,0.95,0.1,0.024901184005905592,0.3945053208263942,0.0017063970930484772
gora,BSZZ,21,0.95,0.25,-0.02747736384386101,0.3498146101646628,0.0017063970930484772
gora,BSZZ,21,0.99,0.0,0.03650622516306036,0.45749316503645837,-0.03053219348433896
gora,BSZZ,21,0.99,0.05,0.04752748927793996,0.4809766544965047,-0.03053219348433896
gora,BSZZ,21,0.99,0.1,0.05923232174910521,0.5037408667185379,-0.03053219348433896
gora,BSZZ,21,0.99,0.25,0.03284735630427374,0.4901581762449744,-0.03053219348433896
gora,BSZZ,21,0.995,0.0,0.05443311284510305,0.48332397491561874,-0.026701522466126306
gora,BSZZ,21,0.995,0.05,0.06622722733073122,0.5081333804721238,-0.026701522466126306
gora,BSZZ,21,0.995,0.1,0.0793337701034372,0.5326736059646966,-0.026701522466126306
gora,BSZZ,21,0.995,0.25,0.06177476962037249,0.5284581077175197,-0.026701522466126306
gora,BSZZ,21,0.999,0.0,0.07292654351715794,0.5010362812777167,0.009944434853907351
gora,BSZZ,21,0.999,0.05,0.08555031154175698,0.5267548736626945,0.009944434853907351
gora,BSZZ,21,0.999,0.1,0.10000695192119964,0.5525368834601286,0.009944434853907351
gora,BSZZ,21,0.999,0.25,0.0909324719909651,0.5557594346379126,0.009944434853907351
gora,BSZZ,42,0.9,0.0,-0.015267278097812727,0.29047284816436686,3.149704349483774e-05
gora,BSZZ,42,0.9,0.05,-0.004838620006940729,0.30538305139713845,3.149704349483774e-05
gora,BSZZ,42,0.9,0.1,-0.0005005353236943682,0.31477971417145234,3.149704349483774e-05
gora,BSZZ,42,0.9,0.25,-0.05170717555001695,0.26486276488492977,3.149704349483774e-05
gora,BSZZ,42,0.95,0.0,-0.013770393267385304,0.333586059187448,0.0014045537113431172
gora,BSZZ,42,0.95,0.05,-0.004261534073961219,0.3507092979670318,0.0014045537113431172
gora,BSZZ,42,0.95,0.1,0.003180865587522185,0.36440295625225255,0.0014045537113431172
gora,BSZZ,42,0.95,0.25,-0.04576189894365436,0.31718179196967167,0.0014045537113431172
gora,BSZZ,42,0.99,0.0,0.013373274530798555,0.4377706161176526,-0.039980829586019985
gora,BSZZ,42,0.99,0.05,0.023207105818546847,0.4602417313936538,-0.039980829586019985
gora,BSZZ,42,0.99,0.1,0.03475324049616726,0.48198013330337625,-0.039980829586019985
gora,BSZZ,42,0.99,0.25,0.008636749428746055,0.46545412438457245,-0.039980829586019985
gora,BSZZ,42,0.995,0.0,0.029310116566184027,0.463503377682226,-0.04117745115451724
gora,BSZZ,42,0.995,0.05,0.03981464759262815,0.4872953761564087,-0.04117745115451724
gora,BSZZ,42,0.995,0.1,0.05255708766287831,0.5107881616005854,-0.04117745115451724
gora,BSZZ,42,0.995,0.25,0.03474373615717386,0.5034659665921958,-0.04117745115451724
gora,BSZZ,42,0.999,0.0,0.04600040248192403,0.4817808019005026,-0.00939455379406224
gora,BSZZ,42,0.999,0.05,0.05724203018722397,0.5065109951539506,-0.00939455379406224
gora,BSZZ,42,0.999,0.1,0.07115917630740479,0.5312670769382862,-0.00939455379406224
gora,BSZZ,42,0.999,0.25,0.061379988615650936,0.5313907527939397,-0.00939455379406224
gora,BSZZ,77,0.9,0.0,0.0004550530697154908,0.22079930327648237,-2.523725217301566e-05
gora,BSZZ,77,0.9,0.05,0.011690750973369364,0.2321331078172904,-2.523725217301566e-05
gora,BSZZ,77,0.9,0.1,0.015341217125951429,0.23728656709223106,-2.523725217301566e-05
gora,BSZZ,77,0.9,0.25,-0.036500557696314724,0.16995473089711907,-2.523725217301566e-05
gora,BSZZ,77,0.95,0.0,0.0019146180592188743,0.2535389105790713,-0.0030948307724262217
gora,BSZZ,77,0.95,0.05,0.012228601408191079,0.266553265304613,-0.0030948307724262217
gora,BSZZ,77,0.95,0.1,0.019318800964309987,0.2753863149570377,-0.0030948307724262217
gora,BSZZ,77,0.95,0.25,-0.030369204825236598,0.20853036013781315,-0.0030948307724262217
gora,BSZZ,77,0.99,0.0,0.030021850081675513,0.4212641772483002,-0.07787393251340091
gora,BSZZ,77,0.99,0.05,0.040710266045989735,0.44288800383709126,-0.07787393251340091
gora,BSZZ,77,0.99,0.1,0.05235815117813326,0.4635716880678871,-0.07787393251340091
gora,BSZZ,77,0.99,0.25,0.025128099100174238,0.4414998340689482,-0.07787393251340091
gora,BSZZ,77,0.995,0.0,0.05795107702261163,0.47652376439265304,-0.05599157345063558
gora,BSZZ,77,0.995,0.05,0.06992577141849214,0.5009841097131885,-0.05599157345063558
gora,BSZZ,77,0.995,0.1,0.08353399553225373,0.5251747631745817,-0.05599157345063558
gora,BSZZ,77,0.995,0.25,0.0672539865844806,0.5189159144732991,-0.05599157345063558
gora,BSZZ,77,0.999,0.0,0.08417142645141255,0.5071268318103352,0.004483439145908127
gora,BSZZ,77,0.999,0.05,0.09737240329583075,0.5331580570173297,0.004483439145908127
gora,BSZZ,77,0.999,0.1,0.11276274159024298,0.5593462530781266,0.004483439145908127
gora,BSZZ,77,0.999,0.25,0.1066556112127887,0.5633312608195953,0.004483439145908127
gora,BSZZ,101,0.9,0.0,-0.008408598088033967,0.2583184577951788,-2.13979541109362e-05
gora,BSZZ,101,0.9,0.05,0.0023721215242525377,0.2715781504956918,-2.13979541109362e-05
gora,BSZZ,101,0.9,0.1,0.005259047178965115,0.27877263855134254,-2.13979541109362e-05
gora,BSZZ,101,0.9,0.25,-0.02047141495957805,0.2317913559771759,-2.13979541109362e-05
gora,BSZZ,101,0.95,0.0,-0.006194302708728399,0.29697899443558623,-0.002821564129031382
gora,BSZZ,101,0.95,0.05,0.0037034432624214234,0.3122231633514813,-0.002821564129031382
gora,BSZZ,101,0.95,0.1,0.010235982052225472,0.32356660454274383,-0.002821564129031382
gora,BSZZ,101,0.95,0.25,-0.01598798379400532,0.27909598534839963,-0.002821564129031382
gora,BSZZ,101,0.99,0.0,0.008405714843476653,0.4128528764052493,-0.07037815988651265
gora,BSZZ,101,0.99,0.05,0.017984557325982177,0.43404494420551876,-0.07037815988651265
gora,BSZZ,101,0.99,0.1,0.0283459926301445,0.45421868570846524,-0.07037815988651265
gora,BSZZ,101,0.99,0.25,0.011900206777875472,0.44050688097456714,-0.07037815988651265
gora,BSZZ,101,0.995,0.0,0.025657719483484907,0.4498229979260883,-0.05721549628444841
gora,BSZZ,101,0.995,0.05,0.035974770051311396,0.47291277158389133,-0.05721549628444841
gora,BSZZ,101,0.995,0.1,0.04766975175673893,0.495515108861807,-0.05721549628444841
gora,BSZZ,101,0.995,0.25,0.0379693016931499,0.49283417271334834,-0.05721549628444841
gora,BSZZ,101,0.999,0.0,0.04111476506494219,0.4689854570974831,-0.015822454924648243
gora,BSZZ,101,0.999,0.05,0.052105609100549156,0.4930588550853768,-0.015822454924648243
gora,BSZZ,101,0.999,0.1,0.06494934130399939,0.5169843136539402,-0.015822454924648243
gora,BSZZ,101,0.999,0.25,0.06152887806221729,0.5213679069117967,-0.015822454924648243
gora,BSZZ,123,0.9,0.0,0.013966263773805145,0.2813902078263256,-2.0644013399132214e-05
gora,BSZZ,123,0.9,0.05,0.025895502911319125,0.2958341918782473,-2.0644013399132214e-05
gora,BSZZ,123,0.9,0.1,0.029986873684801223,0.3043724202471928,-2.0644013399132214e-05
gora,BSZZ,123,0.9,0.25,-0.014074928785412888,0.25308645371134697,-2.0644013399132214e-05
gora,BSZZ,123,0.95,0.0,0.01502889908245123,0.33989050505521223,-0.0023659620253437268
gora,BSZZ,123,0.95,0.05,0.026016048947825096,0.35733735607515654,-0.0023659620253437268
gora,BSZZ,123,0.95,0.1,0.033681667231664034,0.37119417729967574,-0.0023659620253437268
gora,BSZZ,123,0.95,0.25,-0.009115099726495834,0.3261127045228719,-0.0023659620253437268
gora,BSZZ,123,0.99,0.0,0.03567627849082105,0.443918038770138,-0.06008411892062811
gora,BSZZ,123,0.99,0.05,0.046654940780319516,0.4667047061594797,-0.06008411892062811
gora,BSZZ,123,0.99,0.1,0.05855228411015641,0.48870242463018276,-0.06008411892062811
gora,BSZZ,123,0.99,0.25,0.034248670354306406,0.4737159382834022,-0.06008411892062811
gora,BSZZ,123,0.995,0.0,0.05682754671504766,0.4796076995132005,-0.04315623905321849
gora,BSZZ,123,0.995,0.05,0.06874456940312547,0.5042263456859312,-0.04315623905321849
gora,BSZZ,123,0.995,0.1,0.08221260378668555,0.5285783606298379,-0.04315623905321849
gora,BSZZ,123,0.995,0.25,0.06696784416684011,0.5249378496985008,-0.04315623905321849
gora,BSZZ,123,0.999,0.0,0.07686276595029264,0.5004166009655268,0.006479782843164129
gora,BSZZ,123,0.999,0.05,0.08968858341537576,0.5261033846652783,0.006479782843164129
gora,BSZZ,123,0.999,0.1,0.1045812122649166,0.5518769036523409,0.006479782843164129
gora,BSZZ,123,0.999,0.25,0.09783865233642135,0.5562001049278047,0.006479782843164129
gora,BSZZ,202,0.9,0.0,-0.019773151390088957,0.2918418748538543,2.650311999025005e-05
gora,BSZZ,202,0.9,0.05,-0.009575783373155091,0.3068223513197366,2.650311999025005e-05
gora,BSZZ,202,0.9,0.1,-0.004759674317770102,0.3169911392262551,2.650311999025005e-05
gora,BSZZ,202,0.9,0.25,-0.04922406200546227,0.2700274828145815,2.650311999025005e-05
gora,BSZZ,202,0.95,0.0,-0.01760532301975503,0.334289727275031,0.0014447659770253606
gora,BSZZ,202,0.95,0.05,-0.008293313832631289,0.3514490858994146,0.0014447659770253606
gora,BSZZ,202,0.95,0.1,-0.000690446997032792,0.36545744826693294,0.0014447659770253606
gora,BSZZ,202,0.95,0.25,-0.04239579437050819,0.3218110595304071,0.0014447659770253606
gora,BSZZ,202,0.99,0.0,0.009532956187141825,0.4366695499962845,-0.03675028023427211
gora,BSZZ,202,0.99,0.05,0.01916966086789633,0.4590841466690975,-0.03675028023427211
gora,BSZZ,202,0.99,0.1,0.030625039379326546,0.4808382252993067,-0.03675028023427211
gora,BSZZ,202,0.99,0.25,0.011200544835799853,0.4673378432999391,-0.03675028023427211
gora,BSZZ,202,0.995,0.0,0.02484157128877497,0.46185142855945405,-0.038235901440405125
gora,BSZZ,202,0.995,0.05,0.03511672831808973,0.485558631166118,-0.038235901440405125
gora,BSZZ,202,0.995,0.1,0.04770843610614118,0.50902067689919,-0.038235901440405125
gora,BSZZ,202,0.995,0.25,0.036124277362254265,0.5043777597495749,-0.038235901440405125
gora,BSZZ,202,0.999,0.0,0.04044915117908163,0.4794512899898798,-0.007804473997295962
gora,BSZZ,202,0.999,0.05,0.051405828722448595,0.5040619075368887,-0.007804473997295962
gora,BSZZ,202,0.999,0.1,0.06509169887575153,0.5287375090968113,-0.007804473997295962
gora,BSZZ,202,0.999,0.25,0.06097296397823742,0.5311722380903939,-0.007804473997295962
gora,BSZZ,314,0.9,0.0,0.015835225343456282,0.35197955571443984,3.0124124142797043e-05
gora,BSZZ,314,0.9,0.05,0.027860399770667187,0.3700469473575765,3.0124124142797043e-05
gora,BSZZ,314,0.9,0.1,0.036042872462482646,0.3838289414854235,3.0124124142797043e-05
gora,BSZZ,314,0.9,0.25,-0.014091559394454924,0.3418440882044633,3.0124124142797043e-05
gora,BSZZ,314,0.95,0.0,0.016491248339707026,0.3953862930341376,0.0021031891119267375
gora,BSZZ,314,0.95,0.05,0.027553461760111135,0.4156817871632663,0.0021031891119267375
gora,BSZZ,314,0.95,0.1,0.038260450721527006,0.43343624887892385,0.0021031891119267375
gora,BSZZ,314,0.95,0.25,-0.0033296347215387057,0.40075860229938526,0.0021031891119267375
gora,BSZZ,314,0.99,0.0,0.043943794816888634,0.48272529205919656,-0.009561118262740531
gora,BSZZ,314,0.99,0.05,0.05534683532084308,0.507503966746646,-0.009561118262740531
gora,BSZZ,314,0.99,0.1,0.06956637869248804,0.532063761128281,-0.009561118262740531
gora,BSZZ,314,0.99,0.25,0.05696109135911782,0.5282640628234739,-0.009561118262740531
gora,BSZZ,314,0.995,0.0,0.05651799892805058,0.49929651922755824,-0.002604643052426201
gora,BSZZ,314,0.995,0.05,0.06841913228105437,0.5249258082373379,-0.002604643052426201
gora,BSZZ,314,0.995,0.1,0.08356104889697474,0.5506762617137382,-0.002604643052426201
gora,BSZZ,314,0.995,0.25,0.07882797628546616,0.5539704051819657,-0.002604643052426201
gora,BSZZ,314,0.999,0.0,0.0680922185458393,0.5090795710925409,0.030612906229005022
gora,BSZZ,314,0.999,0.05,0.08046783680955315,0.5352110319661124,0.030612906229005022
gora,BSZZ,314,0.999,0.1,0.0964236931712328,0.5617064734697843,0.030612906229005022
gora,BSZZ,314,0.999,0.25,0.0987012901109177,0.5704571426333354,0.030612906229005022
gora,BSZZ,999,0.9,0.0,0.016480125075664334,0.4378711800592262,2.0262433508137025e-05
gora,BSZZ,999,0.9,0.05,0.02853840272106843,0.4603474573626466,2.0262433508137025e-05
gora,BSZZ,999,0.9,0.1,0.036500440020382836,0.47939796551818425,2.0262433508137025e-05
gora,BSZZ,999,0.9,0.25,0.015550940224832867,0.47052597428972626,2.0262433508137025e-05
gora,BSZZ,999,0.95,0.0,0.02543288845800298,0.45775921419822746,0.0011894168792686197
gora,BSZZ,999,0.95,0.05,0.03695408340539188,0.48125636017418216,0.0011894168792686197
gora,BSZZ,999,0.95,0.1,0.047891289775577855,0.5027256506043685,0.0011894168792686197
gora,BSZZ,999,0.95,0.25,0.02985786645462214,0.4929138393340802,0.0011894168792686197
gora,BSZZ,999,0.99,0.0,0.03622709209168343,0.47483400552310717,-0.02077845330269338
gora,BSZZ,999,0.99,0.05,0.047234028083127336,0.49920761417163156,-0.02077845330269338
gora,BSZZ,999,0.99,0.1,0.0607670517902885,0.5232918593945303,-0.02077845330269338
gora,BSZZ,999,0.99,0.25,0.05644859084484914,0.5240585377413103,-0.02077845330269338
gora,BSZZ,999,0.995,0.0,0.04411809401516649,0.48535574864488973,-0.014432459826946688
gora,BSZZ,999,0.995,0.05,0.055382730347927185,0.5102694467692471,-0.014432459826946688
gora,BSZZ,999,0.995,0.1,0.06957492930532136,0.535186021804987,-0.014432459826946688
gora,BSZZ,999,0.995,0.25,0.0705231418710054,0.5412778857113107,-0.014432459826946688
gora,BSZZ,999,0.999,0.0,0.0505518802625383,0.48966093906583813,0.014698838444378552
gora,BSZZ,999,0.999,0.05,0.062027138956576994,0.5147956260521074,0.014698838444378552
gora,BSZZ,999,0.999,0.1,0.07674073537637253,0.5401331470583567,0.014698838444378552
gora,BSZZ,999,0.999,0.25,0.08235928576484358,0.5500863101320616,0.014698838444378552
gora,AGSZZ,7,0.9,0.0,0.0038190331883791936,0.16696515941094747,-1.9849786745265377e-05
gora,AGSZZ,7,0.9,0.05,0.014657230639516914,0.17553561436169954,-1.9849786745265377e-05
gora,AGSZZ,7,0.9,0.1,0.016466872167928994,0.17722441738204459,-1.9849786745265377e-05
gora,AGSZZ,7,0.9,0.25,-0.0520381056275356,0.084397026754481,-1.9849786745265377e-05
gora,AGSZZ,7,0.95,0.0,-0.006437758374082192,0.23354586239215003,-0.0026634138762837646
gora,AGSZZ,7,0.95,0.05,0.003055268962802121,0.24553395799022623,-0.0026634138762837646
gora,AGSZZ,7,0.95,0.1,0.007759994945583963,0.25298561414243254,-0.0026634138762837646
gora,AGSZZ,7,0.95,0.25,-0.0598354030407253,0.1714978267420065,-0.0026634138762837646
gora,AGSZZ,7,0.99,0.0,0.020183215340166785,0.41171806272694106,-0.07592903014526255
gora,AGSZZ,7,0.99,0.05,0.03010774634716211,0.4328518796349779,-0.07592903014526255
gora,AGSZZ,7,0.99,0.1,0.039646726439796796,0.45285391661702273,-0.07592903014526255
gora,AGSZZ,7,0.99,0.25,-0.0016645899435785562,0.4236082091011711,-0.07592903014526255
gora,AGSZZ,7,0.995,0.0,0.04610119080518776,0.4614884231225914,-0.06130227204627765
gora,AGSZZ,7,0.995,0.05,0.0572236931511884,0.48517699237032896,-0.06130227204627765
gora,AGSZZ,7,0.995,0.1,0.06866423845588096,0.5083712618632225,-0.06130227204627765
gora,AGSZZ,7,0.995,0.25,0.038591877259558774,0.494383163504599,-0.06130227204627765
gora,AGSZZ,7,0.999,0.0,0.07177565787135945,0.4913904096951352,-0.01020449302471848
gora,AGSZZ,7,0.999,0.05,0.08410801658049014,0.5166138717897524,-0.01020449302471848
gora,AGSZZ,7,0.999,0.1,0.09734782266252796,0.5417717848950834,-0.01020449302471848
gora,AGSZZ,7,0.999,0.25,0.07793788545516508,0.5383627124584729,-0.01020449302471848
gora,AGSZZ,13,0.9,0.0,0.0033061787929176793,0.24541479355246656,-4.4760139582135095e-07
gora,AGSZZ,13,0.9,0.05,0.014688227256507798,0.25801213086409513,-4.4760139582135095e-07
gora,AGSZZ,13,0.9,0.1,0.021128016194954358,0.2652504744289623,-4.4760139582135095e-07
gora,AGSZZ,13,0.9,0.25,-0.056759992263531664,0.17976948940113965,-4.4760139582135095e-07
gora,AGSZZ,13,0.95,0.0,-0.004136692719642509,0.2963471063870506,-0.0007105964810416573
gora,AGSZZ,13,0.95,0.05,0.005866672015205643,0.311558839984865,-0.0007105964810416573
gora,AGSZZ,13,0.95,0.1,0.014569825527181902,0.3232970480080826,-0.0007105964810416573
gora,AGSZZ,13,0.95,0.25,-0.057074268004120306,0.2500389804751154,-0.0007105964810416573
gora,AGSZZ,13,0.99,0.0,0.017024102180260087,0.4223333512310149,-0.05643044212630882
gora,AGSZZ,13,0.99,0.05,0.027045333366364766,0.4440120593740517,-0.05643044212630882
gora,AGSZZ,13,0.99,0.1,0.039177652047193326,0.4649276145955006,-0.05643044212630882
gora,AGSZZ,13,0.99,0.25,0.004750900874633861,0.43972291599145275,-0.05643044212630882
gora,AGSZZ,13,0.995,0.0,0.03799017948938258,0.46095689360977343,-0.047046399849864674
gora,AGSZZ,13,0.995,0.05,0.0489402650765232,0.48461817902320287,-0.047046399849864674
gora,AGSZZ,13,0.995,0.1,0.06252926264524374,0.508036994538652,-0.047046399849864674
gora,AGSZZ,13,0.995,0.25,0.03993692793086171,0.4964131883194298,-0.047046399849864674
gora,AGSZZ,13,0.999,0.0,0.058759522527536946,0.4860680760534449,-0.0029028817670887943
gora,AGSZZ,13,0.999,0.05,0.07065608605266875,0.511018338512462,-0.0029028817670887943
gora,AGSZZ,13,0.999,0.1,0.08563270189476356,0.5360949613416598,-0.0029028817670887943
gora,AGSZZ,13,0.999,0.25,0.07378762421770306,0.5344920253475273,-0.0029028817670887943
gora,AGSZZ,21,0.9,0.0,0.08248260117957311,0.4583085090198747,5.452125951106135e-05
gora,AGSZZ,21,0.9,0.05,0.09792883862498775,0.4818338507376249,5.452125951106135e-05
gora,AGSZZ,21,0.9,0.1,0.10496409881546549,0.5005680014835935,5.452125951106135e-05
gora,AGSZZ,21,0.9,0.25,0.04830492039225549,0.4692246159106447,5.452125951106135e-05
gora,AGSZZ,21,0.95,0.0,0.09958582657089919,0.5247918454227863,0.004857411188413068
gora,AGSZZ,21,0.95,0.05,0.11491335104119339,0.5517298298836517,0.004857411188413068
gora,AGSZZ,21,0.95,0.1,0.12673211457873754,0.576354394146623,0.004857411188413068
gora,AGSZZ,21,0.95,0.25,0.0779162912286133,0.5571232339617911,0.004857411188413068
gora,AGSZZ,21,0.99,0.0,0.1304173585915476,0.5713088658614393,0.06816157777158573
gora,AGSZZ,21,0.99,0.05,0.1462591561713876,0.6006346061242889,0.06816157777158573
gora,AGSZZ,21,0.99,0.1,0.16328068123634293,0.6300913158935288,0.06816157777158573
gora,AGSZZ,21,0.99,0.25,0.1444476347810389,0.6353806802665986,0.06816157777158573
gora,AGSZZ,21,0.995,0.0,0.12893324214914437,0.5593712582030802,0.07805219413143236
gora,AGSZZ,21,0.995,0.05,0.14455150775874426,0.5880842315328962,0.07805219413143236
gora,AGSZZ,21,0.995,0.1,0.16185047016948803,0.6170889540203869,0.07805219413143236
gora,AGSZZ,21,0.995,0.25,0.14874516953632252,0.6241850494946785,0.07805219413143236
gora,AGSZZ,21,0.999,0.0,0.12783686822407506,0.5469951438955273,0.09489309124787952
gora,AGSZZ,21,0.999,0.05,0.14327922706062607,0.575072841395868,0.09489309124787952
gora,AGSZZ,21,0.999,0.1,0.16078801464618994,0.6035441426899899,0.09489309124787952
gora,AGSZZ,21,0.999,0.25,0.15288455724241173,0.612027891633027,0.09489309124787952
gora,AGSZZ,42,0.9,0.0,0.040671858252633496,0.27493834107854653,-2.066867975991463e-05
gora,AGSZZ,42,0.9,0.05,0.05397191687860446,0.289051145658624,-2.066867975991463e-05
gora,AGSZZ,42,0.9,0.1,0.05999963733911138,0.2974048158965312,-2.066867975991463e-05
gora,AGSZZ,42,0.9,0.25,0.0020366704313148605,0.2290998206568189,-2.066867975991463e-05
gora,AGSZZ,42,0.95,0.0,0.043327012648150406,0.38120220891985,-0.0018806812163328051
gora,AGSZZ,42,0.95,0.05,0.05576672727830352,0.4007696226856978,-0.0018806812163328051
gora,AGSZZ,42,0.95,0.1,0.06530485359017173,0.4171489735563362,-0.0018806812163328051
gora,AGSZZ,42,0.95,0.25,0.012215843100576067,0.3694183908038185,-0.0018806812163328051
gora,AGSZZ,42,0.99,0.0,0.07699770301015277,0.5090772745155667,-0.015487615262093768
gora,AGSZZ,42,0.99,0.05,0.09009742701452189,0.5352086175040084,-0.015487615262093768
gora,AGSZZ,42,0.99,0.1,0.10452210031357084,0.5610830189690887,-0.015487615262093768
gora,AGSZZ,42,0.99,0.25,0.08128097936194531,0.555174688372589,-0.015487615262093768
gora,AGSZZ,42,0.995,0.0,0.08912413308940124,0.5211085984261111,0.006776267100519469
gora,AGSZZ,42,0.995,0.05,0.10269896534422343,0.5478575188776416,0.006776267100519469
gora,AGSZZ,42,0.995,0.1,0.11814985899597792,0.5746836250631404,0.006776267100519469
gora,AGSZZ,42,0.995,0.25,0.10335300850283922,0.575713136481265,0.006776267100519469
gora,AGSZZ,42,0.999,0.0,0.09926370585179808,0.5247936889627175,0.04664626232008072
gora,AGSZZ,42,0.999,0.05,0.11323938144870754,0.5517317680539596,0.04664626232008072
gora,AGSZZ,42,0.999,0.1,0.12952183899669517,0.5789642691529607,0.04664626232008072
gora,AGSZZ,42,0.999,0.25,0.12211628884845248,0.5847768349044742,0.04664626232008072
gora,AGSZZ,77,0.9,0.0,0.045878511282213326,0.345172178252111,1.0690234719717496e-05
gora,AGSZZ,77,0.9,0.05,0.05944583156559616,0.36289014177455775,1.0690234719717496e-05
gora,AGSZZ,77,0.9,0.1,0.06433938623071554,0.3748028136250162,1.0690234719717496e-05
gora,AGSZZ,77,0.9,0.25,-0.008632723041631492,0.31207539098818593,1.0690234719717496e-05
gora,AGSZZ,77,0.95,0.0,0.045115350679221504,0.3973588602190632,-0.0002080236715351106
gora,AGSZZ,77,0.95,0.05,0.05764686212846001,0.41775560779684784,-0.0002080236715351106
gora,AGSZZ,77,0.95,0.1,0.06638214502262366,0.43481117958041776,-0.0002080236715351106
gora,AGSZZ,77,0.95,0.25,-0.0022476554530963862,0.38255913612102244,-0.0002080236715351106
gora,AGSZZ,77,0.99,0.0,0.07458546921019647,0.4933790163404441,-0.02894385442059342
gora,AGSZZ,77,0.99,0.05,0.08756137132749561,0.5187045552020259,-0.02894385442059342
gora,AGSZZ,77,0.99,0.1,0.10141842097532962,0.5435518604234637,-0.02894385442059342
gora,AGSZZ,77,0.99,0.25,0.0658182262581128,0.5296722643623173,-0.02894385442059342
gora,AGSZZ,77,0.995,0.0,0.091630073686643,0.5131750866299606,-0.010140835448700739
gora,AGSZZ,77,0.995,0.05,0.10533353787326277,0.5395167735862513,-0.010140835448700739
gora,AGSZZ,77,0.995,0.1,0.12055711018760933,0.5657895459094975,-0.010140835448700739
gora,AGSZZ,77,0.995,0.25,0.09549098711589692,0.5611559559566792,-0.010140835448700739
gora,AGSZZ,77,0.999,0.0,0.10821005529146921,0.5240491223738354,0.034862809448962195
gora,AGSZZ,77,0.999,0.05,0.12264495414858993,0.5509489822675494,0.034862809448962195
gora,AGSZZ,77,0.999,0.1,0.13911768987568324,0.5780637009755667,0.034862809448962195
gora,AGSZZ,77,0.999,0.25,0.12374400249143278,0.5802693459385304,0.034862809448962195
gora,AGSZZ,101,0.9,0.0,0.035508151939089294,0.20524025109514235,-1.9848853969918126e-05
gora,AGSZZ,101,0.9,0.05,0.04854315339687452,0.21577539706390442,-1.9848853969918126e-05
gora,AGSZZ,101,0.9,0.1,0.05481716947682993,0.22027760888783857,-1.9848853969918126e-05
gora,AGSZZ,101,0.9,0.25,-0.028311822847683216,0.121233877031141,-1.9848853969918126e-05
gora,AGSZZ,101,0.95,0.0,0.030487658702555258,0.28546902254440765,-0.002641466482408626
gora,AGSZZ,101,0.95,0.05,0.042268319042725364,0.3001223754126567,-0.002641466482408626
gora,AGSZZ,101,0.95,0.1,0.05143940102621911,0.31097814506817173,-0.002641466482408626
gora,AGSZZ,101,0.95,0.25,-0.025119131276077806,0.23057225263406092,-0.002641466482408626
gora,AGSZZ,101,0.99,0.0,0.06307076661167639,0.4670415366169513,-0.05764983606924541
gora,AGSZZ,101,0.99,0.05,0.07545560985034429,0.49101515161439935,-0.05764983606924541
gora,AGSZZ,101,0.99,0.1,0.08926226828346796,0.5144559121713354,-0.05764983606924541
gora,AGSZZ,101,0.99,0.25,0.052633185092187965,0.49479685506108134,-0.05764983606924541
gora,AGSZZ,101,0.995,0.0,0.08567485813994959,0.5016942880298043,-0.034437639761246655
gora,AGSZZ,101,0.995,0.05,0.0990726363574425,0.5274466564267715,-0.034437639761246655
gora,AGSZZ,101,0.995,0.1,0.11450339710349146,0.5531690265894885,-0.034437639761246655
gora,AGSZZ,101,0.995,0.25,0.09045293097173225,0.546422417740412,-0.034437639761246655
gora,AGSZZ,101,0.999,0.0,0.10707316600551693,0.5204893551934789,0.020491484272947853
gora,AGSZZ,101,0.999,0.05,0.12144970742780739,0.5472064893954255,0.020491484272947853
gora,AGSZZ,101,0.999,0.1,0.13836123780447307,0.5742231569689438,0.020491484272947853
gora,AGSZZ,101,0.999,0.25,0.12561869294534497,0.5763086933717432,0.020491484272947853
gora,AGSZZ,123,0.9,0.0,0.006277140071298475,0.13912266668701645,-2.3405439719128327e-05
gora,AGSZZ,123,0.9,0.05,0.017811690349558304,0.1462639442546009,-2.3405439719128327e-05
gora,AGSZZ,123,0.9,0.1,0.020466549075587023,0.1459710831141606,-2.3405439719128327e-05
gora,AGSZZ,123,0.9,0.25,-0.07581795331047403,0.03081202611002979,-2.3405439719128327e-05
gora,AGSZZ,123,0.95,0.0,-0.007817065104312413,0.18481829313389334,-0.003017715394572181
gora,AGSZZ,123,0.95,0.05,0.001997383177330239,0.1943051636939981,-0.003017715394572181
gora,AGSZZ,123,0.95,0.1,0.007767257810686026,0.19880915156881665,-0.003017715394572181
gora,AGSZZ,123,0.95,0.25,-0.08387787809154888,0.0942889609225287,-0.003017715394572181
gora,AGSZZ,123,0.99,0.0,0.019704939191530584,0.38965318053588205,-0.08713333104878197
gora,AGSZZ,123,0.99,0.05,0.029863779882016057,0.409654389422705,-0.08713333104878197
gora,AGSZZ,123,0.99,0.1,0.04058805582994616,0.4283817001727091,-0.08713333104878197
gora,AGSZZ,123,0.99,0.25,-0.012200850961755043,0.3895916514881072,-0.08713333104878197
gora,AGSZZ,123,0.995,0.0,0.04906939384238977,0.45146689090332504,-0.07442038329976765
gora,AGSZZ,123,0.995,0.05,0.060588184348791214,0.4746410469002637,-0.07442038329976765
gora,AGSZZ,123,0.995,0.1,0.07339811183896756,0.49727661209892543,-0.07442038329976765
gora,AGSZZ,123,0.995,0.25,0.034856284104016505,0.47749504840852197,-0.07442038329976765
gora,AGSZZ,123,0.999,0.0,0.07942701210670448,0.4891632600777422,-0.018862760525588777
gora,AGSZZ,123,0.999,0.05,0.09238445437449316,0.5142724008041663,-0.018862760525588777
gora,AGSZZ,123,0.999,0.1,0.10725071005783898,0.5393346400568513,-0.018862760525588777
gora,AGSZZ,123,0.999,0.25,0.0822116890445611,0.5326598054835496,-0.018862760525588777
gora,AGSZZ,202,0.9,0.0,0.026256184423645343,0.19926931262801925,-2.7075116142562877e-05
gora,AGSZZ,202,0.9,0.05,0.03881627500136025,0.20949796555759437,-2.7075116142562877e-05
gora,AGSZZ,202,0.9,0.1,0.044631035179690144,0.21332230322676146,-2.7075116142562877e-05
gora,AGSZZ,202,0.9,0.25,-0.018448381138986187,0.12444712111166888,-2.7075116142562877e-05
gora,AGSZZ,202,0.95,0.0,0.023755730115638963,0.2812853035711818,-0.0031556805473105473
gora,AGSZZ,202,0.95,0.05,0.03519083518613844,0.29572390280392313,-0.0031556805473105473
gora,AGSZZ,202,0.95,0.1,0.04405154419716618,0.3061781649287029,-0.0031556805473105473
gora,AGSZZ,202,0.95,0.25,-0.015400606603893084,0.23381820671740744,-0.0031556805473105473
gora,AGSZZ,202,0.99,0.0,0.0528435876003444,0.46332915825372195,-0.061120171550546554
gora,AGSZZ,202,0.99,0.05,0.06470346157417205,0.48711221390552906,-0.061120171550546554
gora,AGSZZ,202,0.99,0.1,0.07809934852519768,0.5102888203127424,-0.061120171550546554
gora,AGSZZ,202,0.99,0.25,0.04954887430799451,0.49387212850056855,-0.061120171550546554
gora,AGSZZ,202,0.995,0.0,0.07328447189050272,0.4969608019469179,-0.03647670164152056
gora,AGSZZ,202,0.995,0.05,0.0860462416883472,0.5224701967236609,-0.03647670164152056
gora,AGSZZ,202,0.995,0.1,0.10094597615250012,0.5478766549874068,-0.03647670164152056
gora,AGSZZ,202,0.995,0.25,0.08308171132772046,0.5434403081217347,-0.03647670164152056
gora,AGSZZ,202,0.999,0.0,0.09153414638209054,0.5140611876617194,0.01816488913844084
gora,AGSZZ,202,0.999,0.05,0.1051130575195283,0.5404483588915036,0.01816488913844084
gora,AGSZZ,202,0.999,0.1,0.12131187297937836,0.5670549839120109,0.01816488913844084
gora,AGSZZ,202,0.999,0.25,0.11294077214601615,0.5705488745490381,0.01816488913844084
gora,AGSZZ,314,0.9,0.0,0.027126709123805198,0.3310869931682019,4.5206302335321065e-05
gora,AGSZZ,314,0.9,0.05,0.039161308191400145,0.34808195289356586,4.5206302335321065e-05
gora,AGSZZ,314,0.9,0.1,0.04401965873884858,0.36030192532724004,4.5206302335321065e-05
gora,AGSZZ,314,0.9,0.25,-0.03497792203834458,0.29136923693253514,4.5206302335321065e-05
gora,AGSZZ,314,0.95,0.0,0.021926128768116962,0.36382943068834916,0.0029978748201988153
gora,AGSZZ,314,0.95,0.05,0.032875097079981076,0.3825050858757739,0.0029978748201988153
gora,AGSZZ,314,0.95,0.1,0.04042049043924673,0.3980429434008121,0.0029978748201988153
gora,AGSZZ,314,0.95,0.25,-0.03260182132693181,0.3370463426912615,0.0029978748201988153
gora,AGSZZ,314,0.99,0.0,0.03966353779158937,0.45438674084341835,-0.016435125200405496
gora,AGSZZ,314,0.99,0.05,0.050588009304646304,0.47771077506922116,-0.016435125200405496
gora,AGSZZ,314,0.99,0.1,0.06187787075361724,0.5003714892797253,-0.016435125200405496
gora,AGSZZ,314,0.99,0.25,0.023685310964116885,0.4791867064604715,-0.016435125200405496
gora,AGSZZ,314,0.995,0.0,0.056298490724130804,0.47859593189579347,-0.012578975482368726
gora,AGSZZ,314,0.995,0.05,0.06794442861730154,0.5031626432288475,-0.012578975482368726
gora,AGSZZ,314,0.995,0.1,0.0805219304885717,0.5274843557112054,-0.012578975482368726
gora,AGSZZ,314,0.995,0.25,0.05304014881113115,0.516690965833349,-0.012578975482368726
gora,AGSZZ,314,0.999,0.0,0.07451417472480058,0.49600380273437694,0.020093539774458123
gora,AGSZZ,314,0.999,0.05,0.08698710369066684,0.5214640739773962,0.020093539774458123
gora,AGSZZ,314,0.999,0.1,0.10087350878112886,0.5469963409680841,0.020093539774458123
gora,AGSZZ,314,0.999,0.25,0.08350108677400854,0.5445501868335005,0.020093539774458123
gora,AGSZZ,999,0.9,0.0,0.0201750303705679,0.24869937931812505,-5.026285601780305e-06
gora,AGSZZ,999,0.9,0.05,0.03185279421698908,0.2614653170397778,-5.026285601780305e-06
gora,AGSZZ,999,0.9,0.1,0.03407108388396538,0.2677780160459059,-5.026285601780305e-06
gora,AGSZZ,999,0.9,0.25,-0.05780372452456759,0.1772782705652126,-5.026285601780305e-06
gora,AGSZZ,999,0.95,0.0,0.012261825902992728,0.3004212888181765,-0.0010170580021042978
gora,AGSZZ,999,0.95,0.05,0.022714717832046274,0.31584215345333005,-0.0010170580021042978
gora,AGSZZ,999,0.95,0.1,0.028146288068253787,0.3271469014859103,-0.0010170580021042978
gora,AGSZZ,999,0.95,0.25,-0.05923625599609373,0.2483375897447347,-0.0010170580021042978
gora,AGSZZ,999,0.99,0.0,0.039074002159816254,0.4294131301795443,-0.05797290651977151
gora,AGSZZ,999,0.99,0.05,0.0499682123381624,0.45145524902906464,-0.05797290651977151
gora,AGSZZ,999,0.99,0.1,0.060441716532417616,0.4724669908454614,-0.05797290651977151
gora,AGSZZ,999,0.99,0.25,0.009200497199919853,0.4418356226741602,-0.05797290651977151
gora,AGSZZ,999,0.995,0.0,0.06367722206077452,0.46991296468938837,-0.04799189082035829
gora,AGSZZ,999,0.995,0.05,0.07570191612521782,0.4940339723825699,-0.04799189082035829
gora,AGSZZ,999,0.995,0.1,0.08802067920929736,0.5176952787562964,-0.04799189082035829
gora,AGSZZ,999,0.995,0.25,0.04956211020807055,0.5012292327689288,-0.04799189082035829
gora,AGSZZ,999,0.999,0.0,0.08992322123048561,0.4977169393020171,0.000162552872719945
gora,AGSZZ,999,0.999,0.05,0.10318710885729007,0.5232651472129571,0.000162552872719945
gora,AGSZZ,999,0.999,0.1,0.11735492027665397,0.5487699108005218,0.000162552872719945
gora,AGSZZ,999,0.999,0.25,0.0911789300595716,0.5431347766579454,0.000162552872719945
gora,MASZZ,7,0.9,0.0,0.02110574790207372,0.19455313858438303,-1.7288215584561184e-05
gora,MASZZ,7,0.9,0.05,0.03283128622254556,0.20453970653453196,-1.7288215584561184e-05
gora,MASZZ,7,0.9,0.1,0.035662762201409064,0.20785926172523705,-1.7288215584561184e-05
gora,MASZZ,7,0.9,0.25,-0.029003037587359518,0.121158839966312,-1.7288215584561184e-05
gora,MASZZ,7,0.95,0.0,0.0175400811389049,0.2764492069463726,-0.002709572925675763
gora,MASZZ,7,0.95,0.05,0.02826391012379425,0.29063956547784037,-0.002709572925675763
gora,MASZZ,7,0.95,0.1,0.0343859894248648,0.30062727988236243,-0.002709572925675763
gora,MASZZ,7,0.95,0.25,-0.027884209665588265,0.22866782562992238,-0.002709572925675763
gora,MASZZ,7,0.99,0.0,0.05205430025940993,0.46027405823611717,-0.06392325556480992
gora,MASZZ,7,0.99,0.05,0.06361479950370481,0.48390029316458705,-0.06392325556480992
gora,MASZZ,7,0.99,0.1,0.07503771029590414,0.5067725220719913,-0.06392325556480992
gora,MASZZ,7,0.99,0.25,0.04080459068375025,0.4883105356471335,-0.06392325556480992
gora,MASZZ,7,0.995,0.0,0.07400309448711921,0.4948817612368128,-0.04085819134054893
gora,MASZZ,7,0.995,0.05,0.08655782382819999,0.5202844371938354,-0.04085819134054893
gora,MASZZ,7,0.995,0.1,0.09964767768501369,0.5454526192470868,-0.04085819134054893
gora,MASZZ,7,0.995,0.25,0.07577200433451803,0.5388807923652361,-0.04085819134054893
gora,MASZZ,7,0.999,0.0,0.09424611826956951,0.5133085936596729,0.012827293744480934
gora,MASZZ,7,0.999,0.05,0.10773190365313304,0.5396571336384013,0.012827293744480934
gora,MASZZ,7,0.999,0.1,0.12229996041395398,0.5661106518275921,0.012827293744480934
gora,MASZZ,7,0.999,0.25,0.10788045075687631,0.5675693527774832,0.012827293744480934
gora,MASZZ,13,0.9,0.0,-0.010216180159960985,0.13355407895787952,-2.8016248624030445e-05
gora,MASZZ,13,0.9,0.05,0.00047175482125703255,0.1404095164709266,-2.8016248624030445e-05
gora,MASZZ,13,0.9,0.1,0.00611222402438829,0.14103566484902927,-2.8016248624030445e-05
gora,MASZZ,13,0.9,0.25,-0.07477894286821095,0.030711717905220058,-2.8016248624030445e-05
gora,MASZZ,13,0.95,0.0,-0.023481146038410797,0.17893828122675548,-0.0035642337191803893
gora,MASZZ,13,0.95,0.05,-0.014470747538556455,0.18812332608060037,-0.0035642337191803893
gora,MASZZ,13,0.95,0.1,-0.0069110633990808685,0.19292138472767462,-0.0035642337191803893
gora,MASZZ,13,0.95,0.25,-0.08285133471563565,0.09358818453862579,-0.0035642337191803893
gora,MASZZ,13,0.99,0.0,-0.0014132655478075644,0.3812609603535943,-0.09857141100497789
gora,MASZZ,13,0.99,0.05,0.0076615608309628415,0.4008313898774481,-0.09857141100497789
gora,MASZZ,13,0.99,0.1,0.018704028847150327,0.4193191162918589,-0.09857141100497789
gora,MASZZ,13,0.99,0.25,-0.019817446965417745,0.38499271802708274,-0.09857141100497789
gora,MASZZ,13,0.995,0.0,0.024974947030488037,0.44183073201884543,-0.084981455181967
gora,MASZZ,13,0.995,0.05,0.03525695034312266,0.4645102562859724,-0.084981455181967
gora,MASZZ,13,0.995,0.1,0.04807660491478452,0.48679850586438866,-0.084981455181967
gora,MASZZ,13,0.995,0.25,0.022593738654310663,0.47092700191031367,-0.084981455181967
gora,MASZZ,13,0.999,0.0,0.050700147183265515,0.4774367817548438,-0.030089355537458184
gora,MASZZ,13,0.999,0.05,0.06218301653673318,0.5019439929856059,-0.030089355537458184
gora,MASZZ,13,0.999,0.1,0.07668323489600432,0.5265104116486349,-0.030089355537458184
gora,MASZZ,13,0.999,0.25,0.06304826381919197,0.5229905657158974,-0.030089355537458184
gora,MASZZ,21,0.9,0.0,0.02698368637897908,0.19723955540391352,-2.4965438993482654e-05
gora,MASZZ,21,0.9,0.05,0.03958112021295637,0.20736401927445663,-2.4965438993482654e-05
gora,MASZZ,21,0.9,0.1,0.04333578579392233,0.21066613130362055,-2.4965438993482654e-05
gora,MASZZ,21,0.9,0.25,-0.025649055233596296,0.12134237169467714,-2.4965438993482654e-05
gora,MASZZ,21,0.95,0.0,0.02461892334685823,0.28025385275830555,-0.003191501105128104
gora,MASZZ,21,0.95,0.05,0.036098336815157936,0.29463950679723,-0.003191501105128104
gora,MASZZ,21,0.95,0.1,0.04348573409099728,0.3048091934569487,-0.003191501105128104
gora,MASZZ,21,0.95,0.25,-0.021979365356674996,0.2312689931341819,-0.003191501105128104
gora,MASZZ,21,0.99,0.0,0.05930586177454593,0.46601508393651864,-0.06119864572284862
gora,MASZZ,21,0.99,0.05,0.07149744944172613,0.4899360102982792,-0.06119864572284862
gora,MASZZ,21,0.99,0.1,0.08431550505200171,0.5131687026315187,-0.06119864572284862
gora,MASZZ,21,0.99,0.25,0.04968942335982943,0.49507354435218637,-0.06119864572284862
gora,MASZZ,21,0.995,0.0,0.08115758371424661,0.5001123985143875,-0.035084830953692754
gora,MASZZ,21,0.995,0.05,0.09432348662851903,0.5257835672594227,-0.035084830953692754
gora,MASZZ,21,0.995,0.1,0.1087983835941899,0.5512854411532242,-0.035084830953692754
gora,MASZZ,21,0.995,0.25,0.08508266564596476,0.5452208340540832,-0.035084830953692754
gora,MASZZ,21,0.999,0.0,0.10120023641086168,0.5177633891550674,0.02089637612343005
gora,MASZZ,21,0.999,0.05,0.11527531566764705,0.5443405973436354,0.02089637612343005
gora,MASZZ,21,0.999,0.1,0.13120958614677833,0.5710839813014872,0.02089637612343005
gora,MASZZ,21,0.999,0.25,0.11739044304311778,0.5730756979668237,0.02089637612343005
gora,MASZZ,42,0.9,0.0,3.422693607573227e-05,0.16684083216701448,-2.793957463985421e-05
gora,MASZZ,42,0.9,0.05,0.011248323498269012,0.17540490530106276,-2.793957463985421e-05
gora,MASZZ,42,0.9,0.1,0.014873914210483993,0.1773688270851312,-2.793957463985421e-05
gora,MASZZ,42,0.9,0.25,-0.052114197323038014,0.08505663408313882,-2.793957463985421e-05
gora,MASZZ,42,0.95,0.0,-0.0071883242013022165,0.23387457646650522,-0.0034932745057589206
gora,MASZZ,42,0.95,0.05,0.0026583978529284183,0.24587954522048933,-0.0034932745057589206
gora,MASZZ,42,0.95,0.1,0.009210513675016492,0.2535502170368588,-0.0034932745057589206
gora,MASZZ,42,0.95,0.25,-0.055097364797610196,0.1730998829804457,-0.0034932745057589206
gora,MASZZ,42,0.99,0.0,0.018924448771419213,0.4124395647024934,-0.0873635264347216
gora,MASZZ,42,0.99,0.05,0.029043226265435096,0.4336104168830396,-0.0873635264347216
gora,MASZZ,42,0.99,0.1,0.04003513325730647,0.4537724697188286,-0.0873635264347216
gora,MASZZ,42,0.99,0.25,0.0038966188944280795,0.4264020292722769,-0.0873635264347216
gora,MASZZ,42,0.995,0.0,0.04396404701202947,0.4619548861795946,-0.06998530780375167
gora,MASZZ,42,0.995,0.05,0.05522077598911583,0.4856673993485092,-0.06998530780375167
gora,MASZZ,42,0.995,0.1,0.0680022132112659,0.5089968723074705,-0.06998530780375167
gora,MASZZ,42,0.995,0.25,0.04317583356118479,0.496889033174461,-0.06998530780375167
gora,MASZZ,42,0.999,0.0,0.06803109805969829,0.49105559904990564,-0.01437847263445692
gora,MASZZ,42,0.999,0.05,0.08040357896005512,0.5162618750467639,-0.01437847263445692
gora,MASZZ,42,0.999,0.1,0.09483984680988558,0.5415000849726697,-0.01437847263445692
gora,MASZZ,42,0.999,0.25,0.08049789822428097,0.5398198138881249,-0.01437847263445692
gora,MASZZ,77,0.9,0.0,0.046853052384912004,0.3434990178942463,2.461605921114895e-05
gora,MASZZ,77,0.9,0.05,0.060470396641247065,0.3611310967595403,2.461605921114895e-05
gora,MASZZ,77,0.9,0.1,0.06542155737487693,0.37294486648064035,2.461605921114895e-05
gora,MASZZ,77,0.9,0.25,-0.007334117668637827,0.30984585441493484,2.461605921114895e-05
gora,MASZZ,77,0.95,0.0,0.046366962089639065,0.3959888109939905,5.6852217116882026e-05
gora,MASZZ,77,0.95,0.05,0.05896271975195984,0.4163152328510965,5.6852217116882026e-05
gora,MASZZ,77,0.95,0.1,0.06777198660889056,0.4332898196979575,5.6852217116882026e-05
gora,MASZZ,77,0.95,0.25,-0.0005798455495761106,0.3807335042620701,5.6852217116882026e-05
gora,MASZZ,77,0.99,0.0,0.07358835221839488,0.49269025350813905,-0.03278163080580292
gora,MASZZ,77,0.99,0.05,0.08651307152432776,0.5179804376235758,-0.03278163080580292
gora,MASZZ,77,0.99,0.1,0.10031118062097966,0.5427870294068681,-0.03278163080580292
gora,MASZZ,77,0.99,0.25,0.06448953783289284,0.5287544671424024,-0.03278163080580292
gora,MASZZ,77,0.995,0.0,0.09012155741416876,0.5124691055643695,-0.013456832026291367
gora,MASZZ,77,0.995,0.05,0.10374758825600372,0.5387745539488524,-0.013456832026291367
gora,MASZZ,77,0.995,0.1,0.11888199071235178,0.5650055950475059,-0.013456832026291367
gora,MASZZ,77,0.995,0.25,0.09348084374558788,0.5602152149222893,-0.013456832026291367
gora,MASZZ,77,0.999,0.0,0.10606563080376563,0.5230491142081848,0.03256954254190187
gora,MASZZ,77,0.999,0.05,0.12039045463965442,0.5498976428842701,0.03256954254190187
gora,MASZZ,77,0.999,0.1,0.13673643135821317,0.5769532501410188,0.03256954254190187
gora,MASZZ,77,0.999,0.25,0.12088649227046874,0.578936804937073,0.03256954254190187
gora,MASZZ,101,0.9,0.0,0.07075528138224027,0.38020819295392566,2.71147422629319e-05
gora,MASZZ,101,0.9,0.05,0.0855995461384382,0.3997245830865416,2.71147422629319e-05
gora,MASZZ,101,0.9,0.1,0.09395705417976669,0.4145693194258047,2.71147422629319e-05
gora,MASZZ,101,0.9,0.25,0.018656038795840865,0.35438392967670035,2.71147422629319e-05
gora,MASZZ,101,0.95,0.0,0.07518750792376709,0.44371893394821543,0.0012330436619277898
gora,MASZZ,101,0.95,0.05,0.0892626472163568,0.46649538112806677,0.0012330436619277898
gora,MASZZ,101,0.95,0.1,0.10107598058310693,0.4867054563258137,0.0012330436619277898
gora,MASZZ,101,0.95,0.25,0.034444764192187595,0.4414450261432313,0.0012330436619277898
gora,MASZZ,101,0.99,0.0,0.10446628197562904,0.5250158542377349,-0.012346783976856242
gora,MASZZ,101,0.99,0.05,0.11897599007138195,0.551965337249938,-0.012346783976856242
gora,MASZZ,101,0.99,0.1,0.13522957751291736,0.5788330158747355,-0.012346783976856242
gora,MASZZ,101,0.99,0.25,0.10779395616752725,0.5720493795051615,-0.012346783976856242
gora,MASZZ,101,0.995,0.0,0.11747676235224996,0.5350211149024681,0.006173105970126563
gora,MASZZ,101,0.995,0.05,0.13250695770611573,0.5624841759335832,0.006173105970126563
gora,MASZZ,101,0.995,0.1,0.14981755981313427,0.5901765271127475,0.006173105970126563
gora,MASZZ,101,0.995,0.25,0.13282992622330364,0.590831418368323,0.006173105970126563
gora,MASZZ,101,0.999,0.0,0.13045462605017308,0.539168225191515,0.05199932686974995
gora,MASZZ,101,0.999,0.05,0.1460313564861626,0.566844160705148,0.05199932686974995
gora,MASZZ,101,0.999,0.1,0.16432498761309722,0.5949649543764015,0.05199932686974995
gora,MASZZ,101,0.999,0.25,0.15677519271569396,0.6011988502606925,0.05199932686974995
gora,MASZZ,123,0.9,0.0,0.010037294129479922,0.13903428092145728,-2.7966095695722047e-05
gora,MASZZ,123,0.9,0.05,0.02176485611795058,0.14617102157712142,-2.7966095695722047e-05
gora,MASZZ,123,0.9,0.1,0.024641981192402955,0.14587293586846942,-2.7966095695722047e-05
gora,MASZZ,123,0.9,0.25,-0.07080743477029491,0.030694249415200357,-2.7966095695722047e-05
gora,MASZZ,123,0.95,0.0,-0.004235200813652962,0.18428302012953107,-0.003520326678804828
gora,MASZZ,123,0.95,0.05,0.005763107422072977,0.19374241469891765,-0.003520326678804828
gora,MASZZ,123,0.95,0.1,0.011744709523004647,0.1982147620679887,-0.003520326678804828
gora,MASZZ,123,0.95,0.25,-0.07910493603676655,0.09357569352153512,-0.003520326678804828
gora,MASZZ,123,0.99,0.0,0.021128840891607745,0.39008581252237445,-0.09508619387874954
gora,MASZZ,123,0.99,0.05,0.03136077159331394,0.4101092287545115,-0.09508619387874954
gora,MASZZ,123,0.99,0.1,0.04216921574991137,0.4288621128002799,-0.09508619387874954
gora,MASZZ,123,0.99,0.25,-0.010303459057796773,0.39016814664119215,-0.09508619387874954
gora,MASZZ,123,0.995,0.0,0.050442566870668615,0.4523033896173115,-0.07968561487446214
gora,MASZZ,123,0.995,0.05,0.06203184344506157,0.47552048376116585,-0.07968561487446214
gora,MASZZ,123,0.995,0.1,0.07492294052298,0.498205495209035,-0.07968561487446214
gora,MASZZ,123,0.995,0.25,0.036686078524831425,0.47860970814065334,-0.07968561487446214
gora,MASZZ,123,0.999,0.0,0.0803371976978608,0.4897708907324317,-0.020666397058466953
gora,MASZZ,123,0.999,0.05,0.0933413605188077,0.5149112216255413,-0.020666397058466953
gora,MASZZ,123,0.999,0.1,0.10826141815404268,0.5400093785147696,-0.020666397058466953
gora,MASZZ,123,0.999,0.25,0.08342453876000552,0.5334694916330517,-0.020666397058466953
gora,MASZZ,202,0.9,0.0,0.015773198842475113,0.3134561398301535,2.4881437402616163e-05
gora,MASZZ,202,0.9,0.05,0.027795189399863793,0.3295460937758078,2.4881437402616163e-05
gora,MASZZ,202,0.9,0.1,0.032990290146784236,0.34012012540101894,2.4881437402616163e-05
gora,MASZZ,202,0.9,0.25,-0.032790494876233776,0.27652832107240577,2.4881437402616163e-05
gora,MASZZ,202,0.95,0.0,0.01221176216959127,0.3507647390059546,0.0010510098905929014
gora,MASZZ,202,0.95,0.05,0.023054306147803138,0.368769773137439,0.0010510098905929014
gora,MASZZ,202,0.95,0.1,0.031232640032177485,0.383331031987798,0.0010510098905929014
gora,MASZZ,202,0.95,0.25,-0.030955594010130223,0.32634408485793726,0.0010510098905929014
gora,MASZZ,202,0.99,0.0,0.03094908763365375,0.44964857527218854,-0.039314264060966136
gora,MASZZ,202,0.99,0.05,0.04168509944189079,0.47272939567589417,-0.039314264060966136
gora,MASZZ,202,0.99,0.1,0.05378678129310948,0.4950973295722044,-0.039314264060966136
gora,MASZZ,202,0.99,0.25,0.02033102266544959,0.4756246367808811,-0.039314264060966136
gora,MASZZ,202,0.995,0.0,0.046771987969121166,0.4742768338655802,-0.03385855720174897
gora,MASZZ,202,0.995,0.05,0.058172850797617186,0.498621842448034,-0.03385855720174897
gora,MASZZ,202,0.995,0.1,0.07150540665747201,0.5226874293870458,-0.03385855720174897
gora,MASZZ,202,0.995,0.25,0.047721019150680256,0.5132002601075524,-0.03385855720174897
gora,MASZZ,202,0.999,0.0,0.06342436595461784,0.49130584505000713,0.0039040324478861314
gora,MASZZ,202,0.999,0.05,0.07556037961764162,0.5165249663738668,0.0039040324478861314
gora,MASZZ,202,0.999,0.1,0.09009759872959441,0.5417865010520172,0.0039040324478861314
gora,MASZZ,202,0.999,0.25,0.07545899796826214,0.5402169411377021,0.0039040324478861314
gora,MASZZ,314,0.9,0.0,0.011141137656348986,0.24088913159042466,-8.018914289441787e-06
gora,MASZZ,314,0.9,0.05,0.02235518457637489,0.2532541630598951,-8.018914289441787e-06
gora,MASZZ,314,0.9,0.1,0.02626861251093035,0.2601424525310336,-8.018914289441787e-06
gora,MASZZ,314,0.9,0.25,-0.05627917751184646,0.1711778695770873,-8.018914289441787e-06
gora,MASZZ,314,0.95,0.0,0.003606482633369573,0.29385975553791766,-0.0013591520547309504
gora,MASZZ,314,0.95,0.05,0.013615088881282773,0.30894381143054844,-0.0013591520547309504
gora,MASZZ,314,0.95,0.1,0.02007759021331238,0.3203456936855739,-0.0013591520547309504
gora,MASZZ,314,0.95,0.25,-0.05701330159805302,0.24380964303297564,-0.0013591520547309504
gora,MASZZ,314,0.99,0.0,0.027378813922181177,0.42509091351615974,-0.06675857039457571
gora,MASZZ,314,0.99,0.05,0.03767270074992629,0.44691116953314897,-0.06675857039457571
gora,MASZZ,314,0.99,0.1,0.04823640027212583,0.46784017901471736,-0.06675857039457571
gora,MASZZ,314,0.99,0.25,0.007315546386327179,0.44014913414246193,-0.06675857039457571
gora,MASZZ,314,0.995,0.0,0.050312684321425355,0.4651117150047919,-0.05610737170749299
gora,MASZZ,314,0.995,0.05,0.061651365992403985,0.4889862707179657,-0.05610737170749299
gora,MASZZ,314,0.995,0.1,0.07387504104942288,0.5125109180792299,-0.05610737170749299
gora,MASZZ,314,0.995,0.25,0.04506388148415255,0.4987228406749782,-0.05610737170749299
gora,MASZZ,314,0.999,0.0,0.07379330093922198,0.4917560477275997,-0.007012109548983313
gora,MASZZ,314,0.999,0.05,0.08622922687807186,0.5169982783143776,-0.007012109548983313
gora,MASZZ,314,0.999,0.1,0.10007302042083775,0.5422794563922853,-0.007012109548983313
gora,MASZZ,314,0.999,0.25,0.08254050074165926,0.538889925342542,-0.007012109548983313
gora,MASZZ,999,0.9,0.0,0.0058092241043108785,0.1379795670073687,-2.7986236202567897e-05
gora,MASZZ,999,0.9,0.05,0.016749579644289206,0.14506216835565564,-2.7986236202567897e-05
gora,MASZZ,999,0.9,0.1,0.01811869258830248,0.1448301120140821,-2.7986236202567897e-05
gora,MASZZ,999,0.9,0.25,-0.07694659407936308,0.029740785727024016,-2.7986236202567897e-05
gora,MASZZ,999,0.95,0.0,-0.0073544679101627194,0.18343370577646934,-0.0035507208108744854
gora,MASZZ,999,0.95,0.05,0.0020915039942611836,0.1928495043619535,-0.0035507208108744854
gora,MASZZ,999,0.95,0.1,0.006363536103043031,0.19723900304803071,-0.0035507208108744854
gora,MASZZ,999,0.95,0.25,-0.08537555835434665,0.09244811161927918,-0.0035507208108744854
gora,MASZZ,999,0.99,0.0,0.01971802412201748,0.3879907423833604,-0.09867463625912709
gora,MASZZ,999,0.99,0.05,0.029618676492339728,0.4079066169923922,-0.09867463625912709
gora,MASZZ,999,0.99,0.1,0.038948030076789666,0.42646984134487964,-0.09867463625912709
gora,MASZZ,999,0.99,0.25,-0.01659192654683369,0.38663904327346205,-0.09867463625912709
gora,MASZZ,999,0.995,0.0,0.04955960296599911,0.45025054509290463,-0.08487008110234671
gora,MASZZ,999,0.995,0.05,0.060859628369684005,0.4733622650881678,-0.08487008110234671
gora,MASZZ,999,0.995,0.1,0.0723438853148982,0.4958613067947391,-0.08487008110234671
gora,MASZZ,999,0.995,0.25,0.030749957534791546,0.4750284664150602,-0.08487008110234671
gora,MASZZ,999,0.999,0.0,0.0805906042385399,0.488457190344141,-0.02686402459095866
gora,MASZZ,999,0.999,0.05,0.09337544118324831,0.5135300879473573,-0.02686402459095866
gora,MASZZ,999,0.999,0.1,0.10699159257274637,0.5384874988051292,-0.02686402459095866
gora,MASZZ,999,0.999,0.25,0.07874293681488251,0.5307958822634744,-0.02686402459095866
gora,LSZZ,7,0.9,0.0,0.038768302453236606,0.3406011026262077,8.446436800229304e-06
gora,LSZZ,7,0.9,0.05,0.051400473802000086,0.3580844291868685,8.446436800229304e-06
gora,LSZZ,7,0.9,0.1,0.05527600048814215,0.37003702099256447,8.446436800229304e-06
gora,LSZZ,7,0.9,0.25,-0.0054671516432798105,0.3157721510871049,8.446436800229304e-06
gora,LSZZ,7,0.95,0.0,0.03851808182700722,0.3938191998832041,-0.0002942606740591519
gora,LSZZ,7,0.95,0.05,0.050318728337711706,0.4140342538696043,-0.0002942606740591519
gora,LSZZ,7,0.95,0.1,0.0576808375785206,0.4309598222399283,-0.0002942606740591519
gora,LSZZ,7,0.95,0.25,6.960811879866821e-05,0.38506687645900134,-0.0002942606740591519
gora,LSZZ,7,0.99,0.0,0.0683804868483871,0.4904828678336993,-0.027960635643947577
gora,LSZZ,7,0.99,0.05,0.08077902228641275,0.5156597450799159,-0.027960635643947577
gora,LSZZ,7,0.99,0.1,0.09316698978125428,0.5403176459825595,-0.027960635643947577
gora,LSZZ,7,0.99,0.25,0.06255972606617041,0.5285646843398154,-0.027960635643947577
gora,LSZZ,7,0.995,0.0,0.08465110893191935,0.509716485020635,-0.008787336645435889
gora,LSZZ,7,0.995,0.05,0.0977524093566686,0.535880639194698,-0.008787336645435889
gora,LSZZ,7,0.995,0.1,0.11147167766086606,0.5619257161395642,-0.008787336645435889
gora,LSZZ,7,0.995,0.25,0.08996080430554089,0.5586485086362091,-0.008787336645435889
gora,LSZZ,7,0.999,0.0,0.10001361783253365,0.5198398463634228,0.03468432460873168
gora,LSZZ,7,0.999,0.05,0.11379545357389194,0.5465236407585035,0.03468432460873168
gora,LSZZ,7,0.999,0.1,0.1287044328202174,0.5733632276211138,0.03468432460873168
gora,LSZZ,7,0.999,0.25,0.11556581764439239,0.5762724437297093,0.03468432460873168
gora,LSZZ,13,0.9,0.0,-0.012006347343015282,0.1335538908184324,-1.8846292552868624e-05
gora,LSZZ,13,0.9,0.05,-0.0014103030727144997,0.14040931867413142,-1.8846292552868624e-05
gora,LSZZ,13,0.9,0.1,0.004124347614289844,0.14103545593112918,-1.8846292552868624e-05
gora,LSZZ,13,0.9,0.25,-0.07716439456032909,0.03071146720373993,-1.8846292552868624e-05
gora,LSZZ,13,0.95,0.0,-0.025365876363273445,0.1789285990181166,-0.002498520325323398
gora,LSZZ,13,0.95,0.05,-0.016452222575912046,0.18811314687646102,-0.002498520325323398
gora,LSZZ,13,0.95,0.1,-0.009003946671468513,0.19291063319880455,-0.002498520325323398
gora,LSZZ,13,0.95,0.25,-0.08536279464250081,0.09357528270398172,-0.002498520325323398
gora,LSZZ,13,0.99,0.0,-0.0024722167021911075,0.3811120376678333,-0.08150754302790351
gora,LSZZ,13,0.99,0.05,0.006548252868274439,0.40067482287131523,-0.08150754302790351
gora,LSZZ,13,0.99,0.1,0.01752812525603768,0.41915374632152597,-0.08150754302790351
gora,LSZZ,13,0.99,0.25,-0.02122853127475292,0.3847942740626832,-0.08150754302790351
gora,LSZZ,13,0.995,0.0,0.023641287845659113,0.44129231315454176,-0.07059326347374711
gora,LSZZ,13,0.995,0.05,0.03385483336743749,0.4639441999514479,-0.07059326347374711
gora,LSZZ,13,0.995,0.1,0.046595654052916255,0.4862006230692884,-0.07059326347374711
gora,LSZZ,13,0.995,0.25,0.020816597620068752,0.47020954255619335,-0.07059326347374711
gora,LSZZ,13,0.999,0.0,0.04928721422118089,0.47670793341933176,-0.02125890720138787
gora,LSZZ,13,0.999,0.05,0.06069755659750734,0.5011777322830617,-0.02125890720138787
gora,LSZZ,13,0.999,0.1,0.07511425512083807,0.5257010680150241,-0.02125890720138787
gora,LSZZ,13,0.999,0.25,0.06116548808899248,0.5220193533555645,-0.02125890720138787
gora,LSZZ,21,0.9,0.0,0.039734447935703035,0.3057256311992323,-9.325109086335108e-06
gora,LSZZ,21,0.9,0.05,0.052986388541603424,0.32141877196421187,-9.325109086335108e-06
gora,LSZZ,21,0.9,0.1,0.057494763988437086,0.33113360101207695,-9.325109086335108e-06
gora,LSZZ,21,0.9,0.25,-0.008658281400178592,0.26590333534482474,-9.325109086335108e-06
gora,LSZZ,21,0.95,0.0,0.040974878159207126,0.38176397416639773,-0.001065138573682758
gora,LSZZ,21,0.95,0.05,0.05329385584791257,0.4013602237909087,-0.001065138573682758
gora,LSZZ,21,0.95,0.1,0.06164806945491081,0.41753027204866544,-0.001065138573682758
gora,LSZZ,21,0.95,0.25,-0.0001845629199787648,0.36653428744424205,-0.001065138573682758
gora,LSZZ,21,0.99,0.0,0.07398776493311718,0.4937522339986908,-0.02930688482739043
gora,LSZZ,21,0.99,0.05,0.08693298641261947,0.519096930420677,-0.02930688482739043
gora,LSZZ,21,0.99,0.1,0.10061890353933081,0.5439691925599951,-0.02930688482739043
gora,LSZZ,21,0.99,0.25,0.06925350154462434,0.5320341322663579,-0.02930688482739043
gora,LSZZ,21,0.995,0.0,0.09075287136901779,0.5136947095191374,-0.008044227990712971
gora,LSZZ,21,0.995,0.05,0.10441130806024615,0.5400630691332376,-0.008044227990712971
gora,LSZZ,21,0.995,0.1,0.11945339177308241,0.5663678065862094,-0.008044227990712971
gora,LSZZ,21,0.995,0.25,0.09786867546063575,0.5633196725736656,-0.008044227990712971
gora,LSZZ,21,0.999,0.0,0.10634743587683314,0.5238124456493392,0.03820735652614716
gora,LSZZ,21,0.999,0.05,0.12068672499213794,0.5507001567378033,0.03820735652614716
gora,LSZZ,21,0.999,0.1,0.13692525141722453,0.5778011062840821,0.03820735652614716
gora,LSZZ,21,0.999,0.25,0.12424924136765321,0.5811362479459377,0.03820735652614716
gora,LSZZ,42,0.9,0.0,-0.0018738069191369339,0.16629780108841696,-2.6263749138736697e-05
gora,LSZZ,42,0.9,0.05,0.009242348741743149,0.17483400000360189,-2.6263749138736697e-05
gora,LSZZ,42,0.9,0.1,0.01275515372467555,0.17676582269464036,-2.6263749138736697e-05
gora,LSZZ,42,0.9,0.25,-0.054656709906008134,0.08433302881454985,-2.6263749138736697e-05
gora,LSZZ,42,0.95,0.0,-0.00962701351511422,0.23332818134653066,-0.0029949545210452232
gora,LSZZ,42,0.95,0.05,9.452866939603284e-05,0.2453051032027214,-0.0029949545210452232
gora,LSZZ,42,0.95,0.1,0.006502491204056576,0.25294347707431686,-0.0029949545210452232
gora,LSZZ,42,0.95,0.25,-0.0583469917627621,0.17237179502539526,-0.0029949545210452232
gora,LSZZ,42,0.99,0.0,0.01684745613962817,0.4115813558040353,-0.0765381847739642
gora,LSZZ,42,0.99,0.05,0.026859619943419042,0.43270815543656177,-0.0765381847739642
gora,LSZZ,42,0.99,0.1,0.03772875388907264,0.45281947871311107,-0.0765381847739642
gora,LSZZ,42,0.99,0.25,0.0011289636525474687,0.4252584400654158,-0.0765381847739642
gora,LSZZ,42,0.995,0.0,0.04168308768410662,0.4607336550976729,-0.061345056629017715
gora,LSZZ,42,0.995,0.05,0.052822733197592384,0.4843834815000249,-0.061345056629017715
gora,LSZZ,42,0.995,0.1,0.06546934070455639,0.5076407663068626,-0.061345056629017715
gora,LSZZ,42,0.995,0.25,0.04013638655313338,0.49526170597373154,-0.061345056629017715
gora,LSZZ,42,0.999,0.0,0.06580086263060046,0.4898111857267183,-0.010040604863577614
gora,LSZZ,42,0.999,0.05,0.07805886376558534,0.5149535849940593,-0.010040604863577614
gora,LSZZ,42,0.999,0.1,0.0923633002390199,0.5401182364431061,-0.010040604863577614
gora,LSZZ,42,0.999,0.25,0.07752604233924217,0.5381615956526486,-0.010040604863577614
gora,LSZZ,77,0.9,0.0,0.04690630026540169,0.3460464273550294,1.8091758469387106e-05
gora,LSZZ,77,0.9,0.05,0.0605263777779596,0.36380926678199854,1.8091758469387106e-05
gora,LSZZ,77,0.9,0.1,0.06548068604538054,0.37577361634371875,1.8091758469387106e-05
gora,LSZZ,77,0.9,0.25,-0.0072631632640334995,0.31324035425062896,1.8091758469387106e-05
gora,LSZZ,77,0.95,0.0,0.046345757527035354,0.3975356933709283,2.78185934000841e-05
gora,LSZZ,77,0.95,0.05,0.058940426742226285,0.4179415179355957,2.78185934000841e-05
gora,LSZZ,77,0.95,0.1,0.06774844017692298,0.43500754249805107,2.78185934000841e-05
gora,LSZZ,77,0.95,0.25,-0.0006081012679372029,0.38279477162218234,2.78185934000841e-05
gora,LSZZ,77,0.99,0.0,0.0735911808794316,0.49307837479375416,-0.029326609312269946
gora,LSZZ,77,0.99,0.05,0.08651604538279414,0.5183884814846883,-0.029326609312269946
gora,LSZZ,77,0.99,0.1,0.10031432168433971,0.5432180154931034,-0.029326609312269946
gora,LSZZ,77,0.99,0.25,0.06449330710892492,0.5292716504458848,-0.029326609312269946
gora,LSZZ,77,0.995,0.0,0.09003627735802602,0.5125971504403144,-0.009942215189046122
gora,LSZZ,77,0.995,0.05,0.10365793070648485,0.5389091714705206,-0.009942215189046122
gora,LSZZ,77,0.995,0.1,0.11878729217611297,0.5651477814258141,-0.009942215189046122
gora,LSZZ,77,0.995,0.25,0.0933672055021013,0.5603858385762592,-0.009942215189046122
gora,LSZZ,77,0.999,0.0,0.10587539780121268,0.5229959544987209,0.03510105839728203
gora,LSZZ,77,0.999,0.05,0.12019045682518333,0.5498417544444727,0.03510105839728203
gora,LSZZ,77,0.999,0.1,0.13652518868670357,0.576894219379305,0.03510105839728203
gora,LSZZ,77,0.999,0.25,0.12063300106465719,0.5788659680230164,0.03510105839728203
gora,LSZZ,101,0.9,0.0,0.05804257136374562,0.3534876258301198,7.175224210445945e-06
gora,LSZZ,101,0.9,0.05,0.07223428256386112,0.3716324279164567,7.175224210445945e-06
gora,LSZZ,101,0.9,0.1,0.07984033000260292,0.38489768565177934,7.175224210445945e-06
gora,LSZZ,101,0.9,0.25,0.0017159697832443606,0.31877796914786993,7.175224210445945e-06
gora,LSZZ,101,0.95,0.0,0.057577094315077876,0.4058915062139258,-0.00045037827059488106
gora,LSZZ,101,0.95,0.05,0.07074827701558659,0.4267262413237661,-0.00045037827059488106
gora,LSZZ,101,0.95,0.1,0.08152064177667091,0.44470030062890165,-0.00045037827059488106
gora,LSZZ,101,0.95,0.25,0.010978357624464388,0.39103883930693684,-0.00045037827059488106
gora,LSZZ,101,0.99,0.0,0.08924797166316738,0.5025294898329412,-0.029140508772593957
gora,LSZZ,101,0.99,0.05,0.1029765117390791,0.5283247298053544,-0.029140508772593957
gora,LSZZ,101,0.99,0.1,0.11833053011775412,0.5538632176501352,-0.029140508772593957
gora,LSZZ,101,0.99,0.25,0.08751509929333136,0.5420856216356412,-0.029140508772593957
gora,LSZZ,101,0.995,0.0,0.10723824661715883,0.5223981281749689,-0.007071042723839448
gora,LSZZ,101,0.995,0.05,0.12174289078310169,0.5492132412181707,-0.007071042723839448
gora,LSZZ,101,0.995,0.1,0.13844828430810335,0.5761594354253841,-0.007071042723839448
gora,LSZZ,101,0.995,0.25,0.11918679561726654,0.5740109083434868,-0.007071042723839448
gora,LSZZ,101,0.999,0.0,0.12454869437338613,0.5329217468852612,0.043871368770284094
gora,LSZZ,101,0.999,0.05,0.13982226862064323,0.5602770456797518,0.043871368770284094
gora,LSZZ,101,0.999,0.1,0.15776679440574146,0.5880286039680511,0.043871368770284094
gora,LSZZ,101,0.999,0.25,0.14890536086686704,0.5928752297706722,0.043871368770284094
gora,LSZZ,123,0.9,0.0,0.006709524477622697,0.1390339017155175,-1.8846292422235368e-05
gora,LSZZ,123,0.9,0.05,0.01826626939270906,0.14617062290623797,-1.8846292422235368e-05
gora,LSZZ,123,0.9,0.1,0.020946686779798454,0.14587251478235555,-1.8846292422235368e-05
gora,LSZZ,123,0.9,0.25,-0.0752417880654203,0.030693744111863732,-1.8846292422235368e-05
gora,LSZZ,123,0.95,0.0,-0.007888571033666124,0.18424746078048607,-0.0024985047033480486
gora,LSZZ,123,0.95,0.05,0.0019222067915268186,0.19370503006009274,-0.0024985047033480486
gora,LSZZ,123,0.95,0.1,0.0076878546401386305,0.19817527548159927,-0.0024985047033480486
gora,LSZZ,123,0.95,0.25,-0.08397316189620577,0.09352830961786789,-0.0024985047033480486
gora,LSZZ,123,0.99,0.0,0.018121362920242034,0.38879164072167094,-0.0813222948148186
gora,LSZZ,123,0.99,0.05,0.02819891737626976,0.40874862608190876,-0.0813222948148186
gora,LSZZ,123,0.99,0.1,0.03882958659696911,0.42742501037901676,-0.0813222948148186
gora,LSZZ,123,0.99,0.25,-0.01431101404132747,0.38844362373567637,-0.0813222948148186
gora,LSZZ,123,0.995,0.0,0.04716947927158659,0.45053869167606486,-0.06937102644122874
gora,LSZZ,123,0.995,0.05,0.058590745646026655,0.4736652024655207,-0.06937102644122874
gora,LSZZ,123,0.995,0.1,0.07128836734568611,0.4962459009088154,-0.06937102644122874
gora,LSZZ,123,0.995,0.25,0.03232459071207876,0.47625819498038985,-0.06937102644122874
gora,LSZZ,123,0.999,0.0,0.07717029576342424,0.48806508933998033,-0.01599551748724122
gora,LSZZ,123,0.999,0.05,0.09001189897937154,0.5131178600855687,-0.01599551748724122
gora,LSZZ,123,0.999,0.1,0.10474475797383502,0.5381151854022683,-0.01599551748724122
gora,LSZZ,123,0.999,0.25,0.07920454654375633,0.5311964598980502,-0.01599551748724122
gora,LSZZ,202,0.9,0.0,-0.014720293333569449,0.12881867789035722,-1.88462924041923e-05
gora,LSZZ,202,0.9,0.05,-0.00426355807799295,0.13543104348548962,-1.88462924041923e-05
gora,LSZZ,202,0.9,0.1,-0.0008709571892652535,0.13509097589759053,-1.88462924041923e-05
gora,LSZZ,202,0.9,0.25,-0.07342399167949316,0.030493341668291648,-1.88462924041923e-05
gora,LSZZ,202,0.95,0.0,-0.027501081005896367,0.175161239117114,-0.0024984734046420167
gora,LSZZ,202,0.95,0.05,-0.018697028977757053,0.18415240538358185,-0.0024984734046420167
gora,LSZZ,202,0.95,0.1,-0.012866159718916222,0.18833357126786052,-0.0024984734046420167
gora,LSZZ,202,0.95,0.25,-0.08387415371144266,0.0923471319940122,-0.0024984734046420167
gora,LSZZ,202,0.99,0.0,-0.0021013537182378653,0.3802138528085555,-0.08081072667515268
gora,LSZZ,202,0.99,0.05,0.006938152545320339,0.39973053346602894,-0.08081072667515268
gora,LSZZ,202,0.99,0.1,0.017086190795928633,0.4179941136637925,-0.08081072667515268
gora,LSZZ,202,0.99,0.25,-0.023709685931167422,0.38310077769078693,-0.08081072667515268
gora,LSZZ,202,0.995,0.0,0.024393525761988635,0.44086663289507644,-0.0692635243820377
gora,LSZZ,202,0.995,0.05,0.034645684256658454,0.46349666918436744,-0.0692635243820377
gora,LSZZ,202,0.995,0.1,0.046655427539913204,0.48558734678325355,-0.0692635243820377
gora,LSZZ,202,0.995,0.25,0.01790104420960968,0.4686801609830015,-0.0692635243820377
gora,LSZZ,202,0.999,0.0,0.05029569038051,0.47644261694758977,-0.020019112151131065
gora,LSZZ,202,0.999,0.05,0.06175779864334193,0.5008987969049755,-0.020019112151131065
gora,LSZZ,202,0.999,0.1,0.07551896902581602,0.5252817517736299,-0.020019112151131065
gora,LSZZ,202,0.999,0.25,0.057964642323728076,0.5204112420036374,-0.020019112151131065
gora,LSZZ,314,0.9,0.0,0.021741985003918503,0.3226104920471759,2.5495018146680013e-05
gora,LSZZ,314,0.9,0.05,0.03350018188285007,0.33917034620168873,2.5495018146680013e-05
gora,LSZZ,314,0.9,0.1,0.038040236171986465,0.3508892644438518,2.5495018146680013e-05
gora,LSZZ,314,0.9,0.25,-0.04215322911857913,0.28007404387246915,2.5495018146680013e-05
gora,LSZZ,314,0.95,0.0,0.01755330274537758,0.35697041404119045,0.0016005519970021468
gora,LSZZ,314,0.95,0.05,0.028277810405884344,0.3752939904273352,0.0016005519970021468
gora,LSZZ,314,0.95,0.1,0.035564721783473884,0.39042640483479046,0.0016005519970021468
gora,LSZZ,314,0.95,0.25,-0.038428743713859216,0.3279064964120355,0.0016005519970021468
gora,LSZZ,314,0.99,0.0,0.037674636512529856,0.451662560931194,-0.029711447970658618
gora,LSZZ,314,0.99,0.05,0.048497016134836604,0.4748467608269017,-0.029711447970658618
gora,LSZZ,314,0.99,0.1,0.059669311702774064,0.4973464461241831,-0.029711447970658618
gora,LSZZ,314,0.99,0.25,0.021035040103105078,0.4755566546738208,-0.029711447970658618
gora,LSZZ,314,0.995,0.0,0.05513755319708692,0.47704653489314114,-0.027125836833928156
gora,LSZZ,314,0.995,0.05,0.06672389924001015,0.5015337144408879,-0.027125836833928156
gora,LSZZ,314,0.995,0.1,0.07923277696958522,0.5257638405656899,-0.027125836833928156
gora,LSZZ,314,0.995,0.25,0.051493164588347365,0.5146263476587304,-0.027125836833928156
gora,LSZZ,314,0.999,0.0,0.07448839508613832,0.49563220073387243,0.00808262619273405
gora,LSZZ,314,0.999,0.05,0.08696000076256756,0.5210733973494897,0.00808262619273405
gora,LSZZ,314,0.999,0.1,0.10084488199361835,0.5465836985859979,0.00808262619273405
gora,LSZZ,314,0.999,0.25,0.08346673462899595,0.5440550159749972,0.00808262619273405
gora,LSZZ,999,0.9,0.0,0.006776308812531481,0.13797946801819125,-1.884255548513034e-05
gora,LSZZ,999,0.9,0.05,0.01776630558277968,0.1450620642852847,-1.884255548513034e-05
gora,LSZZ,999,0.9,0.1,0.01919258384060366,0.144830002092365,-1.884255548513034e-05
gora,LSZZ,999,0.9,0.25,-0.07565792457660167,0.029740653820963504,-1.884255548513034e-05
gora,LSZZ,999,0.95,0.0,-0.006069049353050832,0.183445495827274,-0.0024898934377442818
gora,LSZZ,999,0.95,0.05,0.003442904112289454,0.19286189960548009,-0.0024898934377442818
gora,LSZZ,999,0.95,0.1,0.007790918557024698,0.1972520952128801,-0.0024898934377442818
gora,LSZZ,999,0.95,0.25,-0.08366269940956865,0.0924638222170984,-0.0024898934377442818
gora,LSZZ,999,0.99,0.0,0.02152545767649153,0.38946803372376704,-0.07934382961089069
gora,LSZZ,999,0.99,0.05,0.031518887054362836,0.40945973887688814,-0.07934382961089069
gora,LSZZ,999,0.99,0.1,0.040955079786878325,0.42811028735139534,-0.07934382961089069
gora,LSZZ,999,0.99,0.25,-0.01418346689472728,0.38860757848128097,-0.07934382961089069
gora,LSZZ,999,0.995,0.0,0.05104715224653841,0.4515511952108435,-0.06642899080442667
gora,LSZZ,999,0.995,0.05,0.062423534742570376,0.4747296786152024,-0.06642899080442667
gora,LSZZ,999,0.995,0.1,0.07399572216658142,0.49730560301004073,-0.06642899080442667
gora,LSZZ,999,0.995,0.25,0.03273216175681138,0.4767616218734222,-0.06642899080442667
gora,LSZZ,999,0.999,0.0,0.08164047374495984,0.4892203996119488,-0.012806585722428236
gora,LSZZ,999,0.999,0.05,0.09447920132973162,0.5143324733562886,-0.012806585722428236
gora,LSZZ,999,0.999,0.1,0.10815741152264643,0.5393349982531168,-0.012806585722428236
gora,LSZZ,999,0.999,0.25,0.08014191955476256,0.5318128816010594,-0.012806585722428236
gora,RSZZ,7,0.9,0.0,0.03709316541832415,0.3416660488076671,8.527169230745436e-06
gora,RSZZ,7,0.9,0.05,0.04963935064552368,0.35920403990615946,8.527169230745436e-06
gora,RSZZ,7,0.9,0.1,0.05341585835901245,0.37121958171213687,8.527169230745436e-06
gora,RSZZ,7,0.9,0.25,-0.007699322198235453,0.31719122395059174,8.527169230745436e-06
gora,RSZZ,7,0.95,0.0,0.03745408132143294,0.39340154680130357,-0.0005245513812785948
gora,RSZZ,7,0.95,0.05,0.049200111836604145,0.4135951623215226,-0.0005245513812785948
gora,RSZZ,7,0.95,0.1,0.05649932697694915,0.4304960428136413,-0.0005245513812785948
gora,RSZZ,7,0.95,0.25,-0.0013482046030870646,0.3845103411474569,-0.0005245513812785948
gora,RSZZ,7,0.99,0.0,0.06749149636681447,0.48952861467664954,-0.03394869522900587
gora,RSZZ,7,0.99,0.05,0.0798443992135807,0.5146565093463635,-0.03394869522900587
gora,RSZZ,7,0.99,0.1,0.09217981761998992,0.5392580034206147,-0.03394869522900587
gora,RSZZ,7,0.99,0.25,0.06137511947265317,0.5272931132654815,-0.03394869522900587
gora,RSZZ,7,0.995,0.0,0.08390886563704646,0.5090294304805767,-0.014875026274851941
gora,RSZZ,7,0.995,0.05,0.09697206612080414,0.5351583175964997,-0.014875026274851941
gora,RSZZ,7,0.995,0.1,0.11064745970491284,0.5611627820820293,-0.014875026274851941
gora,RSZZ,7,0.995,0.25,0.08897174275839703,0.5577329877671673,-0.014875026274851941
gora,RSZZ,7,0.999,0.0,0.09951578166892514,0.5194667005898422,0.02987652740892653
gora,RSZZ,7,0.999,0.05,0.11327206308249362,0.5461313411144159,0.02987652740892653
gora,RSZZ,7,0.999,0.1,0.12815161475098943,0.5729488709689249,0.02987652740892653
gora,RSZZ,7,0.999,0.25,0.11490243596131887,0.5757752157470825,0.02987652740892653
gora,RSZZ,13,0.9,0.0,-0.011860780328498962,0.13355401912986484,-2.726563941288257e-05
gora,RSZZ,13,0.9,0.05,-0.0012572639871108466,0.1404094535718921,-2.726563941288257e-05
gora,RSZZ,13,0.9,0.1,0.0042859913071161965,0.14103559841350294,-2.726563941288257e-05
gora,RSZZ,13,0.9,0.25,-0.07697042212893747,0.030711638182588423,-2.726563941288257e-05
gora,RSZZ,13,0.95,0.0,-0.024638241690048086,0.178941308066986,-0.0033502878019696413
gora,RSZZ,13,0.95,0.05,-0.01568723783390897,0.18812650829095676,-0.0033502878019696413
gora,RSZZ,13,0.95,0.1,-0.008195950739151997,0.1929247458574888,-0.0033502878019696413
gora,RSZZ,13,0.95,0.25,-0.08439319952372099,0.0935922178944028,-0.0033502878019696413
gora,RSZZ,13,0.99,0.0,-0.0025146029194108095,0.38104901137956576,-0.09190228997826057
gora,RSZZ,13,0.99,0.05,0.006503690932680342,0.4006085613933457,-0.09190228997826057
gora,RSZZ,13,0.99,0.1,0.01748105783008889,0.4190837592986103,-0.09190228997826057
gora,RSZZ,13,0.99,0.25,-0.021285012185891464,0.38471028963518444,-0.09190228997826057
gora,RSZZ,13,0.995,0.0,0.023593112151201367,0.44124011251894363,-0.07952384559924489
gora,RSZZ,13,0.995,0.05,0.03380418477611596,0.4638893198155434,-0.07952384559924489
gora,RSZZ,13,0.995,0.1,0.04654215774963286,0.48614265730325273,-0.07952384559924489
gora,RSZZ,13,0.995,0.25,0.020752402056128664,0.47013998363695053,-0.07952384559924489
gora,RSZZ,13,0.999,0.0,0.049318721546693825,0.47671714160030554,-0.02727733529610765
gora,RSZZ,13,0.999,0.05,0.060730681219196794,0.5011874131273174,-0.02727733529610765
gora,RSZZ,13,0.999,0.1,0.07514924217105624,0.5257112931637761,-0.02727733529610765
gora,RSZZ,13,0.999,0.25,0.06120747254925428,0.5220316235340668,-0.02727733529610765
gora,RSZZ,21,0.9,0.0,0.02575264515609383,0.19652597677640082,-2.6203710443533673e-05
gora,RSZZ,21,0.9,0.05,0.038286888661139745,0.20661381208621613,-2.6203710443533673e-05
gora,RSZZ,21,0.9,0.1,0.041968786203047746,0.20987374379154322,-2.6203710443533673e-05
gora,RSZZ,21,0.9,0.25,-0.027289454742645804,0.12039150668018433,-2.6203710443533673e-05
gora,RSZZ,21,0.95,0.0,0.022793802097737178,0.27916781147447983,-0.0031725641747540213
gora,RSZZ,21,0.95,0.05,0.03417953063499835,0.2934977181471242,-0.0031725641747540213
gora,RSZZ,21,0.95,0.1,0.04145904322600944,0.3036032078546281,-0.0031725641747540213
gora,RSZZ,21,0.95,0.25,-0.0244113943946604,0.2298218104113972,-0.0031725641747540213
gora,RSZZ,21,0.99,0.0,0.057083439003755856,0.4642339719545671,-0.06196877920272821
gora,RSZZ,21,0.99,0.05,0.0691609479355533,0.4880634724161133,-0.06196877920272821
gora,RSZZ,21,0.99,0.1,0.0818476339832328,0.5111908814949337,-0.06196877920272821
gora,RSZZ,21,0.99,0.25,0.04672797807730675,0.4927001589882845,-0.06196877920272821
gora,RSZZ,21,0.995,0.0,0.07898269872257757,0.4984899072494017,-0.03714881016423864
gora,RSZZ,21,0.995,0.05,0.09203696305362745,0.5240777922222798,-0.03714881016423864
gora,RSZZ,21,0.995,0.1,0.10638330046087068,0.5494837590858803,-0.03714881016423864
gora,RSZZ,21,0.995,0.25,0.08218456588598168,0.5430588155732707,-0.03714881016423864
gora,RSZZ,21,0.999,0.0,0.09926564712641799,0.5165406043567022,0.01781554625429796
gora,RSZZ,21,0.999,0.05,0.11324142237050375,0.5430550460252022,0.01781554625429796
gora,RSZZ,21,0.999,0.1,0.12906133740320933,0.5697261499892463,0.01781554625429796
gora,RSZZ,21,0.999,0.25,0.11481254455083495,0.5714463003921345,0.01781554625429796
gora,RSZZ,42,0.9,0.0,-0.00028586298501371985,0.16653157942728258,-2.620450957830432e-05
gora,RSZZ,42,0.9,0.05,0.010911803105944931,0.17507977837126856,-2.620450957830432e-05
gora,RSZZ,42,0.9,0.1,0.014518472992888677,0.1770254199263526,-2.620450957830432e-05
gora,RSZZ,42,0.9,0.25,-0.05254072678415239,0.0846445454926045,-2.620450957830432e-05
gora,RSZZ,42,0.95,0.0,-0.0075440052212125954,0.23369350881974363,-0.003193515036280139
gora,RSZZ,42,0.95,0.05,0.002284459442262177,0.24568918322684072,-0.003193515036280139
gora,RSZZ,42,0.95,0.1,0.008815550614754551,0.25334915195923,-0.003193515036280139
gora,RSZZ,42,0.95,0.25,-0.05557132046992451,0.17285860488729113,-0.003193515036280139
gora,RSZZ,42,0.99,0.0,0.0179937194578765,0.41220403307139053,-0.08131965678283025
gora,RSZZ,42,0.99,0.05,0.02806472187306034,0.4333627952252452,-0.08131965678283025
gora,RSZZ,42,0.99,0.1,0.03900161255371386,0.4535109255581863,-0.08131965678283025
gora,RSZZ,42,0.99,0.25,0.002656394050116947,0.42608817627950607,-0.08131965678283025
gora,RSZZ,42,0.995,0.0,0.042825060380211194,0.461449150483032,-0.06494889131579076
gora,RSZZ,42,0.995,0.05,0.054023324264029324,0.48513570383482246,-0.06494889131579076
gora,RSZZ,42,0.995,0.1,0.06673743488316249,0.5084352822669099,-0.06494889131579076
gora,RSZZ,42,0.995,0.25,0.04165809956746068,0.4962151251257883,-0.06494889131579076
gora,RSZZ,42,0.999,0.0,0.0668804080496374,0.4904558615754364,-0.011623505754577844
gora,RSZZ,42,0.999,0.05,0.07919382311297588,0.5156313525688523,-0.011623505754577844
gora,RSZZ,42,0.999,0.1,0.09356207256176574,0.540834111431743,-0.011623505754577844
gora,RSZZ,42,0.999,0.25,0.07896456912653717,0.539020645639013,-0.011623505754577844
gora,RSZZ,77,0.9,0.0,0.04538369290062448,0.3489136708720133,1.0138594783661324e-05
gora,RSZZ,77,0.9,0.05,0.05892561376137823,0.36682368819814326,1.0138594783661324e-05
gora,RSZZ,77,0.9,0.1,0.06378991923268616,0.3789575233013334,1.0138594783661324e-05
gora,RSZZ,77,0.9,0.25,-0.009292083439266751,0.31706104259976653,1.0138594783661324e-05
gora,RSZZ,77,0.95,0.0,0.045027004886040514,0.39850962183012234,-0.0004399062817094088
gora,RSZZ,77,0.95,0.05,0.05755398147517277,0.4189654389202617,-0.0004399062817094088
gora,RSZZ,77,0.95,0.1,0.06628404216393072,0.43608903333727655,-0.0004399062817094088
gora,RSZZ,77,0.95,0.25,-0.0023653788835279136,0.38409256062925295,-0.0004399062817094088
gora,RSZZ,77,0.99,0.0,0.07237383135144895,0.49227892912531795,-0.0333594674775969
gora,RSZZ,77,0.99,0.05,0.08523620833151198,0.5175479996317507,-0.0333594674775969
gora,RSZZ,77,0.99,0.1,0.09896252592334692,0.54233027763237,-0.0333594674775969
gora,RSZZ,77,0.99,0.25,0.06287115219573355,0.5282063650130048,-0.0333594674775969
gora,RSZZ,77,0.995,0.0,0.08890252895745263,0.5118179334253934,-0.013933833861575777
gora,RSZZ,77,0.995,0.05,0.10246598609523563,0.5380899566240352,-0.013933833861575777
gora,RSZZ,77,0.995,0.1,0.11752833059876942,0.5642825063068356,-0.013933833861575777
gora,RSZZ,77,0.995,0.25,0.09185645160928906,0.5593475084334849,-0.013933833861575777
gora,RSZZ,77,0.999,0.0,0.10494116972152179,0.5224112722208705,0.03163898774521682
gora,RSZZ,77,0.999,0.05,0.11920827407220032,0.5492270599584436,0.03163898774521682
gora,RSZZ,77,0.999,0.1,0.13548778280704685,0.5762449637575151,0.03163898774521682
gora,RSZZ,77,0.999,0.25,0.11938811400906908,0.5780868612768687,0.03163898774521682
gora,RSZZ,101,0.9,0.0,0.056883232393925606,0.3531021070819886,7.110570091236967e-06
gora,RSZZ,101,0.9,0.05,0.07101543379901232,0.3712271201831553,7.110570091236967e-06
gora,RSZZ,101,0.9,0.1,0.07855295158832488,0.3844695895318666,7.110570091236967e-06
gora,RSZZ,101,0.9,0.25,0.00017111568611071282,0.3182642538039746,7.110570091236967e-06
gora,RSZZ,101,0.95,0.0,0.056462250702591824,0.4045220168950943,-0.0006958786055367448
gora,RSZZ,101,0.95,0.05,0.06957620759029232,0.42528645502469037,-0.0006958786055367448
gora,RSZZ,101,0.95,0.1,0.08028267286561713,0.44317956248971735,-0.0006958786055367448
gora,RSZZ,101,0.95,0.25,0.009492794931199844,0.38921395353991556,-0.0006958786055367448
gora,RSZZ,101,0.99,0.0,0.08758263580305399,0.5009936931586091,-0.03583774349905114
gora,RSZZ,101,0.99,0.05,0.10122569285953023,0.5267100994614274,-0.03583774349905114
gora,RSZZ,101,0.99,0.1,0.11648127162248764,0.5521578048772323,-0.03583774349905114
gora,RSZZ,101,0.99,0.25,0.0852959890990116,0.5400391263081578,-0.03583774349905114
gora,RSZZ,101,0.995,0.0,0.10565699481819395,0.5211819760627818,-0.014018102268567104
gora,RSZZ,101,0.995,0.05,0.12008047206669942,0.5479346630469931,-0.014018102268567104
gora,RSZZ,101,0.995,0.1,0.13669239626628088,0.5748089693249032,-0.014018102268567104
gora,RSZZ,101,0.995,0.25,0.11707972996707959,0.5723903490229099,-0.014018102268567104
gora,RSZZ,101,0.999,0.0,0.1232138016222061,0.5320989282591037,0.03791271575193859
gora,RSZZ,101,0.999,0.05,0.13841885475866123,0.5594119911165102,0.03791271575193859
gora,RSZZ,101,0.999,0.1,0.15628447374027446,0.5871149117988443,0.03791271575193859
gora,RSZZ,101,0.999,0.25,0.14712657606830667,0.5917787991676239,0.03791271575193859
gora,RSZZ,123,0.9,0.0,0.009171931253665739,0.139033898977925,-3.3202010557470444e-05
gora,RSZZ,123,0.9,0.05,0.0208550734747467,0.14617062002812264,-3.3202010557470444e-05
gora,RSZZ,123,0.9,0.1,0.023681046111428572,0.14587251174241853,-3.3202010557470444e-05
gora,RSZZ,123,0.9,0.25,-0.07196055686746416,0.030693740463939263,-3.3202010557470444e-05
gora,RSZZ,123,0.95,0.0,-0.005832214517063692,0.18423675991143526,-0.004053937094484925
gora,RSZZ,123,0.95,0.05,0.004084117730084129,0.19369377990688916,-0.004053937094484925
gora,RSZZ,123,0.95,0.1,0.009971318804156987,0.19816339278966139,-0.004053937094484925
gora,RSZZ,123,0.95,0.25,-0.08123300489938373,0.09351405038754239,-0.004053937094484925
gora,RSZZ,123,0.99,0.0,0.018716689255499012,0.38856711598992233,-0.10420073245398795
gora,RSZZ,123,0.99,0.05,0.0288248022876711,0.4085125763164012,-0.10420073245398795
gora,RSZZ,123,0.99,0.1,0.03949066182467416,0.4271756887391433,-0.10420073245398795
gora,RSZZ,123,0.99,0.25,-0.013517723768081441,0.38814443776782825,-0.10420073245398795
gora,RSZZ,123,0.995,0.0,0.04805835731418621,0.45073689078509765,-0.08855828708467055
gora,RSZZ,123,0.995,0.05,0.05952525050830345,0.47387357529307794,-0.08855828708467055
gora,RSZZ,123,0.995,0.1,0.07227541465001862,0.49646598947768106,-0.08855828708467055
gora,RSZZ,123,0.995,0.25,0.03350904747727776,0.4765223012630287,-0.08855828708467055
gora,RSZZ,123,0.999,0.0,0.07818708399531743,0.4885211464581184,-0.028362797355149648
gora,RSZZ,123,0.999,0.05,0.09108087976309194,0.5135973269797328,-0.028362797355149648
gora,RSZZ,123,0.999,0.1,0.10587384209479271,0.5386216102744176,-0.028362797355149648
gora,RSZZ,123,0.999,0.25,0.08055944748890558,0.5318041697446292,-0.028362797355149648
gora,RSZZ,202,0.9,0.0,-0.014726768636958872,0.12881865573047716,-2.8569529590659365e-05
gora,RSZZ,202,0.9,0.05,-0.00427036576387574,0.1354310201881252,-2.8569529590659365e-05
gora,RSZZ,202,0.9,0.1,-0.0008781476366033009,0.13509095129033413,-2.8569529590659365e-05
gora,RSZZ,202,0.9,0.25,-0.07343262021629883,0.03049331213958398,-2.8569529590659365e-05
gora,RSZZ,202,0.95,0.0,-0.027783960999545894,0.17513739407764242,-0.0038778016451285866
gora,RSZZ,202,0.95,0.05,-0.018994429427354367,0.1841273363591944,-0.0038778016451285866
gora,RSZZ,202,0.95,0.1,-0.013180281478932663,0.18830709274009388,-0.0038778016451285866
gora,RSZZ,202,0.95,0.25,-0.08425109982346239,0.09231535776069227,-0.0038778016451285866
gora,RSZZ,202,0.99,0.0,-0.0037413134650205663,0.3787292794861365,-0.10596765675454033
gora,RSZZ,202,0.99,0.05,0.005214012355261719,0.39816975580956937,-0.10596765675454033
gora,RSZZ,202,0.99,0.1,0.015265110996790414,0.4163455814403031,-0.10596765675454033
gora,RSZZ,202,0.99,0.25,-0.025894981690133285,0.3811225390225996,-0.10596765675454033
gora,RSZZ,202,0.995,0.0,0.02310081838236416,0.43965506128032195,-0.09197090388381506
gora,RSZZ,202,0.995,0.05,0.03328662117503805,0.46222290663121296,-0.09197090388381506
gora,RSZZ,202,0.995,0.1,0.045219951272980806,0.4842419670584357,-0.09197090388381506
gora,RSZZ,202,0.995,0.25,0.016178472689290804,0.4670657053132201,-0.09197090388381506
gora,RSZZ,202,0.999,0.0,0.049416995488296325,0.4757675911626555,-0.0363824602266622
gora,RSZZ,202,0.999,0.05,0.06083399964069144,0.5001891215075066,-0.0363824602266622
gora,RSZZ,202,0.999,0.1,0.07454322951699241,0.5245321749481908,-0.0363824602266622
gora,RSZZ,202,0.999,0.25,0.056793754913139725,0.5195117498131105,-0.0363824602266622
gora,RSZZ,314,0.9,0.0,0.02244147278317924,0.3174070948880076,2.305192569441202e-05
gora,RSZZ,314,0.9,0.05,0.03423557492834662,0.33369985451153655,2.305192569441202e-05
gora,RSZZ,314,0.9,0.1,0.038816976617631414,0.34511119490766695,2.305192569441202e-05
gora,RSZZ,314,0.9,0.25,-0.04122114058380518,0.2731403604290474,2.305192569441202e-05
gora,RSZZ,314,0.95,0.0,0.01953335907770969,0.35369431864035256,0.0009894082227075883
gora,RSZZ,314,0.95,0.05,0.030359504610788637,0.37184973043367864,0.0009894082227075883
gora,RSZZ,314,0.95,0.1,0.03776345903604348,0.3867884916687998,0.0009894082227075883
gora,RSZZ,314,0.95,0.25,-0.03579025901077571,0.32354100061284674,0.0009894082227075883
gora,RSZZ,314,0.99,0.0,0.04054566956159998,0.45313397533055577,-0.040254609853892946
gora,RSZZ,314,0.99,0.05,0.05151542160277535,0.4763937041022763,-0.040254609853892946
gora,RSZZ,314,0.99,0.1,0.06285742671509491,0.49898036612990004,-0.040254609853892946
gora,RSZZ,314,0.99,0.25,0.024860778117890083,0.47751735868068124,-0.040254609853892946
gora,RSZZ,314,0.995,0.0,0.058178967161001224,0.4788684022051242,-0.0352263272104179
gora,RSZZ,314,0.995,0.05,0.06992143141119762,0.503449099656718,-0.0352263272104179
gora,RSZZ,314,0.995,0.1,0.08261009006606033,0.5277869181229723,-0.0352263272104179
gora,RSZZ,314,0.995,0.25,0.055545940304117504,0.5170540407274693,-0.0352263272104179
gora,RSZZ,314,0.999,0.0,0.07740316074069327,0.49730785499206115,0.004687028506639253
gora,RSZZ,314,0.999,0.05,0.09002438366555023,0.5228350642787258,0.004687028506639253
gora,RSZZ,314,0.999,0.1,0.10408155951765226,0.5484444150614565,0.004687028506639253
gora,RSZZ,314,0.999,0.25,0.08735074765783664,0.5462878757455474,0.004687028506639253
gora,RSZZ,999,0.9,0.0,0.007272707778348056,0.13797965904807138,-2.519980082075659e-05
gora,RSZZ,999,0.9,0.05,0.018288185103875816,0.14506226512088113,-2.519980082075659e-05
gora,RSZZ,999,0.9,0.1,0.019743805985375888,0.14483021421992268,-2.519980082075659e-05
gora,RSZZ,999,0.9,0.25,-0.074996458002875,0.02974090837403271,-2.519980082075659e-05
gora,RSZZ,999,0.95,0.0,-0.005227387161620411,0.18346231917606978,-0.0031408496170400825
gora,RSZZ,999,0.95,0.05,0.004327769496055664,0.19287958651020265,-0.0031408496170400825
gora,RSZZ,999,0.95,0.1,0.00872553540815125,0.1972707765620449,-0.0031408496170400825
gora,RSZZ,999,0.95,0.25,-0.08254115918821679,0.09248623983609618,-0.0031408496170400825
gora,RSZZ,999,0.99,0.0,0.021857554773441385,0.3895768348068105,-0.08825934709313493
gora,RSZZ,999,0.99,0.05,0.031868030960471715,0.40957412480639965,-0.08825934709313493
gora,RSZZ,999,0.99,0.1,0.041323854274053565,0.42823110461830916,-0.08825934709313493
gora,RSZZ,999,0.99,0.25,-0.013740937510116997,0.3887525592015776,-0.08825934709313493
gora,RSZZ,999,0.995,0.0,0.05144187814368885,0.45173861369315305,-0.07412896644676199
gora,RSZZ,999,0.995,0.05,0.06283852223520192,0.47492671743785864,-0.07412896644676199
gora,RSZZ,999,0.995,0.1,0.07443404228932075,0.4975137203207178,-0.07412896644676199
gora,RSZZ,999,0.995,0.25,0.0332581459040986,0.4770113626462346,-0.07412896644676199
gora,RSZZ,999,0.999,0.0,0.08211556281556716,0.48946588039496497,-0.01783115657595896
gora,RSZZ,999,0.999,0.05,0.0949786771016819,0.514590554863908,-0.01783115657595896
gora,RSZZ,999,0.999,0.1,0.10868497026972646,0.5396075903675904,-0.01783115657595896
gora,RSZZ,999,0.999,0.25,0.08077499005125859,0.5321399921384279,-0.01783115657595896
gora,RASZZ,7,0.9,0.0,0.03823792659903102,0.3588078235468928,2.8813585273138334e-05
gora,RASZZ,7,0.9,0.05,0.0508428733317041,0.3772257156300983,2.8813585273138334e-05
gora,RASZZ,7,0.9,0.1,0.05468704898738775,0.39025452434424884,2.8813585273138334e-05
gora,RASZZ,7,0.9,0.25,-0.006173893444185085,0.34003315510912613,2.8813585273138334e-05
gora,RASZZ,7,0.95,0.0,0.04257504565162671,0.40935608771213144,0.002468355677460397
gora,RASZZ,7,0.95,0.05,0.05458393935484969,0.43036866255667056,0.002468355677460397
gora,RASZZ,7,0.95,0.1,0.06218585965686312,0.44821263141542395,0.002468355677460397
gora,RASZZ,7,0.95,0.25,0.005475634612809692,0.40577024746959617,0.002468355677460397
gora,RASZZ,7,0.99,0.0,0.07333309331257795,0.49872863659830935,0.0092529099127954
gora,RASZZ,7,0.99,0.05,0.08598584999496321,0.5243287757392872,0.0092529099127954
gora,RASZZ,7,0.99,0.1,0.09866657085494415,0.5494740920203695,0.0092529099127954
gora,RASZZ,7,0.99,0.25,0.06915922335459823,0.5395524195851872,0.0092529099127954
gora,RASZZ,7,0.995,0.0,0.08386515767839861,0.5079837873211804,0.01121315520070189
gora,RASZZ,7,0.995,0.05,0.09692611459773899,0.5340590007388074,0.01121315520070189
gora,RASZZ,7,0.995,0.1,0.11059892456207698,0.5600016562443865,0.01121315520070189
gora,RASZZ,7,0.995,0.25,0.08891350058699397,0.5563396367619958,0.01121315520070189
gora,RASZZ,7,0.999,0.0,0.09605522986244971,0.5139938351335177,0.038510633340539696
gora,RASZZ,7,0.999,0.05,0.10963387838861356,0.5403775491042496,0.038510633340539696
gora,RASZZ,7,0.999,0.1,0.12430887348797558,0.5668715725806768,0.038510633340539696
gora,RASZZ,7,0.999,0.25,0.11029114644570223,0.5684824576811849,0.038510633340539696
gora,RASZZ,13,0.9,0.0,-0.012023985321447238,0.2841831636568593,3.7928000700058826e-05
gora,RASZZ,13,0.9,0.05,-0.0014288464226629323,0.29877051236167906,3.7928000700058826e-05
gora,RASZZ,13,0.9,0.1,0.004104761666352342,0.3083004918340409,3.7928000700058826e-05
gora,RASZZ,13,0.9,0.25,-0.04912412799453453,0.24884719498465027,3.7928000700058826e-05
gora,RASZZ,13,0.95,0.0,-0.014805495410007958,0.32468867681122326,0.0016895483072587407
gora,RASZZ,13,0.95,0.05,-0.0053497688360721165,0.3413552058490617,0.0016895483072587407
gora,RASZZ,13,0.95,0.1,0.002722741415189749,0.3547687115513908,0.0016895483072587407
gora,RASZZ,13,0.95,0.25,-0.04807814281144749,0.3013155823521493,0.0016895483072587407
gora,RASZZ,13,0.99,0.0,0.005686641741665327,0.43238812207074573,-0.042422667458222034
gora,RASZZ,13,0.99,0.05,0.01512591203073187,0.4545829496295103,-0.042422667458222034
gora,RASZZ,13,0.99,0.1,0.02658806244369351,0.47609285209423785,-0.042422667458222034
gora,RASZZ,13,0.99,0.25,0.0008812541856853022,0.45859058231520106,-0.042422667458222034
gora,RASZZ,13,0.995,0.0,0.020194601295011824,0.45827293623541304,-0.04428389032233566
gora,RASZZ,13,0.995,0.05,0.030231225644038354,0.4817964519737328,-0.04428389032233566
gora,RASZZ,13,0.995,0.1,0.04276830934908504,0.5050566161691314,-0.04428389032233566
gora,RASZZ,13,0.995,0.25,0.025518225334618297,0.4971770105587406,-0.04428389032233566
gora,RASZZ,13,0.999,0.0,0.03479052076370281,0.47581156275818715,-0.013717566143910022
gora,RASZZ,13,0.999,0.05,0.04545673628955033,0.5002353502001473,-0.013717566143910022
gora,RASZZ,13,0.999,0.1,0.05901652122126901,0.5247057005941145,-0.013717566143910022
gora,RASZZ,13,0.999,0.25,0.049644263593451116,0.5243370077880783,-0.013717566143910022
gora,RASZZ,21,0.9,0.0,0.04901055826215027,0.35366628036733105,2.416561008802015e-05
gora,RASZZ,21,0.9,0.05,0.0627386490178873,0.371820252933715,2.416561008802015e-05
gora,RASZZ,21,0.9,0.1,0.06779534433085739,0.3843689001887007,2.416561008802015e-05
gora,RASZZ,21,0.9,0.25,0.003340421352618456,0.32970938358270885,2.416561008802015e-05
gora,RASZZ,21,0.95,0.0,0.050715429387004074,0.4047671450815491,0.001860320477555831
gora,RASZZ,21,0.95,0.05,0.06353439734785879,0.4255441658366857,0.001860320477555831
gora,RASZZ,21,0.95,0.1,0.07246438437252468,0.4430739538078597,0.001860320477555831
gora,RASZZ,21,0.95,0.25,0.012628585631775657,0.39712885758689703,0.001860320477555831
gora,RASZZ,21,0.99,0.0,0.07186844938129147,0.49810584862514423,-0.0032222111080961063
gora,RASZZ,21,0.99,0.05,0.0847048847012894,0.5236740195621764,-0.0032222111080961063
gora,RASZZ,21,0.99,0.1,0.0982655270329862,0.5488036280789281,-0.0032222111080961063
gora,RASZZ,21,0.99,0.25,0.06638573752181456,0.5378178480031444,-0.0032222111080961063
gora,RASZZ,21,0.995,0.0,0.08034116117364559,0.5068081555097766,0.0008661882848017669
gora,RASZZ,21,0.995,0.05,0.09346515646701263,0.5328230228078071,0.0008661882848017669
gora,RASZZ,21,0.995,0.1,0.10789179390553054,0.5587206893830438,0.0008661882848017669
gora,RASZZ,21,0.995,0.25,0.08396162307108135,0.5541302655038672,0.0008661882848017669
gora,RASZZ,21,0.999,0.0,0.09040768077922724,0.5117072168414359,0.03157036733427365
gora,RASZZ,21,0.999,0.05,0.10392876953781081,0.5379735568694184,0.03157036733427365
gora,RASZZ,21,0.999,0.1,0.11922508160000352,0.5643589546158684,0.03157036733427365
gora,RASZZ,21,0.999,0.25,0.10298325610594443,0.5649960186088654,0.03157036733427365
gora,RASZZ,42,0.9,0.0,0.031244492036195642,0.37529659725498127,2.5937993859884604e-05
gora,RASZZ,42,0.9,0.05,0.04406063642672206,0.3945608712585639,2.5937993859884604e-05
gora,RASZZ,42,0.9,0.1,0.04953109613893039,0.4088468152249818,2.5937993859884604e-05
gora,RASZZ,42,0.9,0.25,-0.01052557900890233,0.36283021985095965,2.5937993859884604e-05
gora,RASZZ,42,0.95,0.0,0.03771011110967197,0.4223535978277229,0.0024723063762837933
gora,RASZZ,42,0.95,0.05,0.049861505698876575,0.44403334524473526,0.0024723063762837933
gora,RASZZ,42,0.95,0.1,0.05906761152033522,0.4628451945725082,0.0024723063762837933
gora,RASZZ,42,0.95,0.25,0.004731152616772274,0.42425385602322496,0.0024723063762837933
gora,RASZZ,42,0.99,0.0,0.06884245164877623,0.502053629463871,0.019353530653015552
gora,RASZZ,42,0.99,0.05,0.08152356008896823,0.5278244431435755,0.019353530653015552
gora,RASZZ,42,0.99,0.1,0.09546616858095794,0.5532836701466235,0.019353530653015552
gora,RASZZ,42,0.99,0.25,0.07041386128280984,0.5458154697856307,0.019353530653015552
gora,RASZZ,42,0.995,0.0,0.0775989924000846,0.50810199210852,0.024338018298493472
gora,RASZZ,42,0.995,0.05,0.09058222998074032,0.5341832730722653,0.024338018298493472
gora,RASZZ,42,0.995,0.1,0.10535186140322271,0.5602405461602732,0.024338018298493472
gora,RASZZ,42,0.995,0.25,0.08799541139153294,0.5583814417978241,0.024338018298493472
gora,RASZZ,42,0.999,0.0,0.08695729758326343,0.5113991051278943,0.04906221503761148
gora,RASZZ,42,0.999,0.05,0.10030127541733935,0.5376496295356,0.04906221503761148
gora,RASZZ,42,0.999,0.1,0.11585628925271994,0.5640903638102756,0.04906221503761148
gora,RASZZ,42,0.999,0.25,0.10571762915568221,0.5669281484932521,0.04906221503761148
gora,RASZZ,77,0.9,0.0,0.009997677682133041,0.29134775349624453,2.547324813879302e-05
gora,RASZZ,77,0.9,0.05,0.0217232061267285,0.3063028663182951,2.547324813879302e-05
gora,RASZZ,77,0.9,0.1,0.02449580996395973,0.31503392428767857,2.547324813879302e-05
gora,RASZZ,77,0.9,0.25,-0.049493696313636364,0.24634539183408818,2.547324813879302e-05
gora,RASZZ,77,0.95,0.0,0.005734409390022162,0.3322439265326912,0.0011257963914436879
gora,RASZZ,77,0.95,0.05,0.016244465678028,0.3492982725714415,0.0011257963914436879
gora,RASZZ,77,0.95,0.1,0.022651902988633236,0.3625048375551893,0.0011257963914436879
gora,RASZZ,77,0.95,0.25,-0.047698990124106694,0.3003087245681253,0.0011257963914436879
gora,RASZZ,77,0.99,0.0,0.028711819633577818,0.4423098447693787,-0.04652347760249619
gora,RASZZ,77,0.99,0.05,0.039332990688959256,0.4650139622765521,-0.04652347760249619
gora,RASZZ,77,0.99,0.1,0.05047840447759847,0.4868425193013772,-0.04652347760249619
gora,RASZZ,77,0.99,0.25,0.008918756561645494,0.46342734260407675,-0.04652347760249619
gora,RASZZ,77,0.995,0.0,0.04665478413934406,0.47015095041529315,-0.046754501635912514
gora,RASZZ,77,0.995,0.05,0.058049630801672816,0.494284174105812,-0.046754501635912514
gora,RASZZ,77,0.995,0.1,0.07061467018829948,0.5180137480646961,-0.046754501635912514
gora,RASZZ,77,0.995,0.25,0.0391683581417514,0.5052636182096187,-0.046754501635912514
gora,RASZZ,77,0.999,0.0,0.06638114279476381,0.4903841908590129,-0.010325009426586023
gora,RASZZ,77,0.999,0.05,0.07866893017391677,0.5155560029373273,-0.010325009426586023
gora,RASZZ,77,0.999,0.1,0.09266911836829753,0.5406807549360148,-0.010325009426586023
gora,RASZZ,77,0.999,0.25,0.0711041553381778,0.5365786148805737,-0.010325009426586023
gora,RASZZ,101,0.9,0.0,-0.00487173353427678,0.2850159726046708,2.977366884183987e-05
gora,RASZZ,101,0.9,0.05,0.006090536159666467,0.29964607005776234,2.977366884183987e-05
gora,RASZZ,101,0.9,0.1,0.009977658097770816,0.3088639020500258,2.977366884183987e-05
gora,RASZZ,101,0.9,0.25,-0.044581688926490996,0.2556891653404679,2.977366884183987e-05
gora,RASZZ,101,0.95,0.0,-0.008494814653660436,0.3272567780772025,0.0017236406231114281
gora,RASZZ,101,0.95,0.05,0.0012848442024453522,0.34405512980359887,0.0017236406231114281
gora,RASZZ,101,0.95,0.1,0.008151634427851067,0.3573810141638255,0.0017236406231114281
gora,RASZZ,101,0.95,0.25,-0.04459499349939679,0.306775452323119,0.0017236406231114281
gora,RASZZ,101,0.99,0.0,0.015162663833258415,0.43655493999696937,-0.0377625688051903
gora,RASZZ,101,0.99,0.05,0.025088345902691905,0.458963653647004,-0.0377625688051903
gora,RASZZ,101,0.99,0.1,0.03606310997731303,0.4806023219487449,-0.0377625688051903
gora,RASZZ,101,0.99,0.25,0.005263136364977109,0.46184613150205367,-0.0377625688051903
gora,RASZZ,101,0.995,0.0,0.03128002060142106,0.4632184858473842,-0.039488638016172105
gora,RASZZ,101,0.995,0.05,0.04188566837492107,0.4869958605962043,-0.039488638016172105
gora,RASZZ,101,0.995,0.1,0.054101097587816206,0.5104438888246725,-0.039488638016172105
gora,RASZZ,101,0.995,0.25,0.031685908756438334,0.5011663408127393,-0.039488638016172105
gora,RASZZ,101,0.999,0.0,0.048053752897185976,0.4818705228234857,-0.008205604495508672
gora,RASZZ,101,0.999,0.05,0.059400780718858695,0.5066053215235505,-0.008205604495508672
gora,RASZZ,101,0.999,0.1,0.07282361642112566,0.531339192509895,-0.008205604495508672
gora,RASZZ,101,0.999,0.25,0.05853011258833518,0.5296655443395006,-0.008205604495508672
gora,RASZZ,123,0.9,0.0,0.003971065860534098,0.2861468364693841,3.677834009852046e-05
gora,RASZZ,123,0.9,0.05,0.015387243508203375,0.30083498206762244,3.677834009852046e-05
gora,RASZZ,123,0.9,0.1,0.01790578795399525,0.30923286200903877,3.677834009852046e-05
gora,RASZZ,123,0.9,0.25,-0.04694789432311178,0.24752628230920284,3.677834009852046e-05
gora,RASZZ,123,0.95,0.0,3.910140075258883e-05,0.3283211315367009,0.0016486015564359322
gora,RASZZ,123,0.95,0.05,0.010256812982084888,0.3451741173760372,0.0016486015564359322
gora,RASZZ,123,0.95,0.1,0.01649107322695297,0.3581606970241431,0.0016486015564359322
gora,RASZZ,123,0.95,0.25,-0.045898415886380765,0.3012577712346532,0.0016486015564359322
gora,RASZZ,123,0.99,0.0,0.02480053041462812,0.44044364004277026,-0.04282454441807945
gora,RASZZ,123,0.99,0.05,0.03522093187131823,0.46305196377120145,-0.04282454441807945
gora,RASZZ,123,0.99,0.1,0.046246413151980165,0.4847815477777475,-0.04282454441807945
gora,RASZZ,123,0.99,0.25,0.008853407748723181,0.4632923565012083,-0.04282454441807945
gora,RASZZ,123,0.995,0.0,0.04228287554842556,0.4681657652143146,-0.0436739849606799
gora,RASZZ,123,0.995,0.05,0.05345330865190489,0.4921970877633383,-0.0436739849606799
gora,RASZZ,123,0.995,0.1,0.06586207847237678,0.5158197395968718,-0.0436739849606799
gora,RASZZ,123,0.995,0.25,0.037737938251943076,0.5044762417222816,-0.0436739849606799
gora,RASZZ,123,0.999,0.0,0.06099866199552406,0.4879346706043689,-0.008692226828902274
gora,RASZZ,123,0.999,0.05,0.07301016233745367,0.5129807468521217,-0.008692226828902274
gora,RASZZ,123,0.999,0.1,0.08678710039622696,0.5379703629910372,-0.008692226828902274
gora,RASZZ,123,0.999,0.25,0.06772756029485728,0.5348179916834861,-0.008692226828902274
gora,RASZZ,202,0.9,0.0,0.03537465808384328,0.36117882703013643,3.37014339960095e-05
gora,RASZZ,202,0.9,0.05,0.04840280719544668,0.37971842461533356,3.37014339960095e-05
gora,RASZZ,202,0.9,0.1,0.054756569183885835,0.39311339050461447,3.37014339960095e-05
gora,RASZZ,202,0.9,0.25,-0.0019069855170405325,0.34471631509241124,3.37014339960095e-05
gora,RASZZ,202,0.95,0.0,0.03688680815216471,0.41014899668296556,0.0026552001341686943
gora,RASZZ,202,0.95,0.05,0.04899594194317026,0.4312022721780987,0.0026552001341686943
gora,RASZZ,202,0.95,0.1,0.05863284169555723,0.44927379201869566,0.0026552001341686943
gora,RASZZ,202,0.95,0.25,0.006556531028658457,0.40877849860070403,0.0026552001341686943
gora,RASZZ,202,0.99,0.0,0.0584808371022293,0.49430253665765056,0.011748717212423947
gora,RASZZ,202,0.99,0.05,0.07063007559421454,0.5196754805545262,0.011748717212423947
gora,RASZZ,202,0.99,0.1,0.08435918582347551,0.5446829533596752,0.011748717212423947
gora,RASZZ,202,0.99,0.25,0.05971405753700157,0.5364360092392647,0.011748717212423947
gora,RASZZ,202,0.995,0.0,0.06531754449422184,0.5008281217743449,0.014476054940852332
gora,RASZZ,202,0.995,0.05,0.07767036554739033,0.5265360291658037,0.014476054940852332
gora,RASZZ,202,0.995,0.1,0.09209916721646935,0.552171088450393,0.014476054940852332
gora,RASZZ,202,0.995,0.25,0.07472670416498207,0.5496247186042704,0.014476054940852332
gora,RASZZ,202,0.999,0.0,0.07282570591446436,0.5040088921854606,0.03767243005381906
gora,RASZZ,202,0.999,0.05,0.0854442978644004,0.5298800710619006,0.03767243005381906
gora,RASZZ,202,0.999,0.1,0.10053723928741594,0.5558924951602618,0.03767243005381906
gora,RASZZ,202,0.999,0.25,0.08995283778365165,0.5579938669843177,0.03767243005381906
gora,RASZZ,314,0.9,0.0,0.02855228440814145,0.3414753931732268,2.259906271409511e-05
gora,RASZZ,314,0.9,0.05,0.04066005939337342,0.3590035977657689,2.259906271409511e-05
gora,RASZZ,314,0.9,0.1,0.04560267707667579,0.37183763858583196,2.259906271409511e-05
gora,RASZZ,314,0.9,0.25,0.005028414415098598,0.33346392457215296,2.259906271409511e-05
gora,RASZZ,314,0.95,0.0,0.03148121713704872,0.394026752902729,0.0017846175657550568
gora,RASZZ,314,0.95,0.05,0.04292065576442834,0.4142524607513482,0.0017846175657550568
gora,RASZZ,314,0.95,0.1,0.051030859652136835,0.4315753112412781,0.0017846175657550568
gora,RASZZ,314,0.95,0.25,0.012661567975638882,0.397965166751632,0.0017846175657550568
gora,RASZZ,314,0.99,0.0,0.05128200260687692,0.4875738755517948,-0.0034155757257112273
gora,RASZZ,314,0.99,0.05,0.06280285919600376,0.5126014319014117,-0.0034155757257112273
gora,RASZZ,314,0.99,0.1,0.0747794993537257,0.5372238697892278,-0.0034155757257112273
gora,RASZZ,314,0.99,0.25,0.055311229113645326,0.5311665385811876,-0.0034155757257112273
gora,RASZZ,314,0.995,0.0,0.05670449774764866,0.4946803778737271,-0.00013568738862706602
gora,RASZZ,314,0.995,0.05,0.06837127630552468,0.5200727166619223,-0.00013568738862706602
gora,RASZZ,314,0.995,0.1,0.080972777645209,0.5453451963252564,-0.00013568738862706602
gora,RASZZ,314,0.995,0.25,0.06701271529580254,0.5441988548872617,-0.00013568738862706602
gora,RASZZ,314,0.999,0.0,0.06246228683185694,0.4975030822366514,0.02560811236434059
gora,RASZZ,314,0.999,0.05,0.07431658276899795,0.5230403126936657,0.02560811236434059
gora,RASZZ,314,0.999,0.1,0.08749058909277979,0.548661203547919,0.02560811236434059
gora,RASZZ,314,0.999,0.25,0.07876215057012323,0.5514099617464013,0.02560811236434059
gora,RASZZ,999,0.9,0.0,0.039238742926686554,0.36208672702884137,2.255863684926588e-05
gora,RASZZ,999,0.9,0.05,0.05189506236058909,0.38067292784591117,2.255863684926588e-05
gora,RASZZ,999,0.9,0.1,0.05524022654166339,0.39368806280097857,2.255863684926588e-05
gora,RASZZ,999,0.9,0.25,0.007666827311339248,0.35821805003020885,2.255863684926588e-05
gora,RASZZ,999,0.95,0.0,0.046294876890461904,0.41457217944164293,0.0018000671643349669
gora,RASZZ,999,0.95,0.05,0.058494712501381746,0.43585250043959795,0.0018000671643349669
gora,RASZZ,999,0.95,0.1,0.0659380093455037,0.45390481818224954,0.0018000671643349669
gora,RASZZ,999,0.95,0.25,0.020474513711147342,0.42210243820145266,0.0018000671643349669
gora,RASZZ,999,0.99,0.0,0.0730690088814762,0.5031132412003604,0.007184515780316942
gora,RASZZ,999,0.99,0.05,0.08570820989914713,0.5289384455965767,0.007184515780316942
gora,RASZZ,999,0.99,0.1,0.09819119186791553,0.5543066723605443,0.007184515780316942
gora,RASZZ,999,0.99,0.25,0.07247770457575818,0.5479551517503404,0.007184515780316942
gora,RASZZ,999,0.995,0.0,0.08021756319840447,0.5085414233725962,0.0160838565979482
gora,RASZZ,999,0.995,0.05,0.09309128618055883,0.5346452606940032,0.0160838565979482
gora,RASZZ,999,0.995,0.1,0.10638776485007927,0.5605899326756013,0.0160838565979482
gora,RASZZ,999,0.995,0.25,0.08674670320745584,0.5588778319217368,0.0160838565979482
gora,RASZZ,999,0.999,0.0,0.08773378079494891,0.5105361576382471,0.04603883968433602
gora,RASZZ,999,0.999,0.05,0.10088528269597488,0.5367423862622637,0.04603883968433602
gora,RASZZ,999,0.999,0.1,0.11492367417052585,0.5630049062622391,0.04603883968433602
gora,RASZZ,999,0.999,0.25,0.10115044423868677,0.565147108621062,0.04603883968433602
opennlp,oracle,7,0.9,0.0,0.085526131629706,0.38379928359528986,0.12154018647200646
opennlp,oracle,7,0.9,0.05,0.09000133619172551,0.4038818042485318,0.12154018647200646
opennlp,oracle,7,0.9,0.1,0.09915880727730936,0.426182026569003,0.12154018647200646
opennlp,oracle,7,0.9,0.25,0.12260611704111343,0.4529373366408525,0.12154018647200646
opennlp,oracle,7,0.95,0.0,0.08153512455628563,0.4083770358524876,0.2123996525889194
opennlp,oracle,7,0.95,0.05,0.08580149735283545,0.42974560168197823,0.2123996525889194
opennlp,oracle,7,0.95,0.1,0.09470271306538541,0.45347388643742487,0.2123996525889194
opennlp,oracle,7,0.95,0.25,0.1194283670510213,0.4747009061702828,0.2123996525889194
opennlp,oracle,7,0.99,0.0,0.053790250156423136,0.4303854528896631,0.17340856068280328
opennlp,oracle,7,0.99,0.05,0.05660485626925924,0.4529056219362152,0.17340856068280328
opennlp,oracle,7,0.99,0.1,0.06302678704868916,0.4779126808161289,0.17340856068280328
opennlp,oracle,7,0.99,0.25,0.08811028176196119,0.5052787593726121,0.17340856068280328
opennlp,oracle,7,0.995,0.0,0.040603125926954385,0.4221999790803838,0.15365089682801983
opennlp,oracle,7,0.995,0.05,0.04272770809755084,0.44429183845086906,0.15365089682801983
opennlp,oracle,7,0.995,0.1,0.048223733073970536,0.46882328965367775,0.15365089682801983
opennlp,oracle,7,0.995,0.25,0.07170516825692204,0.49913634904164894,0.15365089682801983
opennlp,oracle,7,0.999,0.0,0.00825265558232654,0.383434818515117,0.10597130100167496
opennlp,oracle,7,0.999,0.05,0.00868448058372735,0.4034982683211406,0.10597130100167496
opennlp,oracle,7,0.999,0.1,0.012169221502661231,0.42577731381126493,0.10597130100167496
opennlp,oracle,7,0.999,0.25,0.02931148894805739,0.4524520363171413,0.10597130100167496
opennlp,oracle,13,0.9,0.0,0.08294742956081039,0.38444283092372755,0.1214145068749971
opennlp,oracle,13,0.9,0.05,0.08728770203782953,0.4045590255650854,0.1214145068749971
opennlp,oracle,13,0.9,0.1,0.095599472967396,0.42689664047358705,0.1214145068749971
opennlp,oracle,13,0.9,0.25,0.1257822569509409,0.46421458616291705,0.1214145068749971
opennlp,oracle,13,0.95,0.0,0.07958380186311276,0.40748019121193707,0.20946815562989465
opennlp,oracle,13,0.95,0.05,0.08374807056525235,0.42880182912418957,0.20946815562989465
opennlp,oracle,13,0.95,0.1,0.09170784014006887,0.45247800373840863,0.20946815562989465
opennlp,oracle,13,0.95,0.25,0.12339804623682894,0.4853461600181081,0.20946815562989465
opennlp,oracle,13,0.99,0.0,0.05498661493553114,0.4250078867978449,0.161911490672127
opennlp,oracle,13,0.99,0.05,0.05786382153099497,0.4472466715721507,0.161911490672127
opennlp,oracle,13,0.99,0.1,0.06358172855708044,0.47194127306999956,0.161911490672127
opennlp,oracle,13,0.99,0.25,0.09413702057750568,0.5091706129113617,0.161911490672127
opennlp,oracle,13,0.995,0.0,0.041799530408023026,0.41509131962058143,0.14691405335751542
opennlp,oracle,13,0.995,0.05,0.04398671513867537,0.43681121425189096,0.14691405335751542
opennlp,oracle,13,0.995,0.1,0.04880198578777745,0.4609296248547561,0.14691405335751542
opennlp,oracle,13,0.995,0.25,0.07686980206584977,0.4997165747589982,0.14691405335751542
opennlp,oracle,13,0.999,0.0,0.008577953788338043,0.37318859156550105,0.1062334536520583
opennlp,oracle,13,0.999,0.05,0.009026800207495266,0.3927159015892772,0.1062334536520583
opennlp,oracle,13,0.999,0.1,0.011801177093299217,0.4143996016770287,0.1062334536520583
opennlp,oracle,13,0.999,0.25,0.032520267084069215,0.447832892836263,0.1062334536520583
opennlp,oracle,21,0.9,0.0,0.0753930671042174,0.3900618602882541,0.12139755883303056
opennlp,oracle,21,0.9,0.05,0.07933805317362413,0.4104720739079883,0.12139755883303056
opennlp,oracle,21,0.9,0.1,0.08118810903045169,0.42395125116917365,0.12139755883303056
opennlp,oracle,21,0.9,0.25,0.10898832812076117,0.45382700119952074,0.12139755883303056
opennlp,oracle,21,0.95,0.0,0.07352420337505651,0.4132077039869371,0.2084149693187649
opennlp,oracle,21,0.95,0.05,0.0773714000632862,0.4348290373350908,0.2084149693187649
opennlp,oracle,21,0.95,0.1,0.08017891508303239,0.45051324615050353,0.2084149693187649
opennlp,oracle,21,0.95,0.25,0.10776023750918116,0.4742834275289174,0.2084149693187649
opennlp,oracle,21,0.99,0.0,0.054200819630290296,0.4362306603304239,0.15961466701211016
opennlp,oracle,21,0.99,0.05,0.05703690902954966,0.4590566832546904,0.15961466701211016
opennlp,oracle,21,0.99,0.1,0.06006399994612934,0.47819576821056603,0.15961466701211016
opennlp,oracle,21,0.99,0.25,0.08315283034612964,0.5005594313566083,0.15961466701211016
opennlp,oracle,21,0.995,0.0,0.04298149308547704,0.43002010623467646,0.14522781061235368
opennlp,oracle,21,0.995,0.05,0.04523052470041479,0.45252115830509565,0.14522781061235368
opennlp,oracle,21,0.995,0.1,0.04780469432615386,0.47173958808137206,0.14522781061235368
opennlp,oracle,21,0.995,0.25,0.06817222758448,0.49507136863569234,0.14522781061235368
opennlp,oracle,21,0.999,0.0,0.012991791667312477,0.394416910710933,0.10241838759340399
opennlp,oracle,21,0.999,0.05,0.01367159471967186,0.41505500487603997,0.10241838759340399
opennlp,oracle,21,0.999,0.1,0.014660253476668708,0.43258122341044647,0.10241838759340399
opennlp,oracle,21,0.999,0.25,0.02802688184168772,0.4509937426575766,0.10241838759340399
opennlp,oracle,42,0.9,0.0,0.09697173804757547,0.4110370697655609,0.12141451147183101
opennlp,oracle,42,0.9,0.05,0.10204584061983234,0.43254482341608447,0.12141451147183101
opennlp,oracle,42,0.9,0.1,0.10229301165934465,0.4406845013103563,0.12141451147183101
opennlp,oracle,42,0.9,0.25,0.12587989447948722,0.46715146813181824,0.12141451147183101
opennlp,oracle,42,0.95,0.0,0.09530362470814879,0.43595748075796653,0.20948959116292773
opennlp,oracle,42,0.95,0.05,0.10029044228008681,0.4587692094022787,0.20948959116292773
opennlp,oracle,42,0.95,0.1,0.10181324991138176,0.4690899472477008,0.20948959116292773
opennlp,oracle,42,0.95,0.25,0.12393114874147099,0.4880252038695533,0.20948959116292773
opennlp,oracle,42,0.99,0.0,0.07918990343568233,0.4653284902804944,0.16632001532747645
opennlp,oracle,42,0.99,0.05,0.08333356117359593,0.48967707407424116,0.16632001532747645
opennlp,oracle,42,0.99,0.1,0.08625219629350385,0.5049113984003405,0.16632001532747645
opennlp,oracle,42,0.99,0.25,0.10198726130065974,0.5192068627240075,0.16632001532747645
opennlp,oracle,42,0.995,0.0,0.07100880014917046,0.4627486591913567,0.1527745321467943
opennlp,oracle,42,0.995,0.05,0.0747243769011619,0.4869622518234626,0.1527745321467943
opennlp,oracle,42,0.995,0.1,0.07755826593355336,0.5027891278516802,0.1527745321467943
opennlp,oracle,42,0.995,0.25,0.09129023769715569,0.518126693561107,0.1527745321467943
opennlp,oracle,42,0.999,0.0,0.04757251808819887,0.4339083531056961,0.12022670668060088
opennlp,oracle,42,0.999,0.05,0.050061777755604636,0.45661285995424994,0.12022670668060088
opennlp,oracle,42,0.999,0.1,0.051849053353710775,0.4714086694907582,0.12022670668060088
opennlp,oracle,42,0.999,0.25,0.06036670133314547,0.4829126663713639,0.12022670668060088
opennlp,oracle,77,0.9,0.0,0.06026440013512241,0.3582028749518577,0.12140639990700183
opennlp,oracle,77,0.9,0.05,0.06341776990963463,0.376946048641199,0.12140639990700183
opennlp,oracle,77,0.9,0.1,0.07041437704252997,0.39775902065206287,0.12140639990700183
opennlp,oracle,77,0.9,0.25,0.10804583729666112,0.4546988131916768,0.12140639990700183
opennlp,oracle,77,0.95,0.0,0.058393533540682316,0.37878321667099124,0.20873158201056163
opennlp,oracle,77,0.95,0.05,0.06144900913292734,0.39860326870610124,0.20873158201056163
opennlp,oracle,77,0.95,0.1,0.0681601275836559,0.4206120381438614,0.20873158201056163
opennlp,oracle,77,0.95,0.25,0.10752562587897181,0.4728738822998257,0.20873158201056163
opennlp,oracle,77,0.99,0.0,0.036728003659806024,0.39451963117207495,0.1603576796720955
opennlp,oracle,77,0.99,0.05,0.03864981780479587,0.4151631002450324,0.1603576796720955
opennlp,oracle,77,0.99,0.1,0.043266510270680854,0.4380862162094819,0.1603576796720955
opennlp,oracle,77,0.99,0.25,0.07704494089739404,0.48377746853988185,0.1603576796720955
opennlp,oracle,77,0.995,0.0,0.022653756899784595,0.3835750281235932,0.14500898518688451
opennlp,oracle,77,0.995,0.05,0.023839127900354716,0.40364581447889747,0.14500898518688451
opennlp,oracle,77,0.995,0.1,0.027499450832376374,0.42593300668938877,0.14500898518688451
opennlp,oracle,77,0.995,0.25,0.05705596652673627,0.47024528865475146,0.14500898518688451
opennlp,oracle,77,0.999,0.0,-0.013552523465367224,0.3383146084998355,0.09460013879947053
opennlp,oracle,77,0.999,0.05,-0.014261667135066665,0.35601711708412925,0.09460013879947053
opennlp,oracle,77,0.999,0.1,-0.012817182528772782,0.3756745039169953,0.09460013879947053
opennlp,oracle,77,0.999,0.25,0.007477484780076793,0.41168952958309296,0.09460013879947053
opennlp,oracle,101,0.9,0.0,0.07697604234313794,0.3693138185980397,0.12153095311074068
opennlp,oracle,101,0.9,0.05,0.08100385851225562,0.38863837887351854,0.12153095311074068
opennlp,oracle,101,0.9,0.1,0.0831428603825661,0.4007619287984381,0.12153095311074068
opennlp,oracle,101,0.9,0.25,0.11149560148281572,0.4253891447306133,0.12153095311074068
opennlp,oracle,101,0.95,0.0,0.0792717723732614,0.40130309163702965,0.21091367547985432
opennlp,oracle,101,0.95,0.05,0.08341971395093206,0.42230150922268817,0.21091367547985432
opennlp,oracle,101,0.95,0.1,0.08715414122094024,0.43724890321303833,0.21091367547985432
opennlp,oracle,101,0.95,0.25,0.11581607356601463,0.45786519782475715,0.21091367547985432
opennlp,oracle,101,0.99,0.0,0.06190776540857105,0.4414971265245232,0.15692433564418148
opennlp,oracle,101,0.99,0.05,0.06514712522646139,0.4645987203542948,0.15692433564418148
opennlp,oracle,101,0.99,0.1,0.06939270116242767,0.4840632872212673,0.15692433564418148
opennlp,oracle,101,0.99,0.25,0.0937252351444168,0.5073782252181958,0.15692433564418148
opennlp,oracle,101,0.995,0.0,0.05096705645881771,0.43818553212525374,0.1462425411890116
opennlp,oracle,101,0.995,0.05,0.053633937320034936,0.46111384485273793,0.1462425411890116
opennlp,oracle,101,0.995,0.1,0.05743019209720227,0.4808272583613281,0.1462425411890116
opennlp,oracle,101,0.995,0.25,0.07912328914109616,0.5057893539219794,0.1462425411890116
opennlp,oracle,101,0.999,0.0,0.02025352785304353,0.402987794366782,0.11035678538601001
opennlp,oracle,101,0.999,0.05,0.02131330547326092,0.42407436500225315,0.11035678538601001
opennlp,oracle,101,0.999,0.1,0.023465541483713433,0.442118866340013,0.11035678538601001
opennlp,oracle,101,0.999,0.25,0.03804803772774885,0.4622867600470538,0.11035678538601001
opennlp,oracle,123,0.9,0.0,0.08749402400455003,0.39775896954956486,0.12141450663569006
opennlp,oracle,123,0.9,0.05,0.09207219967920671,0.4185719388864607,0.12141450663569006
opennlp,oracle,123,0.9,0.1,0.09462536791977809,0.43249834795627323,0.12141450663569006
opennlp,oracle,123,0.9,0.25,0.12513881356866982,0.464365957897543,0.12141450663569006
opennlp,oracle,123,0.95,0.0,0.08533671583164308,0.4215452861719286,0.20946348115947352
opennlp,oracle,123,0.95,0.05,0.08980200910190346,0.44360288835534345,0.20946348115947352
opennlp,oracle,123,0.95,0.1,0.09329587676795367,0.4597715429326105,0.20946348115947352
opennlp,oracle,123,0.95,0.25,0.12331620461064975,0.4857351951922986,0.20946348115947352
opennlp,oracle,123,0.99,0.0,0.06294475902713577,0.4456909396098509,0.1600483295933405
opennlp,oracle,123,0.99,0.05,0.06623838013902077,0.46901197714757575,0.1600483295933405
opennlp,oracle,123,0.99,0.1,0.06977352774262646,0.48870074090735305,0.1600483295933405
opennlp,oracle,123,0.99,0.25,0.09501382716395192,0.5133286693948277,0.1600483295933405
opennlp,oracle,123,0.995,0.0,0.051427249069611526,0.43940162324204035,0.14536737410388068
opennlp,oracle,123,0.995,0.05,0.05411820977674235,0.46239356864424014,0.14536737410388068
opennlp,oracle,123,0.995,0.1,0.057183110480315456,0.48215710083188035,0.14536737410388068
opennlp,oracle,123,0.995,0.25,0.07967754013452243,0.5077115832407354,0.14536737410388068
opennlp,oracle,123,0.999,0.0,0.021422693993449923,0.40371852595265484,0.10821014812361836
opennlp,oracle,123,0.999,0.05,0.02254364891171184,0.4248433325432007,0.10821014812361836
opennlp,oracle,123,0.999,0.1,0.024022175691582073,0.4429100108874505,0.10821014812361836
opennlp,oracle,123,0.999,0.25,0.039524735451839405,0.4635061106005188,0.10821014812361836
opennlp,oracle,202,0.9,0.0,0.08931703102356815,0.4047512565070286,0.12139755696950555
opennlp,oracle,202,0.9,0.05,0.09399059660038278,0.4259301013242569,0.12139755696950555
opennlp,oracle,202,0.9,0.1,0.09004489220693608,0.43324418793853275,0.12139755696950555
opennlp,oracle,202,0.9,0.25,0.11659213069540891,0.4619890314081049,0.12139755696950555
opennlp,oracle,202,0.95,0.0,0.08902637228775048,0.4299865706194227,0.2083961606858175
opennlp,oracle,202,0.95,0.05,0.0936847289772258,0.4524858679192762,0.2083961606858175
opennlp,oracle,202,0.95,0.1,0.0910878450317262,0.4620215359041757,0.2083961606858175
opennlp,oracle,202,0.95,0.25,0.11637280452064543,0.48337426505866105,0.2083961606858175
opennlp,oracle,202,0.99,0.0,0.0728840884660732,0.46061404950431883,0.15350195412442905
opennlp,oracle,202,0.99,0.05,0.07669779076953051,0.4847159474434983,0.15350195412442905
opennlp,oracle,202,0.99,0.1,0.07629956540406575,0.4994259767414247,0.15350195412442905
opennlp,oracle,202,0.99,0.25,0.09349494107222502,0.5146472763142279,0.15350195412442905
opennlp,oracle,202,0.995,0.0,0.06474344898062451,0.45841249874474177,0.1402319667586007
opennlp,oracle,202,0.995,0.05,0.0681311875900758,0.48239919926045505,0.1402319667586007
opennlp,oracle,202,0.995,0.1,0.0678304472429946,0.4977597842335159,0.1402319667586007
opennlp,oracle,202,0.995,0.25,0.082258413227239,0.5135445431150146,0.1402319667586007
opennlp,oracle,202,0.999,0.0,0.04123365539506477,0.4302015353187851,0.1095944350735773
opennlp,oracle,202,0.999,0.05,0.043391230386667,0.4527120807715121,0.1095944350735773
opennlp,oracle,202,0.999,0.1,0.04219322208071912,0.46710664785889083,0.1095944350735773
opennlp,oracle,202,0.999,0.25,0.05061485641313005,0.4787177194063757,0.1095944350735773
opennlp,oracle,314,0.9,0.0,0.07524152860871385,0.38338674372565074,0.1214145068749971
opennlp,oracle,314,0.9,0.05,0.07917858533823957,0.403447677990365,0.1214145068749971
opennlp,oracle,314,0.9,0.1,0.08774442485537107,0.42572393014934223,0.1214145068749971
opennlp,oracle,314,0.9,0.25,0.10938180419810171,0.452417414731859,0.1214145068749971
opennlp,oracle,314,0.95,0.0,0.0714773153568657,0.40749291243452135,0.2094681556298911
opennlp,oracle,314,0.95,0.05,0.07521740743949241,0.4288152159921417,0.2094681556298911
opennlp,oracle,314,0.95,0.1,0.08351123641868873,0.452492129758579,0.2094681556298911
opennlp,oracle,314,0.95,0.25,0.10647761185267984,0.4736253405269562,0.2094681556298911
opennlp,oracle,314,0.99,0.0,0.04857472580318757,0.4285205850602716,0.16174152230408273
opennlp,oracle,314,0.99,0.05,0.051116426571959014,0.45094317381342525,0.16174152230408273
opennlp,oracle,314,0.99,0.1,0.057178410162339245,0.47584187666201927,0.16174152230408273
opennlp,oracle,314,0.99,0.25,0.08130621435454807,0.5028932016337754,0.16174152230408273
opennlp,oracle,314,0.995,0.0,0.03613749517493305,0.4202264238784899,0.14506997679834702
opennlp,oracle,314,0.995,0.05,0.03802841062013302,0.44221501582562023,0.14506997679834702
opennlp,oracle,314,0.995,0.1,0.04320479336092331,0.4666317958405317,0.14506997679834702
opennlp,oracle,314,0.995,0.25,0.0658334143115137,0.49657412685700214,0.14506997679834702
opennlp,oracle,314,0.999,0.0,0.004141171228811463,0.38163746647491914,0.0999036076077287
opennlp,oracle,314,0.999,0.05,0.0043578604210167135,0.40160686879046725,0.0999036076077287
opennlp,oracle,314,0.999,0.1,0.00754127028534053,0.4237814811776709,0.0999036076077287
opennlp,oracle,314,0.999,0.25,0.023861653012254007,0.45009944353845377,0.0999036076077287
opennlp,oracle,999,0.9,0.0,0.07968607537400714,0.39463516527627784,0.12141451106358939
opennlp,oracle,999,0.9,0.05,0.08385569559706565,0.41528467973840877,0.12141451106358939
opennlp,oracle,999,0.9,0.1,0.08660855521014765,0.4290393685133141,0.12141451106358939
opennlp,oracle,999,0.9,0.25,0.11588289593374768,0.4600881337911444,0.12141451106358939
opennlp,oracle,999,0.95,0.0,0.07661649608807042,0.41830025825066774,0.20946053064544973
opennlp,oracle,999,0.95,0.05,0.08062549879035318,0.4401880624614585,0.20946053064544973
opennlp,oracle,999,0.95,0.1,0.08456799588032897,0.45620225554538185,0.20946053064544973
opennlp,oracle,999,0.95,0.25,0.1133779477045735,0.481328785537324,0.20946053064544973
opennlp,oracle,999,0.99,0.0,0.05472539079448323,0.44199102670711315,0.15813926442581971
opennlp,oracle,999,0.99,0.05,0.057588928684892245,0.46511846415109,0.15813926442581971
opennlp,oracle,999,0.99,0.1,0.061675884461436244,0.48463147254189937,0.15813926442581971
opennlp,oracle,999,0.99,0.25,0.08580356901247381,0.5086147778989389,0.15813926442581971
opennlp,oracle,999,0.995,0.0,0.043119028415266346,0.43564652626526623,0.141681426092231
opennlp,oracle,999,0.995,0.05,0.04537525664629772,0.4584419840349604,0.141681426092231
opennlp,oracle,999,0.995,0.1,0.0489606061471157,0.478023088551399,0.141681426092231
opennlp,oracle,999,0.995,0.25,0.07038851763721769,0.5029477853581141,0.141681426092231
opennlp,oracle,999,0.999,0.0,0.013071430910204565,0.4003207738422406,0.1012263280115919
opennlp,oracle,999,0.999,0.05,0.01375540113225015,0.4212677910781717,0.1012263280115919
opennlp,oracle,999,0.999,0.1,0.015724789192573037,0.4391695177875748,0.1012263280115919
opennlp,oracle,999,0.999,0.25,0.030236151759554564,0.45922961399314366,0.1012263280115919
opennlp,BSZZ,7,0.9,0.0,0.056595166266719364,0.39747222895592443,0.045961583555977015
opennlp,BSZZ,7,0.9,0.05,0.0595565412457919,0.4182701944245484,0.045961583555977015
opennlp,BSZZ,7,0.9,0.1,0.05626032650391232,0.423069741784855,0.045961583555977015
opennlp,BSZZ,7,0.9,0.25,0.07248881504175034,0.44771362113442625,0.045961583555977015
opennlp,BSZZ,7,0.95,0.0,0.05838893130412951,0.43532090386385375,0.1273697751744699
opennlp,BSZZ,7,0.95,0.05,0.06144416608167118,0.45809932325207864,0.1273697751744699
opennlp,BSZZ,7,0.95,0.1,0.05873825712915561,0.4623516111099693,0.1273697751744699
opennlp,BSZZ,7,0.95,0.25,0.07133730851709331,0.47986651238943145,0.1273697751744699
opennlp,BSZZ,7,0.99,0.0,0.06560866164746156,0.5022600799196778,0.07413416905388417
opennlp,BSZZ,7,0.99,0.05,0.06904167301273571,0.5285411306131493,0.07413416905388417
opennlp,BSZZ,7,0.99,0.1,0.06915585336636138,0.5372330693747471,0.07413416905388417
opennlp,BSZZ,7,0.99,0.25,0.06872659098529657,0.5365094443261244,0.07413416905388417
opennlp,BSZZ,7,0.995,0.0,0.07038468020975007,0.5157879894342684,0.08276315362089336
opennlp,BSZZ,7,0.995,0.05,0.07406759952305095,0.5427768958581546,0.08276315362089336
opennlp,BSZZ,7,0.995,0.1,0.07493877333785287,0.5530478096581275,0.08276315362089336
opennlp,BSZZ,7,0.995,0.25,0.07293055962162422,0.5528088355220181,0.08276315362089336
opennlp,BSZZ,7,0.999,0.0,0.07025133273546723,0.5169222079484497,0.08499189658627666
opennlp,BSZZ,7,0.999,0.05,0.07392727456464866,0.5439704630155197,0.08499189658627666
opennlp,BSZZ,7,0.999,0.1,0.07518518747206412,0.5550895027589324,0.08499189658627666
opennlp,BSZZ,7,0.999,0.25,0.07171806583497814,0.5547197824714678,0.08499189658627666
opennlp,BSZZ,13,0.9,0.0,0.05322657211662528,0.3476127585080626,-0.0057881060108410706
opennlp,BSZZ,13,0.9,0.05,0.056011683448309174,0.36580179819743797,-0.0057881060108410706
opennlp,BSZZ,13,0.9,0.1,0.051405910283200684,0.36643111209842055,-0.0057881060108410706
opennlp,BSZZ,13,0.9,0.25,0.06607839387808874,0.37958007545946126,-0.0057881060108410706
opennlp,BSZZ,13,0.95,0.0,0.05973051957694318,0.4025645410697905,-0.021496240511861695
opennlp,BSZZ,13,0.95,0.05,0.062855953740853,0.423628964730419,-0.021496240511861695
opennlp,BSZZ,13,0.95,0.1,0.05907013532648626,0.42501204052028235,-0.021496240511861695
opennlp,BSZZ,13,0.95,0.25,0.07122787134831372,0.43481744622039725,-0.021496240511861695
opennlp,BSZZ,13,0.99,0.0,0.08208445734902362,0.5076913481190063,-0.03087287729991851
opennlp,BSZZ,13,0.99,0.05,0.08637957430333301,0.5342565930787216,-0.03087287729991851
opennlp,BSZZ,13,0.99,0.1,0.08640885607037367,0.5428228172503547,-0.03087287729991851
opennlp,BSZZ,13,0.99,0.25,0.08810666395860069,0.542379754753897,-0.03087287729991851
opennlp,BSZZ,13,0.995,0.0,0.09187257385685468,0.5310292604623837,0.03061020903780566
opennlp,BSZZ,13,0.995,0.05,0.09667985969820173,0.5588156752540201,0.03061020903780566
opennlp,BSZZ,13,0.995,0.1,0.09779602005562585,0.5696029316788516,0.03061020903780566
opennlp,BSZZ,13,0.995,0.25,0.09877025704830376,0.5717358294561203,0.03061020903780566
opennlp,BSZZ,13,0.999,0.0,0.09392907451469319,0.535916907227222,0.08938418374197879
opennlp,BSZZ,13,0.999,0.05,0.09884396794860155,0.5639590709774835,0.08938418374197879
opennlp,BSZZ,13,0.999,0.1,0.10050912179006018,0.5758668412536334,0.08938418374197879
opennlp,BSZZ,13,0.999,0.25,0.1002829658178785,0.5786573976390238,0.08938418374197879
opennlp,BSZZ,21,0.9,0.0,0.06101537327489708,0.3774688119334615,0.0483023457215189
opennlp,BSZZ,21,0.9,0.05,0.06420803815556031,0.39722008697649147,0.0483023457215189
opennlp,BSZZ,21,0.9,0.1,0.05996896122539771,0.3992658693503016,0.0483023457215189
opennlp,BSZZ,21,0.9,0.25,0.07690842244733623,0.4194100474347379,0.0483023457215189
opennlp,BSZZ,21,0.95,0.0,0.0604356825879322,0.4205069870242566,0.14576734059584623
opennlp,BSZZ,21,0.95,0.05,0.06359801481637051,0.44251025960110724,0.14576734059584623
opennlp,BSZZ,21,0.95,0.1,0.05985288828446328,0.4447745069727081,0.14576734059584623
opennlp,BSZZ,21,0.95,0.25,0.07256676465285192,0.45885357643375896,0.14576734059584623
opennlp,BSZZ,21,0.99,0.0,0.07017429692247783,0.503493121381818,0.06787160384046327
opennlp,BSZZ,21,0.99,0.05,0.07384620780795631,0.5298386916866806,0.06787160384046327
opennlp,BSZZ,21,0.99,0.1,0.07329543628234837,0.5381439049995889,0.06787160384046327
opennlp,BSZZ,21,0.99,0.25,0.07286514190582195,0.5370873363960977,0.06787160384046327
opennlp,BSZZ,21,0.995,0.0,0.07735837082675556,0.5206350368977355,0.0742380336718078
opennlp,BSZZ,21,0.995,0.05,0.08140619255606255,0.5478775678981984,0.0742380336718078
opennlp,BSZZ,21,0.995,0.1,0.0818039517395827,0.5580536409750553,0.0742380336718078
opennlp,BSZZ,21,0.995,0.25,0.08008632139223833,0.5581841988190086,0.0742380336718078
opennlp,BSZZ,21,0.999,0.0,0.07943586166446082,0.5243064076506246,0.08707462123394541
opennlp,BSZZ,21,0.999,0.05,0.08359238930969422,0.5517410452602504,0.08707462123394541
opennlp,BSZZ,21,0.999,0.1,0.08454977265737623,0.5629729537864205,0.08707462123394541
opennlp,BSZZ,21,0.999,0.25,0.08163816094662124,0.5634680543978607,0.08707462123394541
opennlp,BSZZ,42,0.9,0.0,0.05408748912565294,0.3748325698349225,0.04830221120883561
opennlp,BSZZ,42,0.9,0.05,0.056917648440367334,0.39444590197744755,0.04830221120883561
opennlp,BSZZ,42,0.9,0.1,0.053145797422852734,0.396783558171939,0.04830221120883561
opennlp,BSZZ,42,0.9,0.25,0.06985265480653105,0.4165860534782949,0.04830221120883561
opennlp,BSZZ,42,0.95,0.0,0.05245056302114806,0.4159530907840469,0.14559870903182698
opennlp,BSZZ,42,0.95,0.05,0.055195069225743014,0.4377180780925144,0.14559870903182698
opennlp,BSZZ,42,0.95,0.1,0.05211203367092705,0.44033242670426176,0.14559870903182698
opennlp,BSZZ,42,0.95,0.25,0.0644940985880056,0.45400821187212737,0.14559870903182698
opennlp,BSZZ,42,0.99,0.0,0.06041567984628761,0.4967076741347029,0.06323149320132214
opennlp,BSZZ,42,0.99,0.05,0.06357696541963986,0.5226981919673327,0.06323149320132214
opennlp,BSZZ,42,0.99,0.1,0.06366942034419489,0.5310169353608819,0.06323149320132214
opennlp,BSZZ,42,0.99,0.25,0.06319647882098775,0.5297648015462678,0.06323149320132214
opennlp,BSZZ,42,0.995,0.0,0.06719622396749843,0.513313401669318,0.06774515595967877
opennlp,BSZZ,42,0.995,0.05,0.07071230545416986,0.5401728238496893,0.06774515595967877
opennlp,BSZZ,42,0.995,0.1,0.07171147579274928,0.5502786656060376,0.06774515595967877
opennlp,BSZZ,42,0.995,0.25,0.07006619254986661,0.5501364936036687,0.06774515595967877
opennlp,BSZZ,42,0.999,0.0,0.06887334190485885,0.5167278628867179,0.07817313077001033
opennlp,BSZZ,42,0.999,0.05,0.07247717956267122,0.5437659487354414,0.07817313077001033
opennlp,BSZZ,42,0.999,0.1,0.07399196297070447,0.554870048894087,0.07817313077001033
opennlp,BSZZ,42,0.999,0.25,0.07124829887956301,0.5550315417798773,0.07817313077001033
opennlp,BSZZ,77,0.9,0.0,0.06097030537575982,0.3773064005846069,0.15699387475891335
opennlp,BSZZ,77,0.9,0.05,0.06416061205239841,0.3970491773593828,0.15699387475891335
opennlp,BSZZ,77,0.9,0.1,0.06080487956243997,0.40056650893676815,0.15699387475891335
opennlp,BSZZ,77,0.9,0.25,0.07886803552897381,0.4212279983317524,0.15699387475891335
opennlp,BSZZ,77,0.95,0.0,0.06678875710976116,0.43294795971176153,0.20977578447414813
opennlp,BSZZ,77,0.95,0.05,0.07028351765620215,0.4556022134176095,0.20977578447414813
opennlp,BSZZ,77,0.95,0.1,0.06755082576780919,0.4594741529019007,0.20977578447414813
opennlp,BSZZ,77,0.95,0.25,0.08299553371269597,0.4772863355900935,0.20977578447414813
opennlp,BSZZ,77,0.99,0.0,0.07602584676484407,0.5105351068353012,0.06530469606303665
opennlp,BSZZ,77,0.99,0.05,0.08000394339788824,0.5372491531231949,0.06530469606303665
opennlp,BSZZ,77,0.99,0.1,0.08012169794279259,0.546233690223382,0.06530469606303665
opennlp,BSZZ,77,0.99,0.25,0.08305004511327996,0.5481115346814001,0.06530469606303665
opennlp,BSZZ,77,0.995,0.0,0.08169064901388631,0.5248453595415647,0.07435422632483127
opennlp,BSZZ,77,0.995,0.05,0.08596515971810129,0.552308198122228,0.07435422632483127
opennlp,BSZZ,77,0.995,0.1,0.08689608539598485,0.562939337841687,0.07435422632483127
opennlp,BSZZ,77,0.995,0.25,0.08826597147806077,0.5653159997969978,0.07435422632483127
opennlp,BSZZ,77,0.999,0.0,0.08204600846343545,0.5266021767023145,0.09116514633547106
opennlp,BSZZ,77,0.999,0.05,0.08633911355745243,0.5541569417623193,0.09116514633547106
opennlp,BSZZ,77,0.999,0.1,0.08769210507172726,0.5656909933360638,0.09116514633547106
opennlp,BSZZ,77,0.999,0.25,0.08750237860177747,0.5679083179897642,0.09116514633547106
opennlp,BSZZ,101,0.9,0.0,0.07536010849299693,0.415963208818597,0.04368245567869801
opennlp,BSZZ,101,0.9,0.05,0.07930336998390956,0.43772872555910497,0.04368245567869801
opennlp,BSZZ,101,0.9,0.1,0.07628983690088216,0.44227789819776675,0.04368245567869801
opennlp,BSZZ,101,0.9,0.25,0.09662870478713474,0.4705134204122946,0.04368245567869801
opennlp,BSZZ,101,0.95,0.0,0.07935244868297373,0.4549200968191829,0.11583954157247665
opennlp,BSZZ,101,0.95,0.05,0.08350461169545491,0.478724055373675,0.11583954157247665
opennlp,BSZZ,101,0.95,0.1,0.08138537343360436,0.48332414336280016,0.11583954157247665
opennlp,BSZZ,101,0.95,0.25,0.09859044068454277,0.5047773800278536,0.11583954157247665
opennlp,BSZZ,101,0.99,0.0,0.087350936673612,0.5214980360408721,0.07647126009700553
opennlp,BSZZ,101,0.99,0.05,0.09192162522048705,0.5487857239732433,0.07647126009700553
opennlp,BSZZ,101,0.99,0.1,0.0929309055868551,0.5583440758592743,0.07647126009700553
opennlp,BSZZ,101,0.99,0.25,0.09649709971459708,0.5613613464642019,0.07647126009700553
opennlp,BSZZ,101,0.995,0.0,0.09193081150675747,0.5347604348569212,0.09199593746557917
opennlp,BSZZ,101,0.995,0.05,0.09674114466699478,0.5627420855180392,0.09199593746557917
opennlp,BSZZ,101,0.995,0.1,0.09853717230511017,0.5739174748660819,0.09199593746557917
opennlp,BSZZ,101,0.995,0.25,0.10032920162510559,0.5773143818414808,0.09199593746557917
opennlp,BSZZ,101,0.999,0.0,0.0900226748285166,0.5343998137692795,0.10564772109628708
opennlp,BSZZ,101,0.999,0.05,0.09473316362768316,0.5623625947223231,0.10564772109628708
opennlp,BSZZ,101,0.999,0.1,0.09684589622088567,0.5743369070767688,0.10564772109628708
opennlp,BSZZ,101,0.999,0.25,0.09667678682956549,0.5772542987504229,0.10564772109628708
opennlp,BSZZ,123,0.9,0.0,0.04826099625776842,0.343829300613409,-0.005788121947344148
opennlp,BSZZ,123,0.9,0.05,0.050786280945674896,0.3618203686687618,-0.005788121947344148
opennlp,BSZZ,123,0.9,0.1,0.047005818702561875,0.3635030544842705,-0.005788121947344148
opennlp,BSZZ,123,0.9,0.25,0.06194445288849323,0.37623494501188187,-0.005788121947344148
opennlp,BSZZ,123,0.95,0.0,0.054216486249124785,0.39851925407447486,-0.021516270929523077
opennlp,BSZZ,123,0.95,0.05,0.05705339541332319,0.41937200574116257,-0.021516270929523077
opennlp,BSZZ,123,0.95,0.1,0.054105051270530724,0.42148597545427857,-0.021516270929523077
opennlp,BSZZ,123,0.95,0.25,0.06656443805777733,0.4311333467935067,-0.021516270929523077
opennlp,BSZZ,123,0.99,0.0,0.07339781509832682,0.501365354135674,-0.03542939137424546
opennlp,BSZZ,123,0.99,0.05,0.07723839844649509,0.5275995877823082,-0.03542939137424546
opennlp,BSZZ,123,0.99,0.1,0.07780515873204612,0.5362395395164363,-0.03542939137424546
opennlp,BSZZ,123,0.99,0.25,0.0797670740331094,0.5357648783776537,-0.03542939137424546
opennlp,BSZZ,123,0.995,0.0,0.08279163606380956,0.5242707509352623,0.020816888114716454
opennlp,BSZZ,123,0.995,0.05,0.0871237565555205,0.551703522786526,0.020816888114716454
opennlp,BSZZ,123,0.995,0.1,0.08871582247640969,0.5624673178279428,0.020816888114716454
opennlp,BSZZ,123,0.995,0.25,0.0900356596437214,0.5644856837451404,0.020816888114716454
opennlp,BSZZ,123,0.999,0.0,0.08557229361032181,0.5299728431886845,0.07893207610187097
opennlp,BSZZ,123,0.999,0.05,0.0900499136248154,0.5577039803322785,0.07893207610187097
opennlp,BSZZ,123,0.999,0.1,0.09219803359690264,0.5695813124428742,0.07893207610187097
opennlp,BSZZ,123,0.999,0.25,0.09261994015090358,0.5724058434490866,0.07893207610187097
opennlp,BSZZ,202,0.9,0.0,0.05626325816862538,0.3944474661631848,0.045961587823831
opennlp,BSZZ,202,0.9,0.05,0.05920726586349531,0.41508715916009564,0.045961587823831
opennlp,BSZZ,202,0.9,0.1,0.055980229573879124,0.41963692716366235,0.045961587823831
opennlp,BSZZ,202,0.9,0.25,0.07102837139413802,0.44337034790961,0.045961587823831
opennlp,BSZZ,202,0.95,0.0,0.057264431322424654,0.4328542069175917,0.12735318700005357
opennlp,BSZZ,202,0.95,0.05,0.06026082598464455,0.4555035549539773,0.12735318700005357
opennlp,BSZZ,202,0.95,0.1,0.05757813953332899,0.4595646012253038,0.12735318700005357
opennlp,BSZZ,202,0.95,0.25,0.06880219923172363,0.4760786701192616,0.12735318700005357
opennlp,BSZZ,202,0.99,0.0,0.0643351215323971,0.5010380996412768,0.06923951054095256
opennlp,BSZZ,202,0.99,0.05,0.06770149417072022,0.5272552095062273,0.06923951054095256
opennlp,BSZZ,202,0.99,0.1,0.06784740388268562,0.5358699550174008,0.06923951054095256
opennlp,BSZZ,202,0.99,0.25,0.06630083700385295,0.534318091484105,0.06923951054095256
opennlp,BSZZ,202,0.995,0.0,0.0699573466163872,0.5152494109906426,0.07674397959888933
opennlp,BSZZ,202,0.995,0.05,0.0736179054509656,0.5422101359843391,0.07674397959888933
opennlp,BSZZ,202,0.995,0.1,0.0745723216606025,0.5524470656862165,0.07674397959888933
opennlp,BSZZ,202,0.995,0.25,0.07174900408942886,0.5516217523900502,0.07674397959888933
opennlp,BSZZ,202,0.999,0.0,0.07155821617303972,0.5177067403357337,0.08162205933305328
opennlp,BSZZ,202,0.999,0.05,0.07530254143790807,0.5447960465160919,0.08162205933305328
opennlp,BSZZ,202,0.999,0.1,0.07674611285102802,0.5559601978544032,0.08162205933305328
opennlp,BSZZ,202,0.999,0.25,0.07296023024394019,0.5553930813977926,0.08162205933305328
opennlp,BSZZ,314,0.9,0.0,0.05691138443352641,0.3546526940854252,0.1569934704160004
opennlp,BSZZ,314,0.9,0.05,0.059889305712024894,0.3732101024968719,0.1569934704160004
opennlp,BSZZ,314,0.9,0.1,0.056576579174442435,0.3755797173953517,0.1569934704160004
opennlp,BSZZ,314,0.9,0.25,0.08312489970388684,0.4104517445486873,0.1569934704160004
opennlp,BSZZ,314,0.95,0.0,0.062111800367096986,0.41091707443467546,0.20959952421075842
opennlp,BSZZ,314,0.95,0.05,0.06536183643281716,0.43241854925974577,0.20959952421075842
opennlp,BSZZ,314,0.95,0.1,0.06282942983928266,0.4352874398705208,0.20959952421075842
opennlp,BSZZ,314,0.95,0.25,0.08650707291118219,0.4632096016163453,0.20959952421075842
opennlp,BSZZ,314,0.99,0.0,0.0708236943408094,0.5003999071036968,0.05032436282372555
opennlp,BSZZ,314,0.99,0.05,0.07452958532375872,0.5265836231730762,0.05032436282372555
opennlp,BSZZ,314,0.99,0.1,0.0748874957875367,0.5351716700297741,0.05032436282372555
opennlp,BSZZ,314,0.99,0.25,0.0840094716892779,0.5436131195454191,0.05032436282372555
opennlp,BSZZ,314,0.995,0.0,0.07695741339058727,0.5179670636680809,0.0614875410416864
opennlp,BSZZ,314,0.995,0.05,0.08098425478893194,0.5450699914181548,0.0614875410416864
opennlp,BSZZ,314,0.995,0.1,0.08217607754178513,0.5554693253306872,0.0614875410416864
opennlp,BSZZ,314,0.995,0.25,0.08928535214581905,0.5641777642325754,0.0614875410416864
opennlp,BSZZ,314,0.999,0.0,0.07542327207628025,0.5190134814176653,0.08740976514526355
opennlp,BSZZ,314,0.999,0.05,0.07936983863841118,0.5461711635848686,0.08740976514526355
opennlp,BSZZ,314,0.999,0.1,0.08086562333052341,0.5574120300626665,0.08740976514526355
opennlp,BSZZ,314,0.999,0.25,0.08541970063557781,0.5649897195942416,0.08740976514526355
opennlp,BSZZ,999,0.9,0.0,0.05372721761962303,0.3474013620018243,-0.005788106179523697
opennlp,BSZZ,999,0.9,0.05,0.05653852551832423,0.3655793402461058,-0.005788106179523697
opennlp,BSZZ,999,0.9,0.1,0.052357447399474386,0.3660524040625099,-0.005788106179523697
opennlp,BSZZ,999,0.9,0.25,0.06743089027940964,0.3789443308680661,-0.005788106179523697
opennlp,BSZZ,999,0.95,0.0,0.05958197362983471,0.40215565883418275,-0.021497826906854728
opennlp,BSZZ,999,0.95,0.05,0.06269963504069816,0.4231986874941109,-0.021497826906854728
opennlp,BSZZ,999,0.95,0.1,0.059520544462908574,0.4246701265889033,-0.021497826906854728
opennlp,BSZZ,999,0.95,0.25,0.0718487574365466,0.4342108995887988,-0.021497826906854728
opennlp,BSZZ,999,0.99,0.0,0.08064720670015317,0.5071698043735565,-0.0322414740518567
opennlp,BSZZ,999,0.99,0.05,0.08486711867864956,0.5337077592535682,-0.0322414740518567
opennlp,BSZZ,999,0.99,0.1,0.08560386000514977,0.54242539011995,-0.0322414740518567
opennlp,BSZZ,999,0.99,0.25,0.08745697562279678,0.5420993503033716,-0.0322414740518567
opennlp,BSZZ,999,0.995,0.0,0.09040734630578874,0.5304927464669029,0.028024853521434356
opennlp,BSZZ,999,0.995,0.05,0.09513796326364979,0.5582510878517991,0.028024853521434356
opennlp,BSZZ,999,0.995,0.1,0.09696652466864264,0.5691749475173415,0.028024853521434356
opennlp,BSZZ,999,0.995,0.25,0.09825657480896019,0.5715043087961682,0.028024853521434356
opennlp,BSZZ,999,0.999,0.0,0.09253901617363369,0.5354212816276173,0.08763192034207769
opennlp,BSZZ,999,0.999,0.05,0.09738117399667265,0.563437511480225,0.08763192034207769
opennlp,BSZZ,999,0.999,0.1,0.09976414798196118,0.575470549707191,0.08763192034207769
opennlp,BSZZ,999,0.999,0.25,0.10004216338320641,0.578532868418418,0.08763192034207769
opennlp,AGSZZ,7,0.9,0.0,0.011030064568638085,0.30687285192311164,0.08171982711274342
opennlp,AGSZZ,7,0.9,0.05,0.011607219110020309,0.3229301523144373,0.08171982711274342
opennlp,AGSZZ,7,0.9,0.1,0.004602379679592905,0.32195735596427977,0.08171982711274342
opennlp,AGSZZ,7,0.9,0.25,0.02307031364679067,0.34718448057857126,0.08171982711274342
opennlp,AGSZZ,7,0.95,0.0,0.017347965311032155,0.36918575890534566,0.128011228180356
opennlp,AGSZZ,7,0.95,0.05,0.01825570768195825,0.388503618382951,0.128011228180356
opennlp,AGSZZ,7,0.95,0.1,0.011821067070753477,0.3882686987960791,0.128011228180356
opennlp,AGSZZ,7,0.95,0.25,0.027474177153696884,0.40820803393908633,0.128011228180356
opennlp,AGSZZ,7,0.99,0.0,0.03841305029365233,0.46782619763116584,0.009312491908880768
opennlp,AGSZZ,7,0.99,0.05,0.04042303548343646,0.49230547541419195,0.009312491908880768
opennlp,AGSZZ,7,0.99,0.1,0.037541696940951025,0.49858592484762226,0.009312491908880768
opennlp,AGSZZ,7,0.99,0.25,0.04077207257709025,0.5007143339043593,0.009312491908880768
opennlp,AGSZZ,7,0.995,0.0,0.046994141940351994,0.4846553661192916,0.018327608402571926
opennlp,AGSZZ,7,0.995,0.05,0.049453137739556466,0.5100152399278592,0.018327608402571926
opennlp,AGSZZ,7,0.995,0.1,0.04757282672435696,0.5181207974614338,0.018327608402571926
opennlp,AGSZZ,7,0.995,0.25,0.04899269548864643,0.5201094596589545,0.018327608402571926
opennlp,AGSZZ,7,0.999,0.0,0.04991237213787744,0.4869339570857082,0.04334890381835249
opennlp,AGSZZ,7,0.999,0.05,0.05252406602881289,0.5124130594913558,0.04334890381835249
opennlp,AGSZZ,7,0.999,0.1,0.05123262864974398,0.5214769175099314,0.04334890381835249
opennlp,AGSZZ,7,0.999,0.25,0.050715708136294675,0.5223637814655935,0.04334890381835249
opennlp,AGSZZ,13,0.9,0.0,0.004671799999011277,0.2957452983369307,0.08150139124431059
opennlp,AGSZZ,13,0.9,0.05,0.004916254650122332,0.3112203430173515,0.08150139124431059
opennlp,AGSZZ,13,0.9,0.1,-0.002458024535759558,0.309600992779625,0.08150139124431059
opennlp,AGSZZ,13,0.9,0.25,0.005044929133928578,0.3140694210614259,0.08150139124431059
opennlp,AGSZZ,13,0.95,0.0,0.007604432854958085,0.35384994308179085,0.12481629138995791
opennlp,AGSZZ,13,0.95,0.05,0.008002339225275665,0.37236534708025665,0.12481629138995791
opennlp,AGSZZ,13,0.95,0.1,0.0010015617054196947,0.3712393572987575,0.12481629138995791
opennlp,AGSZZ,13,0.95,0.25,0.004953052113254318,0.37292487207619585,0.12481629138995791
opennlp,AGSZZ,13,0.99,0.0,0.023244175766980936,0.4582314928744168,0.0004055228930292219
opennlp,AGSZZ,13,0.99,0.05,0.024460440778043897,0.48220872215272936,0.0004055228930292219
opennlp,AGSZZ,13,0.99,0.1,0.020697731975751515,0.48793168214227517,0.0004055228930292219
opennlp,AGSZZ,13,0.99,0.25,0.012541492245465954,0.4786868162441174,0.0004055228930292219
opennlp,AGSZZ,13,0.995,0.0,0.03234869620391049,0.477703523383403,0.005413916466703657
opennlp,AGSZZ,13,0.995,0.05,0.034041360540161616,0.5026996379790462,0.005413916466703657
opennlp,AGSZZ,13,0.995,0.1,0.03131009250168265,0.5104012665706618,0.005413916466703657
opennlp,AGSZZ,13,0.995,0.25,0.022157565151553513,0.5026466813536951,0.005413916466703657
opennlp,AGSZZ,13,0.999,0.0,0.03875245825855855,0.4853955564417202,0.027496988268273622
opennlp,AGSZZ,13,0.999,0.05,0.040780203167436614,0.510794161139252,0.027496988268273622
opennlp,AGSZZ,13,0.999,0.1,0.038840331642647545,0.5197686321322513,0.027496988268273622
opennlp,AGSZZ,13,0.999,0.25,0.029273485766961437,0.513037829534383,0.027496988268273622
opennlp,AGSZZ,21,0.9,0.0,0.022149446348464955,0.33471482211660575,0.0815149661264273
opennlp,AGSZZ,21,0.9,0.05,0.023308429006233467,0.35222896978549784,0.0815149661264273
opennlp,AGSZZ,21,0.9,0.1,0.016949668649830094,0.35287389955337445,0.0815149661264273
opennlp,AGSZZ,21,0.9,0.25,0.037683178961031884,0.3840513611062224,0.0815149661264273
opennlp,AGSZZ,21,0.95,0.0,0.02670315054417002,0.39349184915696783,0.1255727335650082
opennlp,AGSZZ,21,0.95,0.05,0.028100408421481243,0.4140815389384371,0.1255727335650082
opennlp,AGSZZ,21,0.95,0.1,0.02220934024374706,0.4152588971736474,0.1255727335650082
opennlp,AGSZZ,21,0.95,0.25,0.03948659113739365,0.4402266395526175,0.1255727335650082
opennlp,AGSZZ,21,0.99,0.0,0.035555120070749034,0.4709704039918247,0.017441116792172744
opennlp,AGSZZ,21,0.99,0.05,0.03741556240003241,0.49561420420069924,0.017441116792172744
opennlp,AGSZZ,21,0.99,0.1,0.03436816706153079,0.5020773441806238,0.017441116792172744
opennlp,AGSZZ,21,0.99,0.25,0.03641026299916701,0.5045395865515394,0.017441116792172744
opennlp,AGSZZ,21,0.995,0.0,0.03895506715855768,0.4819133957268154,0.03210674152246192
opennlp,AGSZZ,21,0.995,0.05,0.04099341369592407,0.5071297943404279,0.03210674152246192
opennlp,AGSZZ,21,0.995,0.1,0.03864600135316205,0.5150760327924879,0.03210674152246192
opennlp,AGSZZ,21,0.995,0.25,0.037747713583037315,0.5161276656890081,0.03210674152246192
opennlp,AGSZZ,21,0.999,0.0,0.03558307739102493,0.47856724802186174,0.045724734459744905
opennlp,AGSZZ,21,0.999,0.05,0.03744498260334601,0.5036085575113778,0.045724734459744905
opennlp,AGSZZ,21,0.999,0.1,0.03532095779587709,0.5121862773838195,0.045724734459744905
opennlp,AGSZZ,21,0.999,0.25,0.031121185311058005,0.5109297521954579,0.045724734459744905
opennlp,AGSZZ,42,0.9,0.0,0.01776268130754039,0.33120825126616993,0.0817145352313592
opennlp,AGSZZ,42,0.9,0.05,0.018692123934097738,0.34853891557660904,0.0817145352313592
opennlp,AGSZZ,42,0.9,0.1,0.012078475567576455,0.34898010002006846,0.0817145352313592
opennlp,AGSZZ,42,0.9,0.25,0.031231919421638582,0.3791064658387539,0.0817145352313592
opennlp,AGSZZ,42,0.95,0.0,0.023767321198599936,0.3840896427845794,0.12751207385227412
opennlp,AGSZZ,42,0.95,0.05,0.025010960098526668,0.4041873566512144,0.12751207385227412
opennlp,AGSZZ,42,0.95,0.1,0.018949308884555732,0.40481841034295835,0.12751207385227412
opennlp,AGSZZ,42,0.95,0.25,0.035183492058346574,0.42738766952762125,0.12751207385227412
opennlp,AGSZZ,42,0.99,0.0,0.04302365454132884,0.47276281327813996,0.012202486107333134
opennlp,AGSZZ,42,0.99,0.05,0.045274892278956515,0.4975004023450194,0.012202486107333134
opennlp,AGSZZ,42,0.99,0.1,0.04266144766996605,0.5040676882347531,0.012202486107333134
opennlp,AGSZZ,42,0.99,0.25,0.04577983996808916,0.5065579664756461,0.012202486107333134
opennlp,AGSZZ,42,0.995,0.0,0.0503304921514258,0.4878057412651949,0.027208253191809667
opennlp,AGSZZ,42,0.995,0.05,0.0529640644151632,0.5133304602848853,0.027208253191809667
opennlp,AGSZZ,42,0.995,0.1,0.0512776082470831,0.5216190667952283,0.027208253191809667
opennlp,AGSZZ,42,0.995,0.25,0.05230986945503739,0.5236256355875207,0.027208253191809667
opennlp,AGSZZ,42,0.999,0.0,0.049900120747183946,0.48674836887334083,0.05093741750554636
opennlp,AGSZZ,42,0.999,0.05,0.05251117357697846,0.5122177602678761,0.05093741750554636
opennlp,AGSZZ,42,0.999,0.1,0.05121902434474078,0.521270834893744,0.05093741750554636
opennlp,AGSZZ,42,0.999,0.25,0.04961030815359135,0.5215072313471003,0.05093741750554636
opennlp,AGSZZ,77,0.9,0.0,0.010142618458745256,0.29776409508215934,0.08172020703646668
opennlp,AGSZZ,77,0.9,0.05,0.010673336866470295,0.31334477447599324,0.08172020703646668
opennlp,AGSZZ,77,0.9,0.1,0.0036169333857855347,0.31184272413475606,0.08172020703646668
opennlp,AGSZZ,77,0.9,0.25,0.02051501634406781,0.334502607834276,0.08172020703646668
opennlp,AGSZZ,77,0.95,0.0,0.017575896696690265,0.36601744387149304,0.12814923777445092
opennlp,AGSZZ,77,0.95,0.05,0.018495565709889177,0.3851695194229084,0.12814923777445092
opennlp,AGSZZ,77,0.95,0.1,0.012074168793478128,0.38475050848241465,0.12814923777445092
opennlp,AGSZZ,77,0.95,0.25,0.026404477895572584,0.4031166658835172,0.12814923777445092
opennlp,AGSZZ,77,0.99,0.0,0.04091307236864077,0.4686267432820719,0.010539316532515008
opennlp,AGSZZ,77,0.99,0.05,0.043053872666999886,0.49314791008171516,0.010539316532515008
opennlp,AGSZZ,77,0.99,0.1,0.04031779507330016,0.49947487431273874,0.010539316532515008
opennlp,AGSZZ,77,0.99,0.25,0.04241335480537771,0.5006957369668159,0.010539316532515008
opennlp,AGSZZ,77,0.995,0.0,0.04957513773190131,0.48546544521654167,0.02112099360991114
opennlp,AGSZZ,77,0.995,0.05,0.05216918563647753,0.510867706884849,0.02112099360991114
opennlp,AGSZZ,77,0.995,0.1,0.05043884045607737,0.5190203331461103,0.02112099360991114
opennlp,AGSZZ,77,0.995,0.25,0.05079392253228056,0.5201969509071435,0.02112099360991114
opennlp,AGSZZ,77,0.999,0.0,0.05150301195015869,0.486617643791304,0.047015272295771245
opennlp,AGSZZ,77,0.999,0.05,0.05419793699406234,0.5120801949199187,0.047015272295771245
opennlp,AGSZZ,77,0.999,0.1,0.05299892193822807,0.5211256739130775,0.047015272295771245
opennlp,AGSZZ,77,0.999,0.25,0.05128907948435102,0.5210730725958803,0.047015272295771245
opennlp,AGSZZ,101,0.9,0.0,0.034145402624686655,0.3584998611285736,0.1511873466560938
opennlp,AGSZZ,101,0.9,0.05,0.03593208066900166,0.3772585747922781,0.1511873466560938
opennlp,AGSZZ,101,0.9,0.1,0.030408534429035284,0.37941872866105236,0.1511873466560938
opennlp,AGSZZ,101,0.9,0.25,0.03984090400389436,0.38263609363132955,0.1511873466560938
opennlp,AGSZZ,101,0.95,0.0,0.0378686139635316,0.4141937053676169,0.17695227806405145
opennlp,AGSZZ,101,0.95,0.05,0.0398501112058094,0.4358666318112712,0.17695227806405145
opennlp,AGSZZ,101,0.95,0.1,0.03467707715463161,0.4383208294149572,0.17695227806405145
opennlp,AGSZZ,101,0.95,0.25,0.04093201229728226,0.4396781852429391,0.17695227806405145
opennlp,AGSZZ,101,0.99,0.0,0.043471021837029215,0.48286871894483424,0.024505403049422357
opennlp,AGSZZ,101,0.99,0.05,0.045745668328501674,0.5081351054012501,0.024505403049422357
opennlp,AGSZZ,101,0.99,0.1,0.04318479224029785,0.5153066027247388,0.024505403049422357
opennlp,AGSZZ,101,0.99,0.25,0.03857676917142287,0.5081861354279787,0.024505403049422357
opennlp,AGSZZ,101,0.995,0.0,0.04723509939445645,0.4947401937152552,0.0370224568059541
opennlp,AGSZZ,101,0.995,0.05,0.04970670343253849,0.5206277619910534,0.0370224568059541
opennlp,AGSZZ,101,0.995,0.1,0.04786267616571088,0.5293317207556285,0.0370224568059541
opennlp,AGSZZ,101,0.995,0.25,0.0419713719032094,0.5230918401866269,0.0370224568059541
opennlp,AGSZZ,101,0.999,0.0,0.0457869675402413,0.49484438919312906,0.051721473327808895
opennlp,AGSZZ,101,0.999,0.05,0.04818279723711439,0.5207374095578858,0.051721473327808895
opennlp,AGSZZ,101,0.999,0.1,0.04667080233578408,0.5302703331241648,0.051721473327808895
opennlp,AGSZZ,101,0.999,0.25,0.03930003616116907,0.5240088055517407,0.051721473327808895
opennlp,AGSZZ,123,0.9,0.0,0.011355780138026112,0.30723433967644365,0.0817151784393596
opennlp,AGSZZ,123,0.9,0.05,0.011949977935946076,0.3233105551246296,0.0817151784393596
opennlp,AGSZZ,123,0.9,0.1,0.004964063839465491,0.32235876261061774,0.0817151784393596
opennlp,AGSZZ,123,0.9,0.25,0.02274899981427739,0.3472983222651026,0.0817151784393596
opennlp,AGSZZ,123,0.95,0.0,0.018602926674033474,0.3765009521536505,0.1279493874675869
opennlp,AGSZZ,123,0.95,0.05,0.019576335627907324,0.39620158337099265,0.1279493874675869
opennlp,AGSZZ,123,0.95,0.1,0.013214613124147581,0.3963917047957305,0.1279493874675869
opennlp,AGSZZ,123,0.95,0.25,0.02842043233623807,0.41745464636716345,0.1279493874675869
opennlp,AGSZZ,123,0.99,0.0,0.040733087055275945,0.4726937797437192,0.025004579705664436
opennlp,AGSZZ,123,0.99,0.05,0.04286446951747062,0.49742775659077426,0.025004579705664436
opennlp,AGSZZ,123,0.99,0.1,0.04011793408115885,0.5039910313652428,0.025004579705664436
opennlp,AGSZZ,123,0.99,0.25,0.04289524833986127,0.5065663273953128,0.025004579705664436
opennlp,AGSZZ,123,0.995,0.0,0.047624418327446405,0.4859901810726086,0.03267268965988357
opennlp,AGSZZ,123,0.995,0.05,0.05011639370504535,0.5114198998496635,0.03267268965988357
opennlp,AGSZZ,123,0.995,0.1,0.048272704184872846,0.5196030152930312,0.03267268965988357
opennlp,AGSZZ,123,0.995,0.25,0.048895061437907394,0.5213105791471634,0.03267268965988357
opennlp,AGSZZ,123,0.999,0.0,0.0477552948189337,0.4850009261698978,0.04902534626571586
opennlp,AGSZZ,123,0.999,0.05,0.050254118385040694,0.5103788816090206,0.04902534626571586
opennlp,AGSZZ,123,0.999,0.1,0.048837346473493574,0.5193304230574057,0.04902534626571586
opennlp,AGSZZ,123,0.999,0.25,0.04696169056998027,0.5192853499817468,0.04902534626571586
opennlp,AGSZZ,202,0.9,0.0,0.0224614324073893,0.32606735537463283,0.08151530386202309
opennlp,AGSZZ,202,0.9,0.05,0.023636739917078275,0.3431290193186543,0.08151530386202309
opennlp,AGSZZ,202,0.9,0.1,0.017296107156979226,0.3432714978337603,0.08151530386202309
opennlp,AGSZZ,202,0.9,0.25,0.03786657174500711,0.3726064256406265,0.08151530386202309
opennlp,AGSZZ,202,0.95,0.0,0.025505335972769758,0.38645914959470595,0.1257749959368678
opennlp,AGSZZ,202,0.95,0.05,0.02683991750622863,0.40668084928280096,0.1257749959368678
opennlp,AGSZZ,202,0.95,0.1,0.020879251670597076,0.40744958048181046,0.1257749959368678
opennlp,AGSZZ,202,0.95,0.25,0.037858119161685785,0.43101298004584765,0.1257749959368678
opennlp,AGSZZ,202,0.99,0.0,0.030490736182537247,0.4646552765929135,0.02059540678319072
opennlp,AGSZZ,202,0.99,0.05,0.032086181680460714,0.48896863408905433,0.02059540678319072
opennlp,AGSZZ,202,0.99,0.1,0.028744526056829388,0.49506484074993107,0.02059540678319072
opennlp,AGSZZ,202,0.99,0.25,0.029902474762017014,0.4962853196698878,0.02059540678319072
opennlp,AGSZZ,202,0.995,0.0,0.03283563323257287,0.4750614101613887,0.033363963981824646
opennlp,AGSZZ,202,0.995,0.05,0.03455377683195167,0.49991927464657765,0.033363963981824646
opennlp,AGSZZ,202,0.995,0.1,0.031850801717559274,0.5074673862443759,0.033363963981824646
opennlp,AGSZZ,202,0.995,0.25,0.029857403002649104,0.5071564436706862,0.033363963981824646
opennlp,AGSZZ,202,0.999,0.0,0.02851502711574469,0.4709806576626148,0.041536111954390054
opennlp,AGSZZ,202,0.999,0.05,0.030007092488080166,0.4956249944007749,0.041536111954390054
opennlp,AGSZZ,202,0.999,0.1,0.027472386631302092,0.503761904040116,0.041536111954390054
opennlp,AGSZZ,202,0.999,0.25,0.021973438526358566,0.5009709606861346,0.041536111954390054
opennlp,AGSZZ,314,0.9,0.0,-0.0006635168257774581,0.292169640926423,0.08171467082362345
opennlp,AGSZZ,314,0.9,0.05,-0.0006982357294518582,0.3074575872539684,0.08171467082362345
opennlp,AGSZZ,314,0.9,0.1,-0.008382517451629259,0.3056304774955643,0.08171467082362345
opennlp,AGSZZ,314,0.9,0.25,0.008343949050951212,0.32732976005452535,0.08171467082362345
opennlp,AGSZZ,314,0.95,0.0,0.004627794604849489,0.35820852163674666,0.12752124459154474
opennlp,AGSZZ,314,0.95,0.05,0.004869946648126502,0.3769519907921578,0.12752124459154474
opennlp,AGSZZ,314,0.95,0.1,-0.0023037850631058006,0.37607925127695996,0.12752124459154474
opennlp,AGSZZ,314,0.95,0.25,0.011489860543089848,0.3936144184416492,0.12752124459154474
opennlp,AGSZZ,314,0.99,0.0,0.02528228595725255,0.45558380691017214,0.0034036523728859062
opennlp,AGSZZ,314,0.99,0.05,0.02660519626896926,0.4794224944810533,0.0034036523728859062
opennlp,AGSZZ,314,0.99,0.1,0.022960909548997897,0.48499161367891147,0.0034036523728859062
opennlp,AGSZZ,314,0.99,0.25,0.023788307922519996,0.48470993819038866,0.0034036523728859062
opennlp,AGSZZ,314,0.995,0.0,0.03385815758580602,0.47188023838559096,0.00825847375580962
opennlp,AGSZZ,314,0.995,0.05,0.03562980536645867,0.4965716462080928,0.00825847375580962
opennlp,AGSZZ,314,0.995,0.1,0.03298624287053598,0.5039349194258522,0.00825847375580962
opennlp,AGSZZ,314,0.995,0.25,0.031885722937595125,0.5033335560497022,0.00825847375580962
opennlp,AGSZZ,314,0.999,0.0,0.037462416178110095,0.4746653478225428,0.029104071716972504
opennlp,AGSZZ,314,0.999,0.05,0.03942265888510424,0.49950248811558284,0.029104071716972504
opennlp,AGSZZ,314,0.999,0.1,0.03740783092754835,0.5078534924999133,0.029104071716972504
opennlp,AGSZZ,314,0.999,0.25,0.034429844690217766,0.5061982851756304,0.029104071716972504
opennlp,AGSZZ,999,0.9,0.0,0.006974155546121457,0.30696378006366937,0.08172098844638133
opennlp,AGSZZ,999,0.9,0.05,0.007339082289813862,0.3230258383228148,0.08172098844638133
opennlp,AGSZZ,999,0.9,0.1,9.857886317874359e-05,0.3220583252491936,0.08172098844638133
opennlp,AGSZZ,999,0.9,0.25,0.01817208935858342,0.34696131240783873,0.08172098844638133
opennlp,AGSZZ,999,0.95,0.0,0.014621926023217316,0.374294310320164,0.1284768059119411
opennlp,AGSZZ,999,0.95,0.05,0.015387026803501938,0.39387947772063775,0.1284768059119411
opennlp,AGSZZ,999,0.95,0.1,0.00879399276956031,0.3939413847229633,0.1284768059119411
opennlp,AGSZZ,999,0.95,0.25,0.024273762290713066,0.4147642282928223,0.1284768059119411
opennlp,AGSZZ,999,0.99,0.0,0.03567918131735091,0.4666457323758427,0.030929072826649466
opennlp,AGSZZ,999,0.99,0.05,0.03754611522349136,0.491063241628067,0.030929072826649466
opennlp,AGSZZ,999,0.99,0.1,0.034505928323094855,0.49727510146594445,0.030929072826649466
opennlp,AGSZZ,999,0.99,0.25,0.037095334089653945,0.49910339732661313,0.030929072826649466
opennlp,AGSZZ,999,0.995,0.0,0.041377997705224275,0.4790895727916641,0.03862816167009719
opennlp,AGSZZ,999,0.995,0.05,0.04354312549212554,0.5041582132284373,0.03862816167009719
opennlp,AGSZZ,999,0.995,0.1,0.04133649478228262,0.511940376649774,0.03862816167009719
opennlp,AGSZZ,999,0.995,0.25,0.041392366203424805,0.5126283051049466,0.03862816167009719
opennlp,AGSZZ,999,0.999,0.0,0.03950871640737498,0.47654800899347793,0.04796142610639886
opennlp,AGSZZ,999,0.999,0.05,0.04157603296357482,0.5014836606268576,0.04796142610639886
opennlp,AGSZZ,999,0.999,0.1,0.03968010296127192,0.5099440549044486,0.04796142610639886
opennlp,AGSZZ,999,0.999,0.25,0.03668081901760882,0.5084371065860358,0.04796142610639886
opennlp,MASZZ,7,0.9,0.0,0.016604680987319195,0.3137661016016071,0.14790077495444998
opennlp,MASZZ,7,0.9,0.05,0.01747353057386497,0.3301840952900633,0.14790077495444998
opennlp,MASZZ,7,0.9,0.1,0.010792597911379907,0.3296118233986828,0.14790077495444998
opennlp,MASZZ,7,0.9,0.25,0.030028179142388284,0.35621686808452746,0.14790077495444998
opennlp,MASZZ,7,0.95,0.0,0.02130426286985374,0.3746213990579564,0.16303957343602637
opennlp,MASZZ,7,0.95,0.05,0.02241902081071818,0.39422368156680304,0.16303957343602637
opennlp,MASZZ,7,0.95,0.1,0.016214256384536954,0.394304593689469,0.16303957343602637
opennlp,MASZZ,7,0.95,0.25,0.03227910330312867,0.41526842758295907,0.16303957343602637
opennlp,MASZZ,7,0.99,0.0,0.04065587349943081,0.4682963767815964,0.01912355016607745
opennlp,MASZZ,7,0.99,0.05,0.042783215717424286,0.4928002569620288,0.01912355016607745
opennlp,MASZZ,7,0.99,0.1,0.04003219387497499,0.4991080256220268,0.01912355016607745
opennlp,MASZZ,7,0.99,0.25,0.04359327592663235,0.501236678461425,0.01912355016607745
opennlp,MASZZ,7,0.995,0.0,0.047378664682114636,0.4830832445903856,0.033569162371907914
opennlp,MASZZ,7,0.995,0.05,0.04985778085734157,0.5083608562259291,0.033569162371907914
opennlp,MASZZ,7,0.995,0.1,0.047999812100179284,0.5163750674201333,0.033569162371907914
opennlp,MASZZ,7,0.995,0.25,0.049384369597294336,0.5179392211384879,0.033569162371907914
opennlp,MASZZ,7,0.999,0.0,0.0461408741576896,0.4815649228768588,0.05242614753694464
opennlp,MASZZ,7,0.999,0.05,0.04855522222408034,0.5067630874459967,0.05242614753694464
opennlp,MASZZ,7,0.999,0.1,0.0470446462300262,0.5155149838178961,0.05242614753694464
opennlp,MASZZ,7,0.999,0.25,0.045603359475638414,0.5151576075939754,0.05242614753694464
opennlp,MASZZ,13,0.9,0.0,0.017554027688578347,0.3178133588750346,0.08151496524336402
opennlp,MASZZ,13,0.9,0.05,0.018472552393213267,0.3344431276533794,0.08151496524336402
opennlp,MASZZ,13,0.9,0.1,0.01184678044467995,0.33410601705813286,0.08151496524336402
opennlp,MASZZ,13,0.9,0.25,0.021744144726042212,0.3433210366059787,0.08151496524336402
opennlp,MASZZ,13,0.95,0.0,0.018909695615018707,0.3703432698160141,0.1255500711154429
opennlp,MASZZ,13,0.95,0.05,0.019899156432083627,0.38972169672499163,0.1255500711154429
opennlp,MASZZ,13,0.95,0.1,0.013555258389904186,0.38955403299749625,0.1255500711154429
opennlp,MASZZ,13,0.95,0.25,0.019552688095497067,0.39471223086467144,0.1255500711154429
opennlp,MASZZ,13,0.99,0.0,0.02568483898151494,0.45922088500424196,0.0011133405210185907
opennlp,MASZZ,13,0.99,0.05,0.027028813114268635,0.4832498848009756,0.0011133405210185907
opennlp,MASZZ,13,0.99,0.1,0.023407916281461053,0.48903033229870685,0.0011133405210185907
opennlp,MASZZ,13,0.99,0.25,0.015621658478377749,0.47989283739377336,0.0011133405210185907
opennlp,MASZZ,13,0.995,0.0,0.03347294574680239,0.4778519026795294,0.006947583755819966
opennlp,MASZZ,13,0.995,0.05,0.03522443709401879,0.5028557813081094,0.006947583755819966
opennlp,MASZZ,13,0.995,0.1,0.03255849230084484,0.5105660313105322,0.006947583755819966
opennlp,MASZZ,13,0.995,0.25,0.023531187498774878,0.5027632124487045,0.006947583755819966
opennlp,MASZZ,13,0.999,0.0,0.0397960902410645,0.4854994324931779,0.02833333327327347
opennlp,MASZZ,13,0.999,0.05,0.04187844380018997,0.5109034725654953,0.02833333327327347
opennlp,MASZZ,13,0.999,0.1,0.039999211328743116,0.5198839791587166,0.02833333327327347
opennlp,MASZZ,13,0.999,0.25,0.030574576620987906,0.5131206080856738,0.02833333327327347
opennlp,MASZZ,21,0.9,0.0,0.03376531366035759,0.3382006283859588,0.1514752739582183
opennlp,MASZZ,21,0.9,0.05,0.03553210332863214,0.35589717289452644,0.1514752739582183
opennlp,MASZZ,21,0.9,0.1,0.029848269775305993,0.35674464148437396,0.1514752739582183
opennlp,MASZZ,21,0.9,0.25,0.05316150031160296,0.3886962514234218,0.1514752739582183
opennlp,MASZZ,21,0.95,0.0,0.03642627775604287,0.39719085283192923,0.1807403193010951
opennlp,MASZZ,21,0.95,0.05,0.03833230391769627,0.41797409513127437,0.1807403193010951
opennlp,MASZZ,21,0.95,0.1,0.03300618702502918,0.41936637978204006,0.1807403193010951
opennlp,MASZZ,21,0.95,0.25,0.0524428072749322,0.4451556186826887,0.1807403193010951
opennlp,MASZZ,21,0.99,0.0,0.04001594018916231,0.47550458951556945,0.03742320045002029
opennlp,MASZZ,21,0.99,0.05,0.04210979752464173,0.5003856436181283,0.03742320045002029
opennlp,MASZZ,21,0.99,0.1,0.039321593082590936,0.5071122373082176,0.03742320045002029
opennlp,MASZZ,21,0.99,0.25,0.04235437422443918,0.5105814583046522,0.03742320045002029
opennlp,MASZZ,21,0.995,0.0,0.0418562836860445,0.4856597168045818,0.04860108252095561
opennlp,MASZZ,21,0.995,0.05,0.04404643806496543,0.5110721438466821,0.04860108252095561
opennlp,MASZZ,21,0.995,0.1,0.041867597619880535,0.5192360580383512,0.04860108252095561
opennlp,MASZZ,21,0.995,0.25,0.041613629103099514,0.5211196959840442,0.04860108252095561
opennlp,MASZZ,21,0.999,0.0,0.03716796477219819,0.4815116756543156,0.05382315635667546
opennlp,MASZZ,21,0.999,0.05,0.03911280013818531,0.5067070540315762,0.05382315635667546
opennlp,MASZZ,21,0.999,0.1,0.037080863415462115,0.5154558565339677,0.05382315635667546
opennlp,MASZZ,21,0.999,0.25,0.033233072054560026,0.5148532471756356,0.05382315635667546
opennlp,MASZZ,42,0.9,0.0,0.0005386453393749025,0.28460475838113414,0.08150142471230627
opennlp,MASZZ,42,0.9,0.05,0.000566830269923584,0.29949686783130974,0.08150142471230627
opennlp,MASZZ,42,0.9,0.1,-0.007047601182349653,0.29723020914772813,0.08150142471230627
opennlp,MASZZ,42,0.9,0.25,0.008268151498061505,0.3171023754396778,0.08150142471230627
opennlp,MASZZ,42,0.95,0.0,0.0023555362011421213,0.3440029751233797,0.12485705038718177
opennlp,MASZZ,42,0.95,0.05,0.002478791002364667,0.36200313079844026,0.12485705038718177
opennlp,MASZZ,42,0.95,0.1,-0.004826967707713371,0.3603049941056751,0.12485705038718177
opennlp,MASZZ,42,0.95,0.25,0.0063953725287938775,0.3739123907211563,0.12485705038718177
opennlp,MASZZ,42,0.99,0.0,0.013387772431867227,0.44651836519894855,-0.0005649571706566781
opennlp,MASZZ,42,0.99,0.05,0.014088295407953304,0.4698826982616842,-0.0005649571706566781
opennlp,MASZZ,42,0.99,0.1,0.009752891462527079,0.47492508024497604,-0.0005649571706566781
opennlp,MASZZ,42,0.99,0.25,0.006154590569269727,0.4715041374516263,-0.0005649571706566781
opennlp,MASZZ,42,0.995,0.0,0.021038889592935112,0.46405490829571416,-0.00136767361424705
opennlp,MASZZ,42,0.995,0.05,0.022139761722797992,0.48833685117165276,-0.00136767361424705
opennlp,MASZZ,42,0.995,0.1,0.018751350191335756,0.4952454424548847,-0.00136767361424705
opennlp,MASZZ,42,0.995,0.25,0.01317808493300045,0.49191535488102217,-0.00136767361424705
opennlp,MASZZ,42,0.999,0.0,0.027182842667842693,0.4708611962539831,0.016406030848667524
opennlp,MASZZ,42,0.999,0.05,0.02860520071441586,0.4954992821044822,0.016406030848667524
opennlp,MASZZ,42,0.999,0.1,0.025993089790380244,0.5036292505740892,0.016406030848667524
opennlp,MASZZ,42,0.999,0.25,0.01926554440462066,0.5002938557245622,0.016406030848667524
opennlp,MASZZ,77,0.9,0.0,0.016602385643433436,0.3051121161741778,0.1478393156123824
opennlp,MASZZ,77,0.9,0.05,0.01747111512477588,0.3210772850437569,0.1478393156123824
opennlp,MASZZ,77,0.9,0.1,0.010790049093936209,0.32000218313877654,0.1478393156123824
opennlp,MASZZ,77,0.9,0.25,0.028642059544967544,0.3441421706216689,0.1478393156123824
opennlp,MASZZ,77,0.95,0.0,0.023257679263238414,0.37279363350682804,0.16177451827296888
opennlp,MASZZ,77,0.95,0.05,0.024474650852593916,0.3923002771205575,0.16177451827296888
opennlp,MASZZ,77,0.95,0.1,0.018383387471669628,0.3922749889977252,0.16177451827296888
opennlp,MASZZ,77,0.95,0.25,0.03350447132460141,0.41196344945209873,0.16177451827296888
opennlp,MASZZ,77,0.99,0.0,0.04656700472627968,0.4736609646629067,0.014794314952683433
opennlp,MASZZ,77,0.99,0.05,0.04900365032242221,0.49844555002317503,0.014794314952683433
opennlp,MASZZ,77,0.99,0.1,0.04659608805938998,0.5050650219810278,0.014794314952683433
opennlp,MASZZ,77,0.99,0.25,0.04977906412698817,0.5073000939338618,0.014794314952683433
opennlp,MASZZ,77,0.995,0.0,0.05443682719970201,0.4894781294336209,0.030837676069090877
opennlp,MASZZ,77,0.995,0.05,0.05728526583224457,0.5150903571365429,0.030837676069090877
opennlp,MASZZ,77,0.995,0.1,0.055837403607438885,0.5234761358656891,0.030837676069090877
opennlp,MASZZ,77,0.995,0.25,0.057150363045455586,0.5254689730553884,0.030837676069090877
opennlp,MASZZ,77,0.999,0.0,0.05408562343026385,0.488450739899653,0.05636104141867495
opennlp,MASZZ,77,0.999,0.05,0.056915685121382315,0.5140092088478906,0.05636104141867495
opennlp,MASZZ,77,0.999,0.1,0.05586672977809944,0.5231611978125326,0.05636104141867495
opennlp,MASZZ,77,0.999,0.25,0.054642475797613416,0.5234641844653518,0.05636104141867495
opennlp,MASZZ,101,0.9,0.0,0.044922084852394274,0.36301898285190454,0.15012223162065588
opennlp,MASZZ,101,0.9,0.05,0.047272659059786996,0.38201416218717865,0.15012223162065588
opennlp,MASZZ,101,0.9,0.1,0.04237527972483332,0.3844368945010701,0.15012223162065588
opennlp,MASZZ,101,0.9,0.25,0.054200998358852004,0.38865789263935085,0.15012223162065588
opennlp,MASZZ,101,0.95,0.0,0.047798297257239615,0.4194834687764364,0.170171063571755
opennlp,MASZZ,101,0.95,0.05,0.05029937095093238,0.4414331851659011,0.170171063571755
opennlp,MASZZ,101,0.95,0.1,0.04570328989181658,0.4441947384762842,0.170171063571755
opennlp,MASZZ,101,0.95,0.25,0.054163467581904226,0.4467268761165315,0.170171063571755
opennlp,MASZZ,101,0.99,0.0,0.05160861973609461,0.49120401286355586,0.017457561120743596
opennlp,MASZZ,101,0.99,0.05,0.054309070768797235,0.5169065484203698,0.017457561120743596
opennlp,MASZZ,101,0.99,0.1,0.05222102058220482,0.5245623585485952,0.017457561120743596
opennlp,MASZZ,101,0.99,0.25,0.049420243181711225,0.5192930424166065,0.017457561120743596
opennlp,MASZZ,101,0.995,0.0,0.05528219194871593,0.5031370934896839,0.03342915427325447
opennlp,MASZZ,101,0.995,0.05,0.05817486478324177,0.5294640344280976,0.03342915427325447
opennlp,MASZZ,101,0.995,0.1,0.056798404707557294,0.5386558855358224,0.03342915427325447
opennlp,MASZZ,101,0.995,0.25,0.05269424615342509,0.5342808379228596,0.03342915427325447
opennlp,MASZZ,101,0.999,0.0,0.05348790907427734,0.502657327970499,0.05641381494325536
opennlp,MASZZ,101,0.999,0.05,0.05628669501421045,0.5289591648991878,0.05641381494325536
opennlp,MASZZ,101,0.999,0.1,0.055222154591370115,0.5389460504168273,0.05641381494325536
opennlp,MASZZ,101,0.999,0.25,0.0495616588678723,0.5344196663029356,0.05641381494325536
opennlp,MASZZ,123,0.9,0.0,0.027605631176128822,0.3334166351449321,0.15012218886207673
opennlp,MASZZ,123,0.9,0.05,0.02905011187720532,0.3508628544257716,0.15012218886207673
opennlp,MASZZ,123,0.9,0.1,0.023008376955395496,0.35143235451120924,0.15012218886207673
opennlp,MASZZ,123,0.9,0.25,0.04438969895136113,0.3822824112660027,0.15012218886207673
opennlp,MASZZ,123,0.95,0.0,0.029967889991564328,0.39323653602015707,0.17012415086419802
opennlp,MASZZ,123,0.95,0.05,0.03153597725856479,0.4138128663933047,0.17012415086419802
opennlp,MASZZ,123,0.95,0.1,0.02583460306570024,0.4149753899481089,0.17012415086419802
opennlp,MASZZ,123,0.95,0.25,0.04330780268860512,0.439695906516426,0.17012415086419802
opennlp,MASZZ,123,0.99,0.0,0.034844942683424036,0.470899383797951,0.016466164407646516
opennlp,MASZZ,123,0.99,0.05,0.03666822456802181,0.49553946783389025,0.016466164407646516
opennlp,MASZZ,123,0.99,0.1,0.033579565177445994,0.5019984812659541,0.016466164407646516
opennlp,MASZZ,123,0.99,0.25,0.0349141009038611,0.5040926428913656,0.016466164407646516
opennlp,MASZZ,123,0.995,0.0,0.038356143733738766,0.4819428231009589,0.026649784003561657
opennlp,MASZZ,123,0.995,0.05,0.04036315125469022,0.5071607615190323,0.026649784003561657
opennlp,MASZZ,123,0.995,0.1,0.0379809391452343,0.5151087098153099,0.026649784003561657
opennlp,MASZZ,123,0.995,0.25,0.036444594646105465,0.5158555115502067,0.026649784003561657
opennlp,MASZZ,123,0.999,0.0,0.037028052310212944,0.48034599813541023,0.041550217497328776
opennlp,MASZZ,123,0.999,0.05,0.038965566675282226,0.5054803817587747,0.041550217497328776
opennlp,MASZZ,123,0.999,0.1,0.03692550049755212,0.5141614538902752,0.041550217497328776
opennlp,MASZZ,123,0.999,0.25,0.03259381876402249,0.5130391166687863,0.041550217497328776
opennlp,MASZZ,202,0.9,0.0,0.026935831040981434,0.33072352441665165,0.08172586415898059
opennlp,MASZZ,202,0.9,0.05,0.028345264060567678,0.34802882511287186,0.08172586415898059
opennlp,MASZZ,202,0.9,0.1,0.02226461116115209,0.3484418450521985,0.08172586415898059
opennlp,MASZZ,202,0.9,0.25,0.043828776550014555,0.37881084230275225,0.08172586415898059
opennlp,MASZZ,202,0.95,0.0,0.03077507700312705,0.39133542029991175,0.12863230640137427
opennlp,MASZZ,202,0.95,0.05,0.0323854007998023,0.4118122736876978,0.12863230640137427
opennlp,MASZZ,202,0.95,0.1,0.026730927293263755,0.4128643350685727,0.12863230640137427
opennlp,MASZZ,202,0.95,0.25,0.0448801299088858,0.43751068554996236,0.12863230640137427
opennlp,MASZZ,202,0.99,0.0,0.035139090052749754,0.46903981287419433,0.025984538291164896
opennlp,MASZZ,202,0.99,0.05,0.03697776336946341,0.49358259378040215,0.025984538291164896
opennlp,MASZZ,202,0.99,0.1,0.033906195078353685,0.499933558951844,0.025984538291164896
opennlp,MASZZ,202,0.99,0.25,0.03609647758784619,0.5021277815121834,0.025984538291164896
opennlp,MASZZ,202,0.995,0.0,0.03653347691705571,0.4785705496241396,0.04010327748861413
opennlp,MASZZ,202,0.995,0.05,0.03844511233713421,0.5036120318719144,0.04010327748861413
opennlp,MASZZ,202,0.995,0.1,0.03595699623836539,0.5113640380404368,0.04010327748861413
opennlp,MASZZ,202,0.995,0.25,0.03478483642761644,0.5118324258259592,0.04010327748861413
opennlp,MASZZ,202,0.999,0.0,0.031218462916430306,0.4739088913928519,0.04718648479246049
opennlp,MASZZ,202,0.999,0.05,0.03285198713880166,0.4987064496634081,0.04718648479246049
opennlp,MASZZ,202,0.999,0.1,0.030474361354762808,0.5070135010043669,0.04718648479246049
opennlp,MASZZ,202,0.999,0.25,0.025575808194511423,0.5048728770432357,0.04718648479246049
opennlp,MASZZ,314,0.9,0.0,-0.0013029922609943763,0.2764096804680058,0.14783806121886028
opennlp,MASZZ,314,0.9,0.05,-0.0013711720886045433,0.2908729777017968,0.14783806121886028
opennlp,MASZZ,314,0.9,0.1,-0.009092609806072587,0.2881301533055427,0.14783806121886028
opennlp,MASZZ,314,0.9,0.25,0.007491838225619216,0.3063293710264995,0.14783806121886028
opennlp,MASZZ,314,0.95,0.0,0.004948974163049945,0.3440186875697502,0.16156334967446118
opennlp,MASZZ,314,0.95,0.05,0.005207932113442099,0.36201966540770225,0.16156334967446118
opennlp,MASZZ,314,0.95,0.1,-0.0019471378236316694,0.3603224416688229,0.16156334967446118
opennlp,MASZZ,314,0.95,0.25,0.011917837230458802,0.37470624691188464,0.16156334967446118
opennlp,MASZZ,314,0.99,0.0,0.032148594978051954,0.4598245728386399,0.002323215568474121
opennlp,MASZZ,314,0.99,0.05,0.03383078890132212,0.4838851609522897,0.002323215568474121
opennlp,MASZZ,314,0.99,0.1,0.03058546128375061,0.48970068504733283,0.002323215568474121
opennlp,MASZZ,314,0.99,0.25,0.03293777000422325,0.49036082383249413,0.002323215568474121
opennlp,MASZZ,314,0.995,0.0,0.0417540341907889,0.4790697405868762,0.012708446146414048
opennlp,MASZZ,314,0.995,0.05,0.0439388383054232,0.5041373432920034,0.012708446146414048
opennlp,MASZZ,314,0.995,0.1,0.04175405676932063,0.5119183543855614,0.012708446146414048
opennlp,MASZZ,314,0.995,0.25,0.04240709961613671,0.5129136780013533,0.012708446146414048
opennlp,MASZZ,314,0.999,0.0,0.04382579138215177,0.48136788329262153,0.04017089240958496
opennlp,MASZZ,314,0.999,0.05,0.04611900139633413,0.5065557376509564,0.04017089240958496
opennlp,MASZZ,314,0.999,0.1,0.044473910141852285,0.5152961852611664,0.04017089240958496
opennlp,MASZZ,314,0.999,0.25,0.042909139747382495,0.5151295164891342,0.04017089240958496
opennlp,MASZZ,999,0.9,0.0,0.0003475974944420627,0.28396587725718875,0.1501223894700233
opennlp,MASZZ,999,0.9,0.05,0.00036578573543032046,0.2988245568811114,0.1501223894700233
opennlp,MASZZ,999,0.9,0.1,-0.007259746335311874,0.2965207767340219,0.1501223894700233
opennlp,MASZZ,999,0.9,0.25,0.009328728344979186,0.316412100437235,0.1501223894700233
opennlp,MASZZ,999,0.95,0.0,0.0018146797813434967,0.34298114385171324,0.17024542445337967
opennlp,MASZZ,999,0.95,0.05,0.0019096339559486744,0.3609278316113959,0.17024542445337967
opennlp,MASZZ,999,0.95,0.1,-0.005427550603317984,0.35917032257087994,0.17024542445337967
opennlp,MASZZ,999,0.95,0.25,0.00695116992444639,0.3729798594431182,0.17024542445337967
opennlp,MASZZ,999,0.99,0.0,0.01216210222029873,0.4459272806045229,0.003118933271240978
opennlp,MASZZ,999,0.99,0.05,0.01279849128996552,0.4692606848222014,0.003118933271240978
opennlp,MASZZ,999,0.99,0.1,0.0083918711662455,0.47426872250515373,0.003118933271240978
opennlp,MASZZ,999,0.99,0.25,0.005624403287076821,0.4714124164006505,0.003118933271240978
opennlp,MASZZ,999,0.995,0.0,0.019863115471647163,0.46342809183265826,-0.0005050870415022091
opennlp,MASZZ,999,0.995,0.05,0.020902464537024053,0.48767723617273917,-0.0005050870415022091
opennlp,MASZZ,999,0.995,0.1,0.01744573598303442,0.49454940699590844,-0.0005050870415022091
opennlp,MASZZ,999,0.995,0.25,0.012624197783073268,0.4916967560084655,-0.0005050870415022091
opennlp,MASZZ,999,0.999,0.0,0.025761784138235592,0.4700241635479793,0.016050714647097637
opennlp,MASZZ,999,0.999,0.05,0.027109784471050242,0.4946184511754899,0.016050714647097637
opennlp,MASZZ,999,0.999,0.1,0.024415104551982172,0.5026997848085268,0.016050714647097637
opennlp,MASZZ,999,0.999,0.25,0.01829010573507396,0.499700225038395,0.016050714647097637
opennlp,LSZZ,7,0.9,0.0,0.048622401952701136,0.3721450308230036,0.11974042325448
opennlp,LSZZ,7,0.9,0.05,0.05116659740371457,0.3916177359242073,0.11974042325448
opennlp,LSZZ,7,0.9,0.1,0.04634601812447274,0.3944375055402335,0.11974042325448
opennlp,LSZZ,7,0.9,0.25,0.07114703404523792,0.4338811637791149,0.11974042325448
opennlp,LSZZ,7,0.95,0.0,0.05310934660504707,0.42742982127426227,0.19615146540629924
opennlp,LSZZ,7,0.95,0.05,0.05588832404368326,0.4497953351781481,0.19615146540629924
opennlp,LSZZ,7,0.95,0.1,0.05153155795551851,0.45294462081309694,0.19615146540629924
opennlp,LSZZ,7,0.95,0.25,0.07314059444840437,0.48527247436946985,0.19615146540629924
opennlp,LSZZ,7,0.99,0.0,0.048883218933640955,0.48810491756437036,0.10947568787370192
opennlp,LSZZ,7,0.99,0.05,0.051441061784819844,0.513645291157855,0.10947568787370192
opennlp,LSZZ,7,0.99,0.1,0.049168080522778886,0.5211040126262114,0.10947568787370192
opennlp,LSZZ,7,0.99,0.25,0.0536475773443249,0.5270733456264651,0.10947568787370192
opennlp,LSZZ,7,0.995,0.0,0.04826522360425733,0.4930323083501675,0.0892855239751017
opennlp,LSZZ,7,0.995,0.05,0.050790729490526605,0.5188305105312808,0.0892855239751017
opennlp,LSZZ,7,0.995,0.1,0.048984273234583126,0.5274228007975599,0.0892855239751017
opennlp,LSZZ,7,0.995,0.25,0.0498268985205723,0.5307416342100678,0.0892855239751017
opennlp,LSZZ,7,0.999,0.0,0.04230493532185683,0.48653966189789294,0.06859125430388774
opennlp,LSZZ,7,0.999,0.05,0.04451856565846561,0.5119981325785966,0.06859125430388774
opennlp,LSZZ,7,0.999,0.1,0.04278510678655544,0.5210390805222346,0.06859125430388774
opennlp,LSZZ,7,0.999,0.25,0.03989857194611255,0.5214383465191349,0.06859125430388774
opennlp,LSZZ,13,0.9,0.0,0.03804625120981634,0.32280362743725327,0.15325462704853343
opennlp,LSZZ,13,0.9,0.05,0.040037043424283485,0.33969451491943514,0.15325462704853343
opennlp,LSZZ,13,0.9,0.1,0.03460194889464361,0.33964735822231445,0.15325462704853343
opennlp,LSZZ,13,0.9,0.25,0.05103043393733855,0.3492944655538961,0.15325462704853343
opennlp,LSZZ,13,0.95,0.0,0.040001188996554894,0.384358229635691,0.18755972507895638
opennlp,LSZZ,13,0.95,0.05,0.04209427446730487,0.40446999746546547,0.18755972507895638
opennlp,LSZZ,13,0.95,0.1,0.036975873739953584,0.4051166570917386,0.18755972507895638
opennlp,LSZZ,13,0.95,0.25,0.04940200740452525,0.41334034675853987,0.18755972507895638
opennlp,LSZZ,13,0.99,0.0,0.05739303213975245,0.48751074512766646,0.034909765698633195
opennlp,LSZZ,13,0.99,0.05,0.06039615591450695,0.5130200283029513,0.034909765698633195
opennlp,LSZZ,13,0.99,0.1,0.058617627702571416,0.520444226055393,0.034909765698633195
opennlp,LSZZ,13,0.99,0.25,0.058718277155623465,0.5181400625097884,0.034909765698633195
opennlp,LSZZ,13,0.995,0.0,0.06554064510920034,0.5048192326648706,0.04482838461098068
opennlp,LSZZ,13,0.995,0.05,0.06897009746956548,0.5312341925136139,0.04482838461098068
opennlp,LSZZ,13,0.995,0.1,0.06816740999774072,0.5405113486562179,0.04482838461098068
opennlp,LSZZ,13,0.995,0.25,0.0669033560093562,0.5391277431634431,0.04482838461098068
opennlp,LSZZ,13,0.999,0.0,0.06720378899168551,0.5071462503445779,0.06811371086209532
opennlp,LSZZ,13,0.999,0.05,0.0707202663226458,0.533682972746329,0.06811371086209532
opennlp,LSZZ,13,0.999,0.1,0.07043352711930999,0.5439212431532161,0.06811371086209532
opennlp,LSZZ,13,0.999,0.25,0.06757425026197189,0.5422727933614518,0.06811371086209532
opennlp,LSZZ,21,0.9,0.0,0.06132334553286239,0.3868131075536265,0.15247595266068936
opennlp,LSZZ,21,0.9,0.05,0.06453212524097729,0.4070533282977116,0.15247595266068936
opennlp,LSZZ,21,0.9,0.1,0.06044951989140025,0.410725369885281,0.15247595266068936
opennlp,LSZZ,21,0.9,0.25,0.09065189002568382,0.4527840260047462,0.15247595266068936
opennlp,LSZZ,21,0.95,0.0,0.07048543910227906,0.4454694771700968,0.18972548101253064
opennlp,LSZZ,21,0.95,0.05,0.07417363068321225,0.4687789265569042,0.18972548101253064
opennlp,LSZZ,21,0.95,0.1,0.07082648275305833,0.47297638594896224,0.18972548101253064
opennlp,LSZZ,21,0.95,0.25,0.09846800049829006,0.5092190107623348,0.18972548101253064
opennlp,LSZZ,21,0.99,0.0,0.08106520159097329,0.5163892105717653,0.06213964362021831
opennlp,LSZZ,21,0.99,0.05,0.08530698539515214,0.5434095762412182,0.06213964362021831
opennlp,LSZZ,21,0.99,0.1,0.08490390175576756,0.5525117244933186,0.06213964362021831
opennlp,LSZZ,21,0.99,0.25,0.09718576864961508,0.5651232480406164,0.06213964362021831
opennlp,LSZZ,21,0.995,0.0,0.08412424886946597,0.5252291379652672,0.07266961302287323
opennlp,LSZZ,21,0.995,0.05,0.08852609910100781,0.5527120579750778,0.07266961302287323
opennlp,LSZZ,21,0.995,0.1,0.08880319086036698,0.5631751085296645,0.07266961302287323
opennlp,LSZZ,21,0.995,0.25,0.09799563416399482,0.573883719008508,0.07266961302287323
opennlp,LSZZ,21,0.999,0.0,0.07745370113750341,0.5186657583280824,0.0948695574053676
opennlp,LSZZ,21,0.999,0.05,0.08150651108074487,0.5458052456824588,0.0948695574053676
opennlp,LSZZ,21,0.999,0.1,0.08181533140392987,0.5567128440428745,0.0948695574053676
opennlp,LSZZ,21,0.999,0.25,0.08692575092274206,0.5643734527187214,0.0948695574053676
opennlp,LSZZ,42,0.9,0.0,0.050576726246845914,0.3715604087850466,0.11990351544996423
opennlp,LSZZ,42,0.9,0.05,0.053223182852785524,0.39100252319821766,0.11990351544996423
opennlp,LSZZ,42,0.9,0.1,0.04851615737134516,0.3937883240134223,0.11990351544996423
opennlp,LSZZ,42,0.9,0.25,0.07606139932114424,0.4320999593541984,0.11990351544996423
opennlp,LSZZ,42,0.95,0.0,0.054714632985850165,0.4277254824394274,0.19958960355611582
opennlp,LSZZ,42,0.95,0.05,0.05757760796766789,0.4501064669856766,0.19958960355611582
opennlp,LSZZ,42,0.95,0.1,0.05331411522499923,0.4532729316774827,0.19958960355611582
opennlp,LSZZ,42,0.95,0.25,0.07724142716810972,0.4852026864993907,0.19958960355611582
opennlp,LSZZ,42,0.99,0.0,0.04939476325367166,0.48966692664370803,0.10813660429389328
opennlp,LSZZ,42,0.99,0.05,0.05197937295880564,0.5152890332704136,0.10813660429389328
opennlp,LSZZ,42,0.99,0.1,0.0497361143996228,0.5228385135057213,0.10813660429389328
opennlp,LSZZ,42,0.99,0.25,0.05462064177493173,0.5292864440932575,0.10813660429389328
opennlp,LSZZ,42,0.995,0.0,0.0496039248866002,0.49557189917010347,0.08473086526540786
opennlp,LSZZ,42,0.995,0.05,0.05219947909578277,0.5215029869173763,0.08473086526540786
opennlp,LSZZ,42,0.995,0.1,0.05047080656037491,0.5302428372295134,0.08473086526540786
opennlp,LSZZ,42,0.995,0.25,0.05160049307454424,0.5341385357847324,0.08473086526540786
opennlp,LSZZ,42,0.999,0.0,0.045291263981149424,0.4908458265696827,0.06711746816228643
opennlp,LSZZ,42,0.999,0.05,0.047661155701093284,0.516529619820422,0.06711746816228643
opennlp,LSZZ,42,0.999,0.1,0.04610121407080059,0.525820772581093,0.06711746816228643
opennlp,LSZZ,42,0.999,0.25,0.04365538637726529,0.5270837501233099,0.06711746816228643
opennlp,LSZZ,77,0.9,0.0,0.03292599562720656,0.32520670955928915,0.15325672188727996
opennlp,LSZZ,77,0.9,0.05,0.034648867491420855,0.3422233397106472,0.15325672188727996
opennlp,LSZZ,77,0.9,0.1,0.02891626631518121,0.34231581137623146,0.15325672188727996
opennlp,LSZZ,77,0.9,0.25,0.05197702713405976,0.3702939642089649,0.15325672188727996
opennlp,LSZZ,77,0.95,0.0,0.03366058541443529,0.38410163196589386,0.18787519159513627
opennlp,LSZZ,77,0.95,0.05,0.03542189511635342,0.40419997317341155,0.18787519159513627
opennlp,LSZZ,77,0.95,0.1,0.029935080805207268,0.40483172348294544,0.18787519159513627
opennlp,LSZZ,77,0.95,0.25,0.0486510208808823,0.4268841426467354,0.18787519159513627
opennlp,LSZZ,77,0.99,0.0,0.04371119244091238,0.4754536148167068,0.034677314849210834
opennlp,LSZZ,77,0.99,0.05,0.04599840599886709,0.5003320016385111,0.034677314849210834
opennlp,LSZZ,77,0.99,0.1,0.043424910000178445,0.5070556335015052,0.034677314849210834
opennlp,LSZZ,77,0.99,0.25,0.04649052753980457,0.509995397313959,0.034677314849210834
opennlp,LSZZ,77,0.995,0.0,0.048964651753839995,0.48963570980115473,0.04236885581362771
opennlp,LSZZ,77,0.995,0.05,0.05152675562468046,0.5152561829884245,0.04236885581362771
opennlp,LSZZ,77,0.995,0.1,0.04976093884853689,0.523651117746202,0.04236885581362771
opennlp,LSZZ,77,0.995,0.25,0.05023862530904198,0.5259176810305197,0.04236885581362771
opennlp,LSZZ,77,0.999,0.0,0.04714954403426065,0.4881807318331869,0.05655567337038549
opennlp,LSZZ,77,0.999,0.05,0.049616671338378944,0.5137250724523652,0.05655567337038549
opennlp,LSZZ,77,0.999,0.1,0.0481647029641327,0.5228613729043707,0.05655567337038549
opennlp,LSZZ,77,0.999,0.25,0.045674699375753844,0.523272133160805,0.05655567337038549
opennlp,LSZZ,101,0.9,0.0,0.05863955528011945,0.3929533328918582,0.1198104566747526
opennlp,LSZZ,101,0.9,0.05,0.0617079041029164,0.4135148444966647,0.1198104566747526
opennlp,LSZZ,101,0.9,0.1,0.05760756283782876,0.4176768782877671,0.1198104566747526
opennlp,LSZZ,101,0.9,0.25,0.07208894567626363,0.4281757513689861,0.1198104566747526
opennlp,LSZZ,101,0.95,0.0,0.06118916795627542,0.4450393238220445,0.19705402033024821
opennlp,LSZZ,101,0.95,0.05,0.06439092674468518,0.4683262651848259,0.19705402033024821
opennlp,LSZZ,101,0.95,0.1,0.06057290704841462,0.47257271248398414,0.19705402033024821
opennlp,LSZZ,101,0.95,0.25,0.0714965629936903,0.480284490093193,0.19705402033024821
opennlp,LSZZ,101,0.99,0.0,0.05311720420916487,0.49703595293276265,0.10762490455309674
opennlp,LSZZ,101,0.99,0.05,0.05589659280150489,0.5230436481443607,0.10762490455309674
opennlp,LSZZ,101,0.99,0.1,0.05389619720567548,0.5310383165395551,0.10762490455309674
opennlp,LSZZ,101,0.99,0.25,0.05083495029946888,0.5265607496016573,0.10762490455309674
opennlp,LSZZ,101,0.995,0.0,0.053391104375896455,0.5032006272567101,0.0854128799496226
opennlp,LSZZ,101,0.995,0.05,0.05618482495370499,0.5295308926364216,0.0854128799496226
opennlp,LSZZ,101,0.995,0.1,0.05469848537823015,0.5387264353016613,0.0854128799496226
opennlp,LSZZ,101,0.995,0.25,0.049645664083081756,0.533949703533565,0.0854128799496226
opennlp,LSZZ,101,0.999,0.0,0.05058947214299046,0.5009271472880047,0.06837252723922958
opennlp,LSZZ,101,0.999,0.05,0.05323659568535624,0.5271384515065632,0.06837252723922958
opennlp,LSZZ,101,0.999,0.1,0.052003644870125175,0.5370248068368796,0.06837252723922958
opennlp,LSZZ,101,0.999,0.25,0.04524377154648118,0.5317870138551305,0.06837252723922958
opennlp,LSZZ,123,0.9,0.0,0.03265984175899253,0.30737608650439985,0.15325462711342602
opennlp,LSZZ,123,0.9,0.05,0.0343687869673119,0.3234597189377696,0.15325462711342602
opennlp,LSZZ,123,0.9,0.1,0.028620721222256427,0.32251616246252,0.15325462711342602
opennlp,LSZZ,123,0.9,0.25,0.0515343743170635,0.3467039778836338,0.15325462711342602
opennlp,LSZZ,123,0.95,0.0,0.034129151246027244,0.372427503474102,0.18756039329298574
opennlp,LSZZ,123,0.95,0.05,0.035914978927505406,0.3919149891210026,0.18756039329298574
opennlp,LSZZ,123,0.95,0.1,0.030455390102864587,0.39186842742764283,0.18756039329298574
opennlp,LSZZ,123,0.95,0.25,0.049324648883654267,0.4116065482596751,0.18756039329298574
opennlp,LSZZ,123,0.99,0.0,0.051739113851679404,0.480031578605744,0.0352614753839596
opennlp,LSZZ,123,0.99,0.05,0.05444639306484868,0.5051495100444167,0.0352614753839596
opennlp,LSZZ,123,0.99,0.1,0.05233935033974184,0.5121391393040557,0.0352614753839596
opennlp,LSZZ,123,0.99,0.25,0.057530862014852586,0.516307781130278,0.0352614753839596
opennlp,LSZZ,123,0.995,0.0,0.05891044861133112,0.49635942738788796,0.04525892040022258
opennlp,LSZZ,123,0.995,0.05,0.06199297208517985,0.5223317230070215,0.04525892040022258
opennlp,LSZZ,123,0.995,0.1,0.06080504456145648,0.5311173317535561,0.04525892040022258
opennlp,LSZZ,123,0.995,0.25,0.06387540590869728,0.5350930706882129,0.04525892040022258
opennlp,LSZZ,123,0.999,0.0,0.058189001352901684,0.49592400335674214,0.0654121454666637
opennlp,LSZZ,123,0.999,0.05,0.06123377467950699,0.5218735151602926,0.0654121454666637
opennlp,LSZZ,123,0.999,0.1,0.06042324145906537,0.5314597296268464,0.0654121454666637
opennlp,LSZZ,123,0.999,0.25,0.06079108899208015,0.5338027450813106,0.0654121454666637
opennlp,LSZZ,202,0.9,0.0,0.045716952750987375,0.3732999720434556,0.1196999133970274
opennlp,LSZZ,202,0.9,0.05,0.04810911888330648,0.3928331101154969,0.1196999133970274
opennlp,LSZZ,202,0.9,0.1,0.04311972177164947,0.3957199862819623,0.1196999133970274
opennlp,LSZZ,202,0.9,0.25,0.07027311993326796,0.43486327002462905,0.1196999133970274
opennlp,LSZZ,202,0.95,0.0,0.05074218698371686,0.4288380704809229,0.19396894718325494
opennlp,LSZZ,202,0.95,0.05,0.05339730141891135,0.45127727184329675,0.19396894718325494
opennlp,LSZZ,202,0.95,0.1,0.048902994204225454,0.45450838220208817,0.19396894718325494
opennlp,LSZZ,202,0.95,0.25,0.07269619640574003,0.48730239796966907,0.19396894718325494
opennlp,LSZZ,202,0.99,0.0,0.04905679246546364,0.49019792804695694,0.1009126197358201
opennlp,LSZZ,202,0.99,0.05,0.05162371765261,0.5158478196308094,0.1009126197358201
opennlp,LSZZ,202,0.99,0.1,0.049360821683882616,0.5234281531007401,0.1009126197358201
opennlp,LSZZ,202,0.99,0.25,0.05512484718810866,0.5306030999895286,0.1009126197358201
opennlp,LSZZ,202,0.995,0.0,0.04907594982854402,0.49565166875594274,0.08354363678717305
opennlp,LSZZ,202,0.995,0.05,0.051643877435851554,0.5215869304931723,0.08354363678717305
opennlp,LSZZ,202,0.995,0.1,0.049884527508177554,0.5303314157266722,0.08354363678717305
opennlp,LSZZ,202,0.995,0.25,0.05184278125178186,0.5348104114061571,0.08354363678717305
opennlp,LSZZ,202,0.999,0.0,0.04348951735214347,0.48982847546218866,0.06770957256398344
opennlp,LSZZ,202,0.999,0.05,0.04576513163219749,0.515459035224745,0.06770957256398344
opennlp,LSZZ,202,0.999,0.1,0.044100501556382954,0.5246910759525262,0.06770957256398344
opennlp,LSZZ,202,0.999,0.25,0.04216801315809704,0.5262353635021191,0.06770957256398344
opennlp,LSZZ,314,0.9,0.0,0.02281990475395731,0.30454592699636845,0.15418070104166923
opennlp,LSZZ,314,0.9,0.05,0.024013969537594604,0.32048146968803887,0.15418070104166923
opennlp,LSZZ,314,0.9,0.1,0.017694165406849215,0.31937347000268157,0.15418070104166923
opennlp,LSZZ,314,0.9,0.25,0.037258538428076395,0.3438937650488795,0.15418070104166923
opennlp,LSZZ,314,0.95,0.0,0.0247152893175674,0.3677677054264212,0.1894553598476698
opennlp,LSZZ,314,0.95,0.05,0.026008531200463366,0.3870113644312921,0.1894553598476698
opennlp,LSZZ,314,0.95,0.1,0.020001960599482792,0.3866940504544513,0.1894553598476698
opennlp,LSZZ,314,0.95,0.25,0.035805785898955965,0.4059167602335046,0.1894553598476698
opennlp,LSZZ,314,0.99,0.0,0.02732307460083541,0.4615450509625618,0.028056458314285698
opennlp,LSZZ,314,0.99,0.05,0.02875277036483261,0.48569566409432374,0.028056458314285698
opennlp,LSZZ,314,0.99,0.1,0.0252270613556758,0.4916111546205221,0.028056458314285698
opennlp,LSZZ,314,0.99,0.25,0.025116242475343335,0.4917982348803771,0.028056458314285698
opennlp,LSZZ,314,0.995,0.0,0.03223330984067519,0.47621857273015455,0.025792196975762717
opennlp,LSZZ,314,0.995,0.05,0.03391993651838495,0.5011369864195231,0.025792196975762717
opennlp,LSZZ,314,0.995,0.1,0.031181964086065543,0.5087523336366865,0.025792196975762717
opennlp,LSZZ,314,0.995,0.25,0.028609388591456668,0.5084240116283695,0.025792196975762717
opennlp,LSZZ,314,0.999,0.0,0.03382001174963228,0.4784195367250347,0.0355441670122255
opennlp,LSZZ,314,0.999,0.05,0.03558966352722932,0.5034531171350656,0.0355441670122255
opennlp,LSZZ,314,0.999,0.1,0.03336319778917727,0.5120222544100423,0.0355441670122255
opennlp,LSZZ,314,0.999,0.25,0.028698209279286787,0.5106793696043994,0.0355441670122255
opennlp,LSZZ,999,0.9,0.0,0.04959654283422429,0.3753325407784666,0.11971550846240823
opennlp,LSZZ,999,0.9,0.05,0.05219171077322438,0.3949720341912934,0.11971550846240823
opennlp,LSZZ,999,0.9,0.1,0.047427732845673275,0.3979770104601034,0.11971550846240823
opennlp,LSZZ,999,0.9,0.25,0.07502574557081144,0.43748599469453314,0.11971550846240823
opennlp,LSZZ,999,0.95,0.0,0.0556827248784119,0.43193112469289957,0.19503296340612164
opennlp,LSZZ,999,0.95,0.05,0.05859635583135205,0.45453217191520245,0.19503296340612164
opennlp,LSZZ,999,0.95,0.1,0.05438911297072731,0.45794300068287214,0.19503296340612164
opennlp,LSZZ,999,0.95,0.25,0.07874315675949285,0.49117894844302656,0.19503296340612164
opennlp,LSZZ,999,0.99,0.0,0.05553931931973334,0.49584911687784694,0.10661209180410167
opennlp,LSZZ,999,0.99,0.05,0.05844544649344033,0.5217947102028505,0.10661209180410167
opennlp,LSZZ,999,0.99,0.1,0.056559210399360016,0.5297033995939369,0.10661209180410167
opennlp,LSZZ,999,0.99,0.25,0.063172139021926,0.5377532581613582,0.10661209180410167
opennlp,LSZZ,999,0.995,0.0,0.055838558687084906,0.5019667786438727,0.08896679907672042
opennlp,LSZZ,999,0.995,0.05,0.05876034373466493,0.5282324821775639,0.08896679907672042
opennlp,LSZZ,999,0.995,0.1,0.057393927529011304,0.5373438997126558,0.08896679907672042
opennlp,LSZZ,999,0.995,0.25,0.06030451816636802,0.5428862684280976,0.08896679907672042
opennlp,LSZZ,999,0.999,0.0,0.050598447752713084,0.4967689716093548,0.07464284450351524
opennlp,LSZZ,999,0.999,0.05,0.05324604094907598,0.5227626968679838,0.07464284450351524
opennlp,LSZZ,999,0.999,0.1,0.051994467215911166,0.5323980072570481,0.07464284450351524
opennlp,LSZZ,999,0.999,0.25,0.05114071389711962,0.5351956485757298,0.07464284450351524
opennlp,RSZZ,7,0.9,0.0,0.045950956279731885,0.3593784016707347,-0.013745287499397083
opennlp,RSZZ,7,0.9,0.05,0.04835536678274111,0.378183085479087,-0.013745287499397083
opennlp,RSZZ,7,0.9,0.1,0.04337956618086884,0.3802610645797386,-0.013745287499397083
opennlp,RSZZ,7,0.9,0.25,0.07064914042055674,0.4169829329395634,-0.013745287499397083
opennlp,RSZZ,7,0.95,0.0,0.053426865545717704,0.42060496794583424,-0.029815412133225548
opennlp,RSZZ,7,0.95,0.05,0.056222457347528516,0.4426133674313721,-0.029815412133225548
opennlp,RSZZ,7,0.95,0.1,0.05188414033749019,0.44536610269993454,-0.029815412133225548
opennlp,RSZZ,7,0.95,0.25,0.07657247805780477,0.4767859509222166,-0.029815412133225548
opennlp,RSZZ,7,0.99,0.0,0.05784094334309134,0.4979064050246913,0.10329087968449102
opennlp,RSZZ,7,0.99,0.05,0.060867504331974014,0.5239596471480763,0.10329087968449102
opennlp,RSZZ,7,0.99,0.1,0.05911500149278207,0.5319878729349112,0.10329087968449102
opennlp,RSZZ,7,0.99,0.25,0.06723457156266989,0.5411510407125475,0.10329087968449102
opennlp,RSZZ,7,0.995,0.0,0.04935542287068104,0.49409453481505816,0.12530448111332232
opennlp,RSZZ,7,0.995,0.05,0.05193797406740271,0.5199483186135205,0.12530448111332232
opennlp,RSZZ,7,0.995,0.1,0.05019486260404747,0.5286023283444631,0.12530448111332232
opennlp,RSZZ,7,0.995,0.25,0.05259712621050034,0.5329763359807089,0.12530448111332232
opennlp,RSZZ,7,0.999,0.0,0.03206769398633643,0.477449526311488,0.08561265103938996
opennlp,RSZZ,7,0.999,0.05,0.03374565471817962,0.5024323503626706,0.08561265103938996
opennlp,RSZZ,7,0.999,0.1,0.03141737254281808,0.5109451262821163,0.08561265103938996
opennlp,RSZZ,7,0.999,0.25,0.027298022961195087,0.5099437873242798,0.08561265103938996
opennlp,RSZZ,13,0.9,0.0,0.03004189307129745,0.3339484596880399,-0.0057524167323863154
opennlp,RSZZ,13,0.9,0.05,0.031613852592469995,0.3514225069972978,-0.0057524167323863154
opennlp,RSZZ,13,0.9,0.1,0.02571367390647232,0.3520229081449671,-0.0057524167323863154
opennlp,RSZZ,13,0.9,0.25,0.040116376422119585,0.3645137872200694,-0.0057524167323863154
opennlp,RSZZ,13,0.95,0.0,0.037295245096285484,0.3948809262776114,-0.014467076277936839
opennlp,RSZZ,13,0.95,0.05,0.03924674047923066,0.4155433003270213,-0.014467076277936839
opennlp,RSZZ,13,0.95,0.1,0.033971113948856865,0.41680136931374845,-0.014467076277936839
opennlp,RSZZ,13,0.95,0.25,0.04585079251053311,0.42765017293880286,-0.014467076277936839
opennlp,RSZZ,13,0.99,0.0,0.049655749856084855,0.49032805353558645,0.0672555436587352
opennlp,RSZZ,13,0.99,0.05,0.05225401583692651,0.5159847540112857,0.0672555436587352
opennlp,RSZZ,13,0.99,0.1,0.050025921608437454,0.5235726482752304,0.0672555436587352
opennlp,RSZZ,13,0.99,0.25,0.04872987947674792,0.5221338947575533,0.0672555436587352
opennlp,RSZZ,13,0.995,0.0,0.04844535251071655,0.4946834292575183,0.08777366535467811
opennlp,RSZZ,13,0.995,0.05,0.05098028374674241,0.5205680273000628,0.08777366535467811
opennlp,RSZZ,13,0.995,0.1,0.049184293676724965,0.5292562540750475,0.08777366535467811
opennlp,RSZZ,13,0.995,0.25,0.04443116374265002,0.5258312201250996,0.08777366535467811
opennlp,RSZZ,13,0.999,0.0,0.03959892171229315,0.4861211276912204,0.07133131397883075
opennlp,RSZZ,13,0.999,0.05,0.04167095831351779,0.5115576983262261,0.07133131397883075
opennlp,RSZZ,13,0.999,0.1,0.039780269588205595,0.5205743278142118,0.07133131397883075
opennlp,RSZZ,13,0.999,0.25,0.03107079345626375,0.5144314761201052,0.07133131397883075
opennlp,RSZZ,21,0.9,0.0,0.027921184046769937,0.3398857611405815,-0.005760969954600193
opennlp,RSZZ,21,0.9,0.05,0.02938217623526372,0.35767048120026307,-0.005760969954600193
opennlp,RSZZ,21,0.9,0.1,0.023358776155309877,0.35861586251864813,-0.005760969954600193
opennlp,RSZZ,21,0.9,0.25,0.04536189501735584,0.39034751204293383,-0.005760969954600193
opennlp,RSZZ,21,0.95,0.0,0.03373284861581714,0.4013593962628144,-0.016535140236180426
opennlp,RSZZ,21,0.95,0.05,0.035497939531761065,0.4223607600207524,-0.016535140236180426
opennlp,RSZZ,21,0.95,0.1,0.03001532399201779,0.4239952531623481,-0.016535140236180426
opennlp,RSZZ,21,0.95,0.25,0.04930647985043205,0.45055503938216523,-0.016535140236180426
opennlp,RSZZ,21,0.99,0.0,0.04360996405989578,0.48257699718111496,0.04594971885665221
opennlp,RSZZ,21,0.99,0.05,0.04589188078396009,0.5078281191266384,0.04594971885665221
opennlp,RSZZ,21,0.99,0.1,0.04331250302493915,0.514965647047259,0.04594971885665221
opennlp,RSZZ,21,0.99,0.25,0.047557460670575376,0.5202594046628171,0.04594971885665221
opennlp,RSZZ,21,0.995,0.0,0.04183845484328631,0.48621487053415813,0.07562665600336206
opennlp,RSZZ,21,0.995,0.05,0.044027676317644315,0.5116563463179223,0.07562665600336206
opennlp,RSZZ,21,0.995,0.1,0.04184779994786072,0.5198525170877581,0.07562665600336206
opennlp,RSZZ,21,0.995,0.25,0.041930027778400915,0.5220729779941703,0.07562665600336206
opennlp,RSZZ,21,0.999,0.0,0.03086378648545959,0.47527850746133354,0.06527436931389563
opennlp,RSZZ,21,0.999,0.05,0.03247875205737318,0.5001477316889614,0.06527436931389563
opennlp,RSZZ,21,0.999,0.1,0.03008051820135361,0.5085343630190612,0.06527436931389563
opennlp,RSZZ,21,0.999,0.25,0.02510599896640268,0.5067115491135703,0.06527436931389563
opennlp,RSZZ,42,0.9,0.0,0.05529198289414699,0.3716084684166885,-0.005752417998150703
opennlp,RSZZ,42,0.9,0.05,0.058185168045584906,0.39105309757802686,-0.005752417998150703
opennlp,RSZZ,42,0.9,0.1,0.05375211720669174,0.3938416908436504,-0.005752417998150703
opennlp,RSZZ,42,0.9,0.25,0.08080215771461124,0.4321808429873502,-0.005752417998150703
opennlp,RSZZ,42,0.95,0.0,0.06309024247805141,0.43146493484535114,-0.014462252004013043
opennlp,RSZZ,42,0.95,0.05,0.06639147609608897,0.45404158841284037,-0.014462252004013043
opennlp,RSZZ,42,0.95,0.1,0.06261463864885461,0.45742532974786426,-0.014462252004013043
opennlp,RSZZ,42,0.95,0.25,0.08752648923237019,0.4901501950234031,-0.014462252004013043
opennlp,RSZZ,42,0.99,0.0,0.07163855527950086,0.5113073408319567,0.07547723201750044
opennlp,RSZZ,42,0.99,0.05,0.07538708433482359,0.5380617947126987,0.07547723201750044
opennlp,RSZZ,42,0.99,0.1,0.07443627609701599,0.5468686666840835,0.07547723201750044
opennlp,RSZZ,42,0.99,0.25,0.08414343113293637,0.5580585538567364,0.07547723201750044
opennlp,RSZZ,42,0.995,0.0,0.06905259497397398,0.513819239844977,0.10183494068921187
opennlp,RSZZ,42,0.995,0.05,0.0726658121528447,0.5407051303019816,0.10183494068921187
opennlp,RSZZ,42,0.995,0.1,0.07206718254696788,0.5505052216598945,0.10183494068921187
opennlp,RSZZ,42,0.995,0.25,0.07746822410977595,0.5584201993994603,0.10183494068921187
opennlp,RSZZ,42,0.999,0.0,0.05789017412246844,0.502887043797994,0.09338931259984916
opennlp,RSZZ,42,0.999,0.05,0.060919311140504584,0.5292009007409123,0.09338931259984916
opennlp,RSZZ,42,0.999,0.1,0.06009141490257204,0.539191694779402,0.09338931259984916
opennlp,RSZZ,42,0.999,0.25,0.06043797933142901,0.5431198332150388,0.09338931259984916
opennlp,RSZZ,77,0.9,0.0,0.027247393427675466,0.337975033404537,-0.005760931048961125
opennlp,RSZZ,77,0.9,0.05,0.02867312913028639,0.3556597735245418,-0.005760931048961125
opennlp,RSZZ,77,0.9,0.1,0.022610579210180424,0.35649413417371534,-0.005760931048961125
opennlp,RSZZ,77,0.9,0.25,0.04460507347591657,0.3883847307314634,-0.005760931048961125
opennlp,RSZZ,77,0.95,0.0,0.03367700135653844,0.3991752810917207,-0.0165316852110081
opennlp,RSZZ,77,0.95,0.05,0.03543917003217127,0.42006235975349676,-0.0165316852110081
opennlp,RSZZ,77,0.95,0.1,0.02995330955073285,0.4215699473588636,-0.0165316852110081
opennlp,RSZZ,77,0.95,0.25,0.04872448410920608,0.4475067499856299,-0.0165316852110081
opennlp,RSZZ,77,0.99,0.0,0.042375005065466584,0.48065426482301116,0.043944190155241085
opennlp,RSZZ,77,0.99,0.05,0.04459230184214796,0.505804778680029,0.043944190155241085
opennlp,RSZZ,77,0.99,0.1,0.041941168190634336,0.5128305884164811,0.043944190155241085
opennlp,RSZZ,77,0.99,0.25,0.044757668954675055,0.5169705374988909,0.043944190155241085
opennlp,RSZZ,77,0.995,0.0,0.040686750483064395,0.4845239538195603,0.07319899080004455
opennlp,RSZZ,77,0.995,0.05,0.04281570835717822,0.5098769514031419,0.07319899080004455
opennlp,RSZZ,77,0.995,0.1,0.04056891351104987,0.5179748733740022,0.07319899080004455
opennlp,RSZZ,77,0.995,0.25,0.03926877673637768,0.5191418890522073,0.07319899080004455
opennlp,RSZZ,77,0.999,0.0,0.030178227327745503,0.4740136045017328,0.06319373332367373
opennlp,RSZZ,77,0.999,0.05,0.03175732061815079,0.4988166419465909,0.06319373332367373
opennlp,RSZZ,77,0.999,0.1,0.029319253124382744,0.5071297775240445,0.06319373332367373
opennlp,RSZZ,77,0.999,0.25,0.023127487617454978,0.504428550526693,0.06319373332367373
opennlp,RSZZ,101,0.9,0.0,0.050078350524819376,0.37307042960218034,-0.0059430124906427765
opennlp,RSZZ,101,0.9,0.05,0.05269872933135063,0.392591556732527,-0.0059430124906427765
opennlp,RSZZ,101,0.9,0.1,0.048100948968446466,0.39559831696610026,-0.0059430124906427765
opennlp,RSZZ,101,0.9,0.25,0.061935949094982026,0.4020775111793284,-0.0059430124906427765
opennlp,RSZZ,101,0.95,0.0,0.05720083540033182,0.43315863089526074,-0.019161059880091043
opennlp,RSZZ,101,0.95,0.05,0.06019390236895383,0.45582390809326867,-0.019161059880091043
opennlp,RSZZ,101,0.95,0.1,0.05614414513046499,0.4593800411971875,-0.019161059880091043
opennlp,RSZZ,101,0.95,0.25,0.06763659926342451,0.46525333080458753,-0.019161059880091043
opennlp,RSZZ,101,0.99,0.0,0.06064050937389731,0.5048486005115576,0.06913261866843633
opennlp,RSZZ,101,0.99,0.05,0.06381355928299659,0.531265097049953,0.06913261866843633
opennlp,RSZZ,101,0.99,0.1,0.06225029680577713,0.5397137104767444,0.06913261866843633
opennlp,RSZZ,101,0.99,0.25,0.061970289737137745,0.5378728377778962,0.06913261866843633
opennlp,RSZZ,101,0.995,0.0,0.05679825732308699,0.5063965576762943,0.09421826160401808
opennlp,RSZZ,101,0.995,0.05,0.05977025915976015,0.5328940519733095,0.09421826160401808
opennlp,RSZZ,101,0.995,0.1,0.05848188834412884,0.5422752905528561,0.09421826160401808
opennlp,RSZZ,101,0.995,0.25,0.05511592949051682,0.5389319153057417,0.09421826160401808
opennlp,RSZZ,101,0.999,0.0,0.04654232299909032,0.49744611232862707,0.07855123558371789
opennlp,RSZZ,101,0.999,0.05,0.04897767710950784,0.5234752693690785,0.07855123558371789
opennlp,RSZZ,101,0.999,0.1,0.04750957128088636,0.5331593631089817,0.07855123558371789
opennlp,RSZZ,101,0.999,0.25,0.04061681511778217,0.5276993232427214,0.07855123558371789
opennlp,RSZZ,123,0.9,0.0,0.05536346379557615,0.3877904421395999,-0.01369949104449824
opennlp,RSZZ,123,0.9,0.05,0.058260389226740004,0.40808180248411385,-0.01369949104449824
opennlp,RSZZ,123,0.9,0.1,0.05383149170459774,0.41181063098995085,-0.01369949104449824
opennlp,RSZZ,123,0.9,0.25,0.08223862962542139,0.4546912859581448,-0.01369949104449824
opennlp,RSZZ,123,0.95,0.0,0.06410253506857204,0.43910444858709224,-0.0288370785778624
opennlp,RSZZ,123,0.95,0.05,0.0674567374849508,0.46208084415269596,-0.0288370785778624
opennlp,RSZZ,123,0.95,0.1,0.06373871815121186,0.4659084707739695,-0.0288370785778624
opennlp,RSZZ,123,0.95,0.25,0.08971195746997282,0.500956505077838,-0.0288370785778624
opennlp,RSZZ,123,0.99,0.0,0.0688467127447972,0.5090292487766171,0.11250795569678185
opennlp,RSZZ,123,0.99,0.05,0.07244915701632729,0.5356645001660914,0.11250795569678185
opennlp,RSZZ,123,0.99,0.1,0.07133613193271313,0.5443390061809149,0.11250795569678185
opennlp,RSZZ,123,0.99,0.25,0.08072074067511502,0.5552109743021425,0.11250795569678185
opennlp,RSZZ,123,0.995,0.0,0.0598418916464019,0.5045056376812551,0.13746770950849696
opennlp,RSZZ,123,0.995,0.05,0.06297315341859736,0.530904188490158,0.13746770950849696
opennlp,RSZZ,123,0.995,0.1,0.061839346336596435,0.5401631235517124,0.13746770950849696
opennlp,RSZZ,123,0.995,0.25,0.06547188902089168,0.5461695275689874,0.13746770950849696
opennlp,RSZZ,123,0.999,0.0,0.04129744739545348,0.4868583085762503,0.0980209257318854
opennlp,RSZZ,123,0.999,0.05,0.043458360340564405,0.5123334526296588,0.0980209257318854
opennlp,RSZZ,123,0.999,0.1,0.04166636252472105,0.5213929151773431,0.0980209257318854
opennlp,RSZZ,123,0.999,0.25,0.03859533920801397,0.5219031521790164,0.0980209257318854
opennlp,RSZZ,202,0.9,0.0,0.04892194135899299,0.3604073468293504,-0.013699065777226271
opennlp,RSZZ,202,0.9,0.05,0.051481810383591474,0.37926587079135127,-0.013699065777226271
opennlp,RSZZ,202,0.9,0.1,0.04667863550201155,0.3814036355840909,-0.013699065777226271
opennlp,RSZZ,202,0.9,0.25,0.07439470712542999,0.41856949953329814,-0.013699065777226271
opennlp,RSZZ,202,0.95,0.0,0.057952168332988274,0.4224299613331128,-0.028721649391102604
opennlp,RSZZ,202,0.95,0.05,0.06098454923413302,0.4445338546586826,-0.028721649391102604
opennlp,RSZZ,202,0.95,0.1,0.056909169812925625,0.4473926290993051,-0.028721649391102604
opennlp,RSZZ,202,0.95,0.25,0.0821967940570158,0.47920892275998334,-0.028721649391102604
opennlp,RSZZ,202,0.99,0.0,0.061581180590734495,0.5010257622110832,0.12367871685682733
opennlp,RSZZ,202,0.99,0.05,0.06480345166815664,0.5272422265128259,0.12367871685682733
opennlp,RSZZ,202,0.99,0.1,0.0632682710745208,0.535451699013052,0.12367871685682733
opennlp,RSZZ,202,0.99,0.25,0.07186119744667806,0.5450814555220168,0.12367871685682733
opennlp,RSZZ,202,0.995,0.0,0.05067497519423781,0.49509823906879513,0.1448335821611109
opennlp,RSZZ,202,0.995,0.05,0.053326572733471175,0.5210045422758832,0.1448335821611109
opennlp,RSZZ,202,0.995,0.1,0.051660132362107467,0.5297168711047476,0.1448335821611109
opennlp,RSZZ,202,0.995,0.25,0.05404491282021019,0.5341186707629494,0.1448335821611109
opennlp,RSZZ,202,0.999,0.0,0.03028091962072287,0.4759507386735611,0.09377790891489332
opennlp,RSZZ,202,0.999,0.05,0.031865386345063015,0.500855137790201,0.09377790891489332
opennlp,RSZZ,202,0.999,0.1,0.029433285670572337,0.5092808283528846,0.09377790891489332
opennlp,RSZZ,202,0.999,0.25,0.024650566465848456,0.5077888516660488,0.09377790891489332
opennlp,RSZZ,314,0.9,0.0,0.042129572809077455,0.34718600835774377,-0.00575622135318459
opennlp,RSZZ,314,0.9,0.05,0.044334027200250106,0.36535271809739317,-0.00575622135318459
opennlp,RSZZ,314,0.9,0.1,0.03913618944351637,0.3667222720051903,-0.00575622135318459
opennlp,RSZZ,314,0.9,0.25,0.06426986388588506,0.3999261270800552,-0.00575622135318459
opennlp,RSZZ,314,0.95,0.0,0.050218032443081345,0.4075436680327341,-0.01474237084078783
opennlp,RSZZ,314,0.95,0.05,0.05284572018719606,0.42886862740654,-0.01474237084078783
opennlp,RSZZ,314,0.95,0.1,0.04832095756707803,0.4308624506491915,-0.01474237084078783
opennlp,RSZZ,314,0.95,0.25,0.07157695212927491,0.4589338630703075,-0.01474237084078783
opennlp,RSZZ,314,0.99,0.0,0.0640079982287845,0.505240019657858,0.07439546240617503
opennlp,RSZZ,314,0.99,0.05,0.06735725395005811,0.531676997430653,0.07439546240617503
opennlp,RSZZ,314,0.99,0.1,0.06596308084437999,0.5401313345827835,0.07439546240617503
opennlp,RSZZ,314,0.99,0.25,0.075323649218067,0.5508348034064612,0.07439546240617503
opennlp,RSZZ,314,0.995,0.0,0.06191714230275002,0.5083086055272868,0.09739807442817945
opennlp,RSZZ,314,0.995,0.05,0.06515699277207997,0.5349061488397612,0.09739807442817945
opennlp,RSZZ,314,0.995,0.1,0.06414376577708114,0.5443860510371833,0.09739807442817945
opennlp,RSZZ,314,0.995,0.25,0.06925090291269165,0.5518607182614002,0.09739807442817945
opennlp,RSZZ,314,0.999,0.0,0.051543016949448656,0.49830409984865914,0.08613224314268948
opennlp,RSZZ,314,0.999,0.05,0.05424003527819888,0.5243781515849262,0.08613224314268948
opennlp,RSZZ,314,0.999,0.1,0.05304334466750097,0.534102658860202,0.08613224314268948
opennlp,RSZZ,314,0.999,0.25,0.05319194561832228,0.5376973535794468,0.08613224314268948
opennlp,RSZZ,999,0.9,0.0,0.057747509452550055,0.40358362094312294,0.1523278142333364
opennlp,RSZZ,999,0.9,0.05,0.06076918145878815,0.42470136855061186,0.1523278142333364
opennlp,RSZZ,999,0.9,0.1,0.056478806207127065,0.4293478418085868,0.1523278142333364
opennlp,RSZZ,999,0.9,0.25,0.08534477494874282,0.4755572197954963,0.1523278142333364
opennlp,RSZZ,999,0.95,0.0,0.06596088094360908,0.4471522333293637,0.1874097592787886
opennlp,RSZZ,999,0.95,0.05,0.06941232238833281,0.47054973391055127,0.1874097592787886
opennlp,RSZZ,999,0.95,0.1,0.06580228013514872,0.4748449679417678,0.1874097592787886
opennlp,RSZZ,999,0.95,0.25,0.09221209949889735,0.5116660526347098,0.1874097592787886
opennlp,RSZZ,999,0.99,0.0,0.07318524715075099,0.5046815574923625,0.07029439236035617
opennlp,RSZZ,999,0.99,0.05,0.07701470775747633,0.5310893134076605,0.07029439236035617
opennlp,RSZZ,999,0.99,0.1,0.0761537682976066,0.5395112017487057,0.07029439236035617
opennlp,RSZZ,999,0.99,0.25,0.08690650419760043,0.5496817816678475,0.07029439236035617
opennlp,RSZZ,999,0.995,0.0,0.07351381759128668,0.5104537270290818,0.0823663179243943
opennlp,RSZZ,999,0.995,0.05,0.07736047083734236,0.5371635150713012,0.0823663179243943
opennlp,RSZZ,999,0.995,0.1,0.07702105551465865,0.5467680571219984,0.0823663179243943
opennlp,RSZZ,999,0.995,0.25,0.08409397528039816,0.554345779191722,0.0823663179243943
opennlp,RSZZ,999,0.999,0.0,0.0618789104381554,0.4996004799425411,0.09061087187242488
opennlp,RSZZ,999,0.999,0.05,0.06511676040294262,0.5257423655209299,0.09061087187242488
opennlp,RSZZ,999,0.999,0.1,0.06452062516723056,0.5355421974920586,0.09061087187242488
opennlp,RSZZ,999,0.999,0.25,0.06640318722641952,0.5391028641035499,0.09061087187242488
opennlp,RASZZ,7,0.9,0.0,0.020518055005517843,0.32313776546323225,0.15015809785311313
opennlp,RASZZ,7,0.9,0.05,0.02159167416278332,0.34004613691188984,0.15015809785311313
opennlp,RASZZ,7,0.9,0.1,0.01513812366164958,0.3400183949260089,0.15015809785311313
opennlp,RASZZ,7,0.9,0.25,0.03545784388122413,0.36883625875955456,0.15015809785311313
opennlp,RASZZ,7,0.95,0.0,0.022768965586490574,0.38312905185994467,0.17038804703186766
opennlp,RASZZ,7,0.95,0.05,0.02396036494857438,0.40317650224796503,0.17038804703186766
opennlp,RASZZ,7,0.95,0.1,0.01784070541344042,0.40375174189290375,0.17038804703186766
opennlp,RASZZ,7,0.95,0.25,0.03433466538373296,0.4266679071666472,0.17038804703186766
opennlp,RASZZ,7,0.99,0.0,0.025672723104978954,0.46349762706175934,0.007822829843802767
opennlp,RASZZ,7,0.99,0.05,0.027016063267448775,0.48775040987313045,0.007822829843802767
opennlp,RASZZ,7,0.99,0.1,0.02339446245536893,0.4937793526202444,0.007822829843802767
opennlp,RASZZ,7,0.99,0.25,0.023644366291804546,0.4948530000979499,0.007822829843802767
opennlp,RASZZ,7,0.995,0.0,0.029609974123458976,0.4753733835106431,0.013402687780323365
opennlp,RASZZ,7,0.995,0.05,0.0311593332345702,0.5002475721827117,0.013402687780323365
opennlp,RASZZ,7,0.995,0.1,0.028268934854064717,0.5078138106383334,0.013402687780323365
opennlp,RASZZ,7,0.995,0.25,0.025717715059335705,0.5076723417291952,0.013402687780323365
opennlp,RASZZ,7,0.999,0.0,0.030071560750533206,0.4755742532677571,0.028788874594048604
opennlp,RASZZ,7,0.999,0.05,0.03164507265027041,0.5004589525666514,0.028788874594048604
opennlp,RASZZ,7,0.999,0.1,0.029200807415944552,0.5088627678715929,0.028788874594048604
opennlp,RASZZ,7,0.999,0.25,0.024197534129983368,0.5071790405659957,0.028788874594048604
opennlp,RASZZ,13,0.9,0.0,0.003774409409785415,0.2919142780627943,0.1501222566315478
opennlp,RASZZ,13,0.9,0.05,0.003971907576576519,0.30718886238003357,0.1501222566315478
opennlp,RASZZ,13,0.9,0.1,-0.0034545134722618917,0.3053469150519029,0.1501222566315478
opennlp,RASZZ,13,0.9,0.25,0.0035969309943985265,0.3089417638995452,0.1501222566315478
opennlp,RASZZ,13,0.95,0.0,0.0042024318656238594,0.34789078486829933,0.17020656234608608
opennlp,RASZZ,13,0.95,0.05,0.004422326556266973,0.3660943724486173,0.17020656234608608
opennlp,RASZZ,13,0.95,0.1,-0.0027761203747612585,0.36462213253408293,0.17020656234608608
opennlp,RASZZ,13,0.95,0.25,5.8099160038937866e-05,0.3648570073354802,0.17020656234608608
opennlp,RASZZ,13,0.99,0.0,0.013178858843546028,0.4488026899486129,0.0021671941648639106
opennlp,RASZZ,13,0.99,0.05,0.013868450294661805,0.47228655163197053,0.0021671941648639106
opennlp,RASZZ,13,0.99,0.1,0.009520907661998635,0.4774616617154623,0.0021671941648639106
opennlp,RASZZ,13,0.99,0.25,-0.0010260808656722032,0.4660216011394084,0.0021671941648639106
opennlp,RASZZ,13,0.995,0.0,0.02230309033769052,0.4681304022372172,-0.003567440293168758
opennlp,RASZZ,13,0.995,0.05,0.023470112506523165,0.49262559770311803,-0.003567440293168758
opennlp,RASZZ,13,0.995,0.1,0.020155155926309568,0.49977099094207506,-0.003567440293168758
opennlp,RASZZ,13,0.995,0.25,0.008657832831374505,0.4898161551604408,-0.003567440293168758
opennlp,RASZZ,13,0.999,0.0,0.032605406743115684,0.47932219761853073,0.01321145017979231
opennlp,RASZZ,13,0.999,0.05,0.03431150360758104,0.5044030102846166,0.01321145017979231
opennlp,RASZZ,13,0.999,0.1,0.03201446462243185,0.5130245956476054,0.01321145017979231
opennlp,RASZZ,13,0.999,0.25,0.020999847986776867,0.5048936863705008,0.01321145017979231
opennlp,RASZZ,21,0.9,0.0,0.03501986877793789,0.335247530904492,0.15009466550326914
opennlp,RASZZ,21,0.9,0.05,0.03685230377213231,0.35278955287042474,0.15009466550326914
opennlp,RASZZ,21,0.9,0.1,0.031241364721821527,0.35346543507857336,0.15009466550326914
opennlp,RASZZ,21,0.9,0.25,0.05483321424742161,0.38476120373646105,0.15009466550326914
opennlp,RASZZ,21,0.95,0.0,0.03644341863612816,0.3950668975510593,0.16925101225807776
opennlp,RASZZ,21,0.95,0.05,0.03835034170429766,0.4157390026554751,0.16925101225807776
opennlp,RASZZ,21,0.95,0.1,0.03302522076303799,0.41700787729223965,0.16925101225807776
opennlp,RASZZ,21,0.95,0.25,0.052465647760542786,0.4423254156949282,0.16925101225807776
opennlp,RASZZ,21,0.99,0.0,0.039200654896699445,0.4749223766866438,0.014672759439567978
opennlp,RASZZ,21,0.99,0.05,0.04125185195524767,0.4997729661644333,0.014672759439567978
opennlp,RASZZ,21,0.99,0.1,0.038416276285438915,0.506465731038061,0.014672759439567978
opennlp,RASZZ,21,0.99,0.25,0.041267994067856764,0.5098056507804641,0.014672759439567978
opennlp,RASZZ,21,0.995,0.0,0.04173613082310889,0.4855437060584636,0.0281366876327142
opennlp,RASZZ,21,0.995,0.05,0.04391999813362041,0.5109500627708251,0.0281366876327142
opennlp,RASZZ,21,0.995,0.1,0.04173417634263303,0.5191072362895942,0.0281366876327142
opennlp,RASZZ,21,0.995,0.25,0.041453523570402495,0.5209651098855357,0.0281366876327142
opennlp,RASZZ,21,0.999,0.0,0.03849893719657296,0.4823405658997788,0.04530548700471938
opennlp,RASZZ,21,0.999,0.05,0.04051341646848666,0.5075793164410463,0.04530548700471938
opennlp,RASZZ,21,0.999,0.1,0.03855881438976784,0.5163762806715678,0.04530548700471938
opennlp,RASZZ,21,0.999,0.25,0.035006613223726904,0.5159577561407559,0.04530548700471938
opennlp,RASZZ,42,0.9,0.0,0.022755212441161073,0.32929197773238933,0.15009440626002568
opennlp,RASZZ,42,0.9,0.05,0.023945892161919495,0.3465223719160609,0.15009440626002568
opennlp,RASZZ,42,0.9,0.1,0.017622329157670577,0.3468522134580176,0.15009440626002568
opennlp,RASZZ,42,0.9,0.25,0.03787206790608578,0.37664878061202517,0.15009440626002568
opennlp,RASZZ,42,0.95,0.0,0.02528676015742889,0.3886972325131272,0.16911389245239739
opennlp,RASZZ,42,0.95,0.05,0.0266099045842711,0.40903604119113973,0.16911389245239739
opennlp,RASZZ,42,0.95,0.1,0.020636538648654137,0.4099348136611618,0.16911389245239739
opennlp,RASZZ,42,0.95,0.25,0.0369515801564349,0.4334681741877402,0.16911389245239739
opennlp,RASZZ,42,0.99,0.0,0.030124163893817068,0.4668588797639264,0.011042520888968904
opennlp,RASZZ,42,0.99,0.05,0.03170042828360982,0.49128754207715514,0.011042520888968904
opennlp,RASZZ,42,0.99,0.1,0.028337473392667702,0.49751178660240547,0.011042520888968904
opennlp,RASZZ,42,0.99,0.25,0.028456088885438477,0.49860818508054155,0.011042520888968904
opennlp,RASZZ,42,0.995,0.0,0.033382820383083565,0.4773509625265028,0.022063862493285517
opennlp,RASZZ,42,0.995,0.05,0.035129595868244906,0.5023286291703314,0.022063862493285517
opennlp,RASZZ,42,0.995,0.1,0.032458414442973,0.5100097726129996,0.022063862493285517
opennlp,RASZZ,42,0.995,0.25,0.029626562034965137,0.5096325510707601,0.022063862493285517
opennlp,RASZZ,42,0.999,0.0,0.031328809803712686,0.47468768795144567,0.03613109036546294
opennlp,RASZZ,42,0.999,0.05,0.03296810799111626,0.4995259972047191,0.03613109036546294
opennlp,RASZZ,42,0.999,0.1,0.030596893787880056,0.5078782996369159,0.03613109036546294
opennlp,RASZZ,42,0.999,0.25,0.024790109201620426,0.5053927145999542,0.03613109036546294
opennlp,RASZZ,77,0.9,0.0,0.03599704170823523,0.33756951737311447,0.15116008617207818
opennlp,RASZZ,77,0.9,0.05,0.037880607844131255,0.35523303863101,0.15116008617207818
opennlp,RASZZ,77,0.9,0.1,0.03232644631926826,0.3560438372308474,0.15116008617207818
opennlp,RASZZ,77,0.9,0.25,0.054485736215366,0.38739215553215395,0.15116008617207818
opennlp,RASZZ,77,0.95,0.0,0.03684318416921408,0.39603756450768934,0.17627919097428357
opennlp,RASZZ,77,0.95,0.05,0.038771025201324125,0.4167604603249522,0.17627919097428357
opennlp,RASZZ,77,0.95,0.1,0.03346913218321316,0.4180857344649393,0.17627919097428357
opennlp,RASZZ,77,0.95,0.25,0.05160736497845365,0.44293634401275556,0.17627919097428357
opennlp,RASZZ,77,0.99,0.0,0.03950427107501416,0.4731118833426098,0.02958458691350632
opennlp,RASZZ,77,0.99,0.05,0.041571355026613736,0.4978677377035603,0.02958458691350632
opennlp,RASZZ,77,0.99,0.1,0.0387534206306841,0.5044553059137041,0.02958458691350632
opennlp,RASZZ,77,0.99,0.25,0.04036786321254111,0.5065684346530734,0.02958458691350632
opennlp,RASZZ,77,0.995,0.0,0.041232193305600795,0.4827474876526459,0.0439973101886889
opennlp,RASZZ,77,0.995,0.05,0.04338969179252177,0.5080075306112147,0.0439973101886889
opennlp,RASZZ,77,0.995,0.1,0.041174589283314224,0.5160022330291463,0.0439973101886889
opennlp,RASZZ,77,0.995,0.25,0.03955498585650599,0.516500289651537,0.0439973101886889
opennlp,RASZZ,77,0.999,0.0,0.036333978846111455,0.47790985851153833,0.05150882952562332
opennlp,RASZZ,77,0.999,0.05,0.038235175413640535,0.5029167697127235,0.05150882952562332
opennlp,RASZZ,77,0.999,0.1,0.03615478088404064,0.511456292712847,0.05150882952562332
opennlp,RASZZ,77,0.999,0.25,0.030988137124742847,0.509418298345729,0.05150882952562332
opennlp,RASZZ,101,0.9,0.0,0.027211078732401445,0.33765575070965964,0.15009745923910756
opennlp,RASZZ,101,0.9,0.05,0.028634914247468966,0.35532378417702554,0.15009745923910756
opennlp,RASZZ,101,0.9,0.1,0.022708456978092813,0.3562728146375957,0.15009745923910756
opennlp,RASZZ,101,0.9,0.25,0.0306008110627634,0.35486099680318156,0.15009745923910756
opennlp,RASZZ,101,0.95,0.0,0.02738768816160376,0.3939844201249885,0.1693626145337469
opennlp,RASZZ,101,0.95,0.05,0.028820764867734182,0.414599883968738,0.1693626145337469
opennlp,RASZZ,101,0.95,0.1,0.023038748503411123,0.4158798439614864,0.1693626145337469
opennlp,RASZZ,101,0.95,0.25,0.02696601791581768,0.4127490026987741,0.1693626145337469
opennlp,RASZZ,101,0.99,0.0,0.030620780917920195,0.46943066683967904,0.018359115941506146
opennlp,RASZZ,101,0.99,0.05,0.03222303108222997,0.4939938994068716,0.018359115941506146
opennlp,RASZZ,101,0.99,0.1,0.02891550631171667,0.5003845939453947,0.018359115941506146
opennlp,RASZZ,101,0.99,0.25,0.021453626057125457,0.49027972489276583,0.018359115941506146
opennlp,RASZZ,101,0.995,0.0,0.034777173351811165,0.48241917976137944,0.026323209318720522
opennlp,RASZZ,101,0.995,0.05,0.03659690916673152,0.507662043818661,0.026323209318720522
opennlp,RASZZ,101,0.995,0.1,0.03402902822878574,0.5156501040338402,0.026323209318720522
opennlp,RASZZ,101,0.995,0.25,0.025370994378899225,0.5066739001204809,0.026323209318720522
opennlp,RASZZ,101,0.999,0.0,0.036057615796496474,0.4856516242008595,0.03728485780129214
opennlp,RASZZ,101,0.999,0.05,0.037944351506778266,0.5110636277927649,0.03728485780129214
opennlp,RASZZ,101,0.999,0.1,0.03586704365101222,0.5200624161695588,0.03728485780129214
opennlp,RASZZ,101,0.999,0.25,0.02633552573944283,0.5117593052062134,0.03728485780129214
opennlp,RASZZ,123,0.9,0.0,0.03144118343570302,0.33541431218332907,0.08151547321740452
opennlp,RASZZ,123,0.9,0.05,0.03308636163873399,0.3529650610766427,0.08151547321740452
opennlp,RASZZ,123,0.9,0.1,0.027267487133204888,0.35365063392194457,0.08151547321740452
opennlp,RASZZ,123,0.9,0.25,0.04971483134381748,0.38507602541893554,0.08151547321740452
opennlp,RASZZ,123,0.95,0.0,0.034661319108467266,0.3948988728278745,0.12587520348468811
opennlp,RASZZ,123,0.95,0.05,0.03647499278274753,0.4155621859409609,0.12587520348468811
opennlp,RASZZ,123,0.95,0.1,0.03104632496851885,0.41682129769164794,0.12587520348468811
opennlp,RASZZ,123,0.95,0.25,0.04966396649301658,0.4419742181038947,0.12587520348468811
opennlp,RASZZ,123,0.99,0.0,0.03934067549236629,0.47477867577719884,0.02385999615071287
opennlp,RASZZ,123,0.99,0.05,0.04139919920999013,0.4996217460213546,0.02385999615071287
opennlp,RASZZ,123,0.99,0.1,0.03857175927817329,0.5063061613165301,0.02385999615071287
opennlp,RASZZ,123,0.99,0.25,0.040921088769038785,0.5092725929572794,0.02385999615071287
opennlp,RASZZ,123,0.995,0.0,0.04178072626273169,0.4854422813345984,0.03820664342559901
opennlp,RASZZ,123,0.995,0.05,0.04396692705554905,0.5108433309393157,0.03820664342559901
opennlp,RASZZ,123,0.995,0.1,0.04178369643203012,0.5189946112894739,0.03820664342559901
opennlp,RASZZ,123,0.995,0.25,0.041018333914740496,0.5205252112392675,0.03820664342559901
opennlp,RASZZ,123,0.999,0.0,0.03827406323116926,0.48212353420143367,0.04945162470866041
opennlp,RASZZ,123,0.999,0.05,0.04027677584210254,0.5073509284329042,0.04945162470866041
opennlp,RASZZ,123,0.999,0.1,0.038309107716528144,0.5161352822826082,0.04945162470866041
opennlp,RASZZ,123,0.999,0.25,0.03426097069872541,0.5154117915384204,0.04945162470866041
opennlp,RASZZ,202,0.9,0.0,0.010575125376564892,0.307100611590452,0.150122389554988
opennlp,RASZZ,202,0.9,0.05,0.011128474960222358,0.32316982963878965,0.150122389554988
opennlp,RASZZ,202,0.9,0.1,0.004097201803732491,0.32221026700592775,0.150122389554988
opennlp,RASZZ,202,0.9,0.25,0.022242150814464172,0.34746461376333243,0.150122389554988
opennlp,RASZZ,202,0.95,0.0,0.013492563378468431,0.3676407719710777,0.17025075424964628
opennlp,RASZZ,202,0.95,0.05,0.014198569601760386,0.3868777891090992,0.17025075424964628
opennlp,RASZZ,202,0.95,0.1,0.007539915231526276,0.38655309980772024,0.17025075424964628
opennlp,RASZZ,202,0.95,0.25,0.021953442684695776,0.40600034354199327,0.17025075424964628
opennlp,RASZZ,202,0.99,0.0,0.019815525985770768,0.4562545731377087,0.012945067002305159
opennlp,RASZZ,202,0.99,0.05,0.020852384903630866,0.4801283589414259,0.012945067002305159
opennlp,RASZZ,202,0.99,0.1,0.016890458292321813,0.4857364522505931,0.012945067002305159
opennlp,RASZZ,202,0.99,0.25,0.01569391785522391,0.485101998711014,0.012945067002305159
opennlp,RASZZ,202,0.995,0.0,0.025109786341997526,0.470323132757903,0.014849418539157461
opennlp,RASZZ,202,0.995,0.05,0.026423670511055538,0.4949330641231421,0.014849418539157461
opennlp,RASZZ,202,0.995,0.1,0.02327179382066274,0.5022058634834502,0.014849418539157461
opennlp,RASZZ,202,0.995,0.25,0.019572979320550833,0.5008492492982416,0.014849418539157461
opennlp,RASZZ,202,0.999,0.0,0.027422561953775106,0.47303479895103334,0.02637776303904387
opennlp,RASZZ,202,0.999,0.05,0.028857463451356362,0.4977866198263781,0.02637776303904387
opennlp,RASZZ,202,0.999,0.1,0.02625928114469783,0.5060428830168261,0.02637776303904387
opennlp,RASZZ,202,0.999,0.25,0.020524491669532026,0.5037122279805533,0.02637776303904387
opennlp,RASZZ,314,0.9,0.0,0.013436871492467854,0.31015499024702986,0.15111864811058517
opennlp,RASZZ,314,0.9,0.05,0.014139963605445824,0.3263840304343745,0.15111864811058517
opennlp,RASZZ,314,0.9,0.1,0.0072749689631093975,0.32560193901108475,0.15111864811058517
opennlp,RASZZ,314,0.9,0.25,0.027400384010709235,0.35141983709573593,0.15111864811058517
opennlp,RASZZ,314,0.95,0.0,0.015501995872059299,0.37003175623948753,0.17521032821348506
opennlp,RASZZ,314,0.95,0.05,0.016313146818853097,0.3893938830194607,0.17521032821348506
opennlp,RASZZ,314,0.95,0.1,0.009771248245881778,0.38920811914871517,0.17521032821348506
opennlp,RASZZ,314,0.95,0.25,0.026090480981253748,0.4094308928934667,0.17521032821348506
opennlp,RASZZ,314,0.99,0.0,0.021360791804403232,0.4566668414606737,0.0174013098712692
opennlp,RASZZ,314,0.99,0.05,0.022478507654633634,0.48056219944408113,0.0174013098712692
opennlp,RASZZ,314,0.99,0.1,0.018606366962091603,0.4861942471368304,0.0174013098712692
opennlp,RASZZ,314,0.99,0.25,0.01857896330490336,0.4861639304324095,0.0174013098712692
opennlp,RASZZ,314,0.995,0.0,0.025784131479330598,0.46976071246787443,0.020136808860452618
opennlp,RASZZ,314,0.995,0.05,0.027133301149760685,0.49434121486444926,0.020136808860452618
opennlp,RASZZ,314,0.995,0.1,0.024020606519173687,0.5015813354313325,0.020136808860452618
opennlp,RASZZ,314,0.995,0.25,0.021137206086042987,0.5005159391350057,0.020136808860452618
opennlp,RASZZ,314,0.999,0.0,0.026863341951950923,0.4716591564497171,0.02948574735370362
opennlp,RASZZ,314,0.999,0.05,0.028268981937808822,0.49633899603138837,0.02948574735370362
opennlp,RASZZ,314,0.999,0.1,0.025638306786843985,0.5045153290736468,0.02948574735370362
opennlp,RASZZ,314,0.999,0.25,0.020313106101499317,0.5021966076283892,0.02948574735370362
opennlp,RASZZ,999,0.9,0.0,0.0076211555730204715,0.3046866601896939,0.1500934711678778
opennlp,RASZZ,999,0.9,0.05,0.008019936969283171,0.3206295668275268,0.1500934711678778
opennlp,RASZZ,999,0.9,0.1,0.0008170267458089346,0.31952974428484054,0.1500934711678778
opennlp,RASZZ,999,0.9,0.25,0.019235577741539438,0.34415443114066985,0.1500934711678778
opennlp,RASZZ,999,0.95,0.0,0.009828302416092689,0.3655482222909149,0.16887374508075778
opennlp,RASZZ,999,0.95,0.05,0.01034257405414405,0.3846757455503232,0.16887374508075778
opennlp,RASZZ,999,0.95,0.1,0.0034710119542869524,0.3842294710217725,0.16887374508075778
opennlp,RASZZ,999,0.95,0.25,0.017731699720140836,0.4031140297120462,0.16887374508075778
opennlp,RASZZ,999,0.99,0.0,0.0175721814124751,0.45381934882056196,0.00945017210575001
opennlp,RASZZ,999,0.99,0.05,0.0184916560212674,0.47756571009605653,0.00945017210575001
opennlp,RASZZ,999,0.99,0.1,0.014399382416453613,0.4830323074567064,0.00945017210575001
opennlp,RASZZ,999,0.99,0.25,0.01284957147901822,0.48193953011936413,0.00945017210575001
opennlp,RASZZ,999,0.995,0.0,0.022617998490369676,0.4673772372699839,0.012598145720542263
opennlp,RASZZ,999,0.995,0.05,0.02380149841137739,0.49183302294108766,0.012598145720542263
opennlp,RASZZ,999,0.995,0.1,0.020504839212413407,0.49893465438336815,0.012598145720542263
opennlp,RASZZ,999,0.995,0.25,0.01630541814300408,0.49696571772903836,0.012598145720542263
opennlp,RASZZ,999,0.999,0.0,0.02492678154978532,0.47022496181004764,0.023779484877474666
opennlp,RASZZ,999,0.999,0.05,0.026231089886692687,0.49482975632336396,0.023779484877474666
opennlp,RASZZ,999,0.999,0.1,0.02348789308873371,0.502922757111805,0.023779484877474666
opennlp,RASZZ,999,0.999,0.25,0.017184183638622678,0.49997189797765623,0.023779484877474666
parquet-mr,oracle,7,0.9,0.0,0.11493916993908869,0.4740541705329479,0.19571566463591364
parquet-mr,oracle,7,0.9,0.05,0.1308047837005449,0.4922876520523093,0.19571566463591364
parquet-mr,oracle,7,0.9,0.1,0.14134572458733097,0.5059413027874099,0.19571566463591364
parquet-mr,oracle,7,0.9,0.25,0.17737369300872005,0.5347103356781839,0.19571566463591364
parquet-mr,oracle,7,0.95,0.0,0.10949331914622147,0.5099334172154223,0.1598225767317376
parquet-mr,oracle,7,0.95,0.05,0.12694809112950212,0.5274106915798557,0.1598225767317376
parquet-mr,oracle,7,0.95,0.1,0.14032009213763164,0.539292061663441,0.1598225767317376
parquet-mr,oracle,7,0.95,0.25,0.1746554537379123,0.5612006457818292,0.1598225767317376
parquet-mr,oracle,7,0.99,0.0,0.08082264928097983,0.5330497285633387,0.12743588131647485
parquet-mr,oracle,7,0.99,0.05,0.09771755240261147,0.5497255563877865,0.12743588131647485
parquet-mr,oracle,7,0.99,0.1,0.11320731705796759,0.5622236170659461,0.12743588131647485
parquet-mr,oracle,7,0.99,0.25,0.14969006250768171,0.5865917645854184,0.12743588131647485
parquet-mr,oracle,7,0.995,0.0,0.05453896343312153,0.5217711219734534,0.1608611521223659
parquet-mr,oracle,7,0.995,0.05,0.07011893777602453,0.5376440887002268,0.1608611521223659
parquet-mr,oracle,7,0.995,0.1,0.08470714063693753,0.5497650904530929,0.1608611521223659
parquet-mr,oracle,7,0.995,0.25,0.11959696177067634,0.5740928585763176,0.1608611521223659
parquet-mr,oracle,7,0.999,0.0,0.006434126504584288,0.4919209453197189,0.12367441448615091
parquet-mr,oracle,7,0.999,0.05,0.019528914303431233,0.506065329857832,0.12367441448615091
parquet-mr,oracle,7,0.999,0.1,0.031849329110748864,0.5166965085114826,0.12367441448615091
parquet-mr,oracle,7,0.999,0.25,0.06010122567672209,0.5370531359092497,0.12367441448615091
parquet-mr,oracle,13,0.9,0.0,0.11211499448442959,0.47211007689424006,0.20869713138606039
parquet-mr,oracle,13,0.9,0.05,0.1278319674324827,0.4902412376957748,0.20869713138606039
parquet-mr,oracle,13,0.9,0.1,0.13820775185993195,0.5037811987444011,0.20869713138606039
parquet-mr,oracle,13,0.9,0.25,0.17428107059512138,0.5327410171654119,0.20869713138606039
parquet-mr,oracle,13,0.95,0.0,0.10888259453740927,0.5105348066628494,0.17092100580034006
parquet-mr,oracle,13,0.95,0.05,0.1263052231202261,0.5280437331034631,0.17092100580034006
parquet-mr,oracle,13,0.95,0.1,0.1396415092389514,0.5399602721605823,0.17092100580034006
parquet-mr,oracle,13,0.95,0.25,0.1745093361309685,0.5625508353865772,0.17092100580034006
parquet-mr,oracle,13,0.99,0.0,0.08430740851370004,0.5360185473504389,0.08074932674111002
parquet-mr,oracle,13,0.99,0.05,0.10138572001600116,0.5528506287952605,0.08074932674111002
parquet-mr,oracle,13,0.99,0.1,0.11707927176099002,0.5655223046071686,0.08074932674111002
parquet-mr,oracle,13,0.99,0.25,0.1545891710419778,0.5907524728955489,0.08074932674111002
parquet-mr,oracle,13,0.995,0.0,0.06067693119412727,0.5266256265958184,0.11759513729381603
parquet-mr,oracle,13,0.995,0.05,0.07657995647182003,0.5427540935658742,0.11759513729381603
parquet-mr,oracle,13,0.995,0.1,0.09152710481583279,0.5551589844779428,0.11759513729381603
parquet-mr,oracle,13,0.995,0.25,0.12795044976986725,0.5807008213070302,0.11759513729381603
parquet-mr,oracle,13,0.999,0.0,0.015583718624224424,0.4995351898401648,0.10971918002993065
parquet-mr,oracle,13,0.999,0.05,0.02916006390305242,0.5140803240898805,0.10971918002993065
parquet-mr,oracle,13,0.999,0.1,0.042015542577015695,0.5251567802008671,0.10971918002993065
parquet-mr,oracle,13,0.999,0.25,0.07241126628908202,0.5472934355959642,0.10971918002993065
parquet-mr,oracle,21,0.9,0.0,0.10274255157009175,0.46365906142703395,0.1632117917132044
parquet-mr,oracle,21,0.9,0.05,0.11796623804896922,0.481345431940821,0.1632117917132044
parquet-mr,oracle,21,0.9,0.1,0.1277939263995566,0.49439118155861655,0.1632117917132044
parquet-mr,oracle,21,0.9,0.25,0.1613885437403639,0.5211363657566523,0.1632117917132044
parquet-mr,oracle,21,0.95,0.0,0.09874870257211918,0.5021479421141515,0.11867899666879654
parquet-mr,oracle,21,0.95,0.05,0.11563796841992073,0.5192154546311496,0.11867899666879654
parquet-mr,oracle,21,0.95,0.1,0.128381629277518,0.5306415337731402,0.11867899666879654
parquet-mr,oracle,21,0.95,0.25,0.1606124177112253,0.5510562834549922,0.11867899666879654
parquet-mr,oracle,21,0.99,0.0,0.070793284373659,0.5270829423760574,0.05189715339539481
parquet-mr,oracle,21,0.99,0.05,0.08716032618437902,0.5434447288222273,0.05189715339539481
parquet-mr,oracle,21,0.99,0.1,0.10206357827205553,0.5555938546356335,0.05189715339539481
parquet-mr,oracle,21,0.99,0.25,0.1364209727966993,0.5787187785262793,0.05189715339539481
parquet-mr,oracle,21,0.995,0.0,0.04655473965127609,0.5170550808854099,0.09785137213521787
parquet-mr,oracle,21,0.995,0.05,0.06171449168987141,0.5326798349233388,0.09785137213521787
parquet-mr,oracle,21,0.995,0.1,0.07583578087933147,0.544525044799711,0.09785137213521787
parquet-mr,oracle,21,0.995,0.25,0.10902018512329109,0.5678597845420831,0.09785137213521787
parquet-mr,oracle,21,0.999,0.0,0.0014098139932350762,0.4895741080644342,0.09446187103627138
parquet-mr,oracle,21,0.999,0.05,0.014240164291484694,0.5035949748522692,0.09446187103627138
parquet-mr,oracle,21,0.999,0.1,0.0262667596536942,0.5140889115611664,0.09446187103627138
parquet-mr,oracle,21,0.999,0.25,0.05344677207146704,0.5339595582770003,0.09446187103627138
parquet-mr,oracle,42,0.9,0.0,0.12629418842839915,0.5054432410557783,0.19825042853910846
parquet-mr,oracle,42,0.9,0.05,0.14275743474192437,0.5253287789184466,0.19825042853910846
parquet-mr,oracle,42,0.9,0.1,0.15396241179767592,0.5408180478127771,0.19825042853910846
parquet-mr,oracle,42,0.9,0.25,0.1802324312997814,0.5555977441101649,0.19825042853910846
parquet-mr,oracle,42,0.95,0.0,0.1208740889491463,0.5325769853828711,0.16657710442596865
parquet-mr,oracle,42,0.95,0.05,0.1389278488167914,0.5512460264929597,0.16657710442596865
parquet-mr,oracle,42,0.95,0.1,0.15296539191865924,0.5644515818494953,0.16657710442596865
parquet-mr,oracle,42,0.95,0.25,0.17756591204368152,0.5771052417674237,0.16657710442596865
parquet-mr,oracle,42,0.99,0.0,0.08750482340638001,0.5427901826423922,0.12983611364268322
parquet-mr,oracle,42,0.99,0.05,0.1047514199030327,0.559978665944685,0.12983611364268322
parquet-mr,oracle,42,0.99,0.1,0.12063195497507888,0.5730463438204502,0.12983611364268322
parquet-mr,oracle,42,0.99,0.25,0.154661737172346,0.5957610719736466,0.12983611364268322
parquet-mr,oracle,42,0.995,0.0,0.06119489417706698,0.5305264268467722,0.16173788342176965
parquet-mr,oracle,42,0.995,0.05,0.07712518066438813,0.5468601990931942,0.16173788342176965
parquet-mr,oracle,42,0.995,0.1,0.09210261924132135,0.5594932069790027,0.16173788342176965
parquet-mr,oracle,42,0.995,0.25,0.12624827433057426,0.5834115880252934,0.16173788342176965
parquet-mr,oracle,42,0.999,0.0,0.012665778261387706,0.5003787264966334,0.12963947028160575
parquet-mr,oracle,42,0.999,0.05,0.026088547731645345,0.5149682574124789,0.12963947028160575
parquet-mr,oracle,42,0.999,0.1,0.038773386618308224,0.5260940431524989,0.12963947028160575
parquet-mr,oracle,42,0.999,0.25,0.0674093133550066,0.5469988728254487,0.12963947028160575
parquet-mr,oracle,77,0.9,0.0,0.09213016850631615,0.4564539964811946,0.27835059297516224
parquet-mr,oracle,77,0.9,0.05,0.1067953085081528,0.47376115305046373,0.27835059297516224
parquet-mr,oracle,77,0.9,0.1,0.11600238966202815,0.4863855538410173,0.27835059297516224
parquet-mr,oracle,77,0.9,0.25,0.14273241243015697,0.5065968465116893,0.27835059297516224
parquet-mr,oracle,77,0.95,0.0,0.0856032664034992,0.49417546364751797,0.2850291625590234
parquet-mr,oracle,77,0.95,0.05,0.10180066718979447,0.5108233720346932,0.2850291625590234
parquet-mr,oracle,77,0.95,0.1,0.11377558909016249,0.5217832243657695,0.2850291625590234
parquet-mr,oracle,77,0.95,0.25,0.13963023076493114,0.5374454845444976,0.2850291625590234
parquet-mr,oracle,77,0.99,0.0,0.056432430446972985,0.517755911578148,0.16405193406621046
parquet-mr,oracle,77,0.99,0.05,0.07204363784049901,0.5336268016665334,0.16405193406621046
parquet-mr,oracle,77,0.99,0.1,0.0861070739090711,0.5452304870824011,0.16405193406621046
parquet-mr,oracle,77,0.99,0.25,0.11561088404822825,0.5649744375978211,0.16405193406621046
parquet-mr,oracle,77,0.995,0.0,0.03452592201325549,0.5088412801184398,0.15580033250437658
parquet-mr,oracle,77,0.995,0.05,0.04905257838669184,0.5240337288528442,0.15580033250437658
parquet-mr,oracle,77,0.995,0.1,0.06247042794819747,0.5353985995030777,0.15580033250437658
parquet-mr,oracle,77,0.995,0.25,0.09167998884791993,0.5558909854039513,0.15580033250437658
parquet-mr,oracle,77,0.999,0.0,-0.004601070128935619,0.48478690317232753,0.1008158803922168
parquet-mr,oracle,77,0.999,0.05,0.007912917847094483,0.4985558118079464,0.1008158803922168
parquet-mr,oracle,77,0.999,0.1,0.019587999517948977,0.5087697950143812,0.1008158803922168
parquet-mr,oracle,77,0.999,0.25,0.04442731679951367,0.5267938304965455,0.1008158803922168
parquet-mr,oracle,101,0.9,0.0,0.11553649142708157,0.47484086792566343,0.1972823302928658
parquet-mr,oracle,101,0.9,0.05,0.13143354316159006,0.49311575457095735,0.1972823302928658
parquet-mr,oracle,101,0.9,0.1,0.1420094151295453,0.5068154110015383,0.1972823302928658
parquet-mr,oracle,101,0.9,0.25,0.16416814545379912,0.5129654045882059,0.1972823302928658
parquet-mr,oracle,101,0.95,0.0,0.11387240134847994,0.5096959556444304,0.15528827260919953
parquet-mr,oracle,101,0.95,0.05,0.13155765134240577,0.5271607320314431,0.15528827260919953
parquet-mr,oracle,101,0.95,0.1,0.14518573902902995,0.53902821547345,0.15528827260919953
parquet-mr,oracle,101,0.95,0.25,0.16607853290124308,0.5447188976025273,0.15528827260919953
parquet-mr,oracle,101,0.99,0.0,0.0921779342027022,0.5410030182587823,0.07439997949312245
parquet-mr,oracle,101,0.99,0.05,0.10967048389916134,0.5580974402777272,0.07439997949312245
parquet-mr,oracle,101,0.99,0.1,0.12582430030432576,0.571060605616439,0.07439997949312245
parquet-mr,oracle,101,0.99,0.25,0.15811477228261978,0.5911333106898501,0.07439997949312245
parquet-mr,oracle,101,0.995,0.0,0.06869871587488553,0.5335354858308692,0.12258816278951934
parquet-mr,oracle,101,0.995,0.05,0.08502394034630242,0.5500276296027699,0.12258816278951934
parquet-mr,oracle,101,0.995,0.1,0.1004401989055642,0.5628366058502214,0.12258816278951934
parquet-mr,oracle,101,0.995,0.25,0.13354486064625581,0.5852672633723792,0.12258816278951934
parquet-mr,oracle,101,0.999,0.0,0.02193525573125626,0.5070643222074894,0.12051721605538603
parquet-mr,oracle,101,0.999,0.05,0.035845892436770145,0.522005726581801,0.12051721605538603
parquet-mr,oracle,101,0.999,0.1,0.04907280602927329,0.5335224828312278,0.12051721605538603
parquet-mr,oracle,101,0.999,0.25,0.07720529942143188,0.5539033407869763,0.12051721605538603
parquet-mr,oracle,123,0.9,0.0,0.11550793375107747,0.46692355241677824,0.16321179171320097
parquet-mr,oracle,123,0.9,0.05,0.13140348245000677,0.48478173824581505,0.16321179171320097
parquet-mr,oracle,123,0.9,0.1,0.1419776843784296,0.49801839376944357,0.16321179171320097
parquet-mr,oracle,123,0.9,0.25,0.17568584876168988,0.5234413172040426,0.16321179171320097
parquet-mr,oracle,123,0.95,0.0,0.1079296798977064,0.5047976525996376,0.1186789744189123
parquet-mr,oracle,123,0.95,0.05,0.1253021550784336,0.5220046235632402,0.1186789744189123
parquet-mr,oracle,123,0.95,0.1,0.13858271519483709,0.5335856565347913,0.1186789744189123
parquet-mr,oracle,123,0.95,0.25,0.17092895943621234,0.5532576283772649,0.1186789744189123
parquet-mr,oracle,123,0.99,0.0,0.07961423836780665,0.5324694704608782,0.049694270438937864
parquet-mr,oracle,123,0.99,0.05,0.09644554091506075,0.5491147583851966,0.049694270438937864
parquet-mr,oracle,123,0.99,0.1,0.11186463826555294,0.56157888584099,0.049694270438937864
parquet-mr,oracle,123,0.99,0.25,0.14702260632936048,0.5850508799086845,0.049694270438937864
parquet-mr,oracle,123,0.995,0.0,0.058129672915548825,0.5250031279934896,0.09181910033142586
parquet-mr,oracle,123,0.995,0.05,0.07389863196805323,0.541046200300265,0.09181910033142586
parquet-mr,oracle,123,0.995,0.1,0.08869681783963451,0.553356208253133,0.09181910033142586
parquet-mr,oracle,123,0.995,0.25,0.12345061372399366,0.5777136251150814,0.09181910033142586
parquet-mr,oracle,123,0.999,0.0,0.019053580320989343,0.5020131918544429,0.09658279317279082
parquet-mr,oracle,123,0.999,0.05,0.032812549899647075,0.5166887472628048,0.09658279317279082
parquet-mr,oracle,123,0.999,0.1,0.04587094446231005,0.5279101157722873,0.09658279317279082
parquet-mr,oracle,123,0.999,0.25,0.07611545581131685,0.549904325510681,0.09658279317279082
parquet-mr,oracle,202,0.9,0.0,0.11759990796056137,0.480602164788776,0.19825042853917016
parquet-mr,oracle,202,0.9,0.05,0.133605560565253,0.49918027758475997,0.19825042853917016
parquet-mr,oracle,202,0.9,0.1,0.14430210016674508,0.5132168519605521,0.19825042853917016
parquet-mr,oracle,202,0.9,0.25,0.17611215704793182,0.5396368708562211,0.19825042853917016
parquet-mr,oracle,202,0.95,0.0,0.11281618943463581,0.5152591432963914,0.1665771514206604
parquet-mr,oracle,202,0.95,0.05,0.130445849327833,0.5330167190335074,0.1665771514206604
parquet-mr,oracle,202,0.95,0.1,0.14401217023586985,0.54520953508674,0.1665771514206604
parquet-mr,oracle,202,0.95,0.25,0.17441508282833257,0.56518591884172,0.1665771514206604
parquet-mr,oracle,202,0.99,0.0,0.08810847323879335,0.5382691471200496,0.13098345608213288
parquet-mr,oracle,202,0.99,0.05,0.10538684077925728,0.5552196811843245,0.13098345608213288
parquet-mr,oracle,202,0.99,0.1,0.12130267701109369,0.5680229710178472,0.13098345608213288
parquet-mr,oracle,202,0.99,0.25,0.15434946934044733,0.5903359363742855,0.13098345608213288
parquet-mr,oracle,202,0.995,0.0,0.06334820997380747,0.5276500906144189,0.16395940456717492
parquet-mr,oracle,202,0.995,0.05,0.07939182887148338,0.5438324767433486,0.16395940456717492
parquet-mr,oracle,202,0.995,0.1,0.0944951923488108,0.5562972778319434,0.16395940456717492
parquet-mr,oracle,202,0.995,0.25,0.1264010204237869,0.5787785926099137,0.16395940456717492
parquet-mr,oracle,202,0.999,0.0,0.017168036877401788,0.49900116778875697,0.12961288216072253
parquet-mr,oracle,202,0.999,0.05,0.03082776732744965,0.5135181956147143,0.12961288216072253
parquet-mr,oracle,202,0.999,0.1,0.0437758961916572,0.5245634223659695,0.12961288216072253
parquet-mr,oracle,202,0.999,0.25,0.06970843923177748,0.5434738392544336,0.12961288216072253
parquet-mr,oracle,314,0.9,0.0,0.1296783216592684,0.5017979771543687,0.1982548080614475
parquet-mr,oracle,314,0.9,0.05,0.14631968024810255,0.5214916590222259,0.1982548080614475
parquet-mr,oracle,314,0.9,0.1,0.15772255983197508,0.5367677545889885,0.1982548080614475
parquet-mr,oracle,314,0.9,0.25,0.18004507576211976,0.5472151680551893,0.1982548080614475
parquet-mr,oracle,314,0.95,0.0,0.12401713510698979,0.5305698848598197,0.16765692676055297
parquet-mr,oracle,314,0.95,0.05,0.14223631845662665,0.549133289100274,0.16765692676055297
parquet-mr,oracle,314,0.95,0.1,0.15645766542737422,0.562221470157216,0.16765692676055297
parquet-mr,oracle,314,0.95,0.25,0.17719581332862688,0.5709822097520281,0.16765692676055297
parquet-mr,oracle,314,0.99,0.0,0.08972010558654905,0.5416220895363199,0.1581250229387947
parquet-mr,oracle,314,0.99,0.05,0.10708329588215801,0.5587490942540826,0.1581250229387947
parquet-mr,oracle,314,0.99,0.1,0.12309337961971117,0.5717484625914807,0.1581250229387947
parquet-mr,oracle,314,0.99,0.25,0.15305990053684584,0.5906080823616887,0.1581250229387947
parquet-mr,oracle,314,0.995,0.0,0.060504883191701,0.5286387080331872,0.1889313094926542
parquet-mr,oracle,314,0.995,0.05,0.0763988533113713,0.5448731266578415,0.1889313094926542
parquet-mr,oracle,314,0.995,0.1,0.09133594036869248,0.5573957416305748,0.1889313094926542
parquet-mr,oracle,314,0.995,0.25,0.12091224591565755,0.5774376750171671,0.1889313094926542
parquet-mr,oracle,314,0.999,0.0,0.01081683037403569,0.49910084672330485,0.13626357187728125
parquet-mr,oracle,314,0.999,0.05,0.0241422867975906,0.5136231208089751,0.13626357187728125
parquet-mr,oracle,314,0.999,0.1,0.03671900007680598,0.5246741767376893,0.13626357187728125
parquet-mr,oracle,314,0.999,0.25,0.06074627869711369,0.542040924297408,0.13626357187728125
parquet-mr,oracle,999,0.9,0.0,0.12259224197231813,0.48927453232219714,0.2060178526526369
parquet-mr,oracle,999,0.9,0.05,0.13886064899868117,0.5083090855146769,0.2060178526526369
parquet-mr,oracle,999,0.9,0.1,0.1498491379575859,0.5228528158865756,0.2060178526526369
parquet-mr,oracle,999,0.9,0.25,0.17073454678903685,0.531274055208577,0.2060178526526369
parquet-mr,oracle,999,0.95,0.0,0.11572649440661996,0.5207595124689353,0.19213784389475108
parquet-mr,oracle,999,0.95,0.05,0.13350932824571102,0.5388065813203956,0.19213784389475108
parquet-mr,oracle,999,0.95,0.1,0.14724584242696329,0.5513210563895665,0.19213784389475108
parquet-mr,oracle,999,0.95,0.25,0.1658726048796511,0.5582078564707393,0.19213784389475108
parquet-mr,oracle,999,0.99,0.0,0.07768841451296482,0.5348736174673435,0.09534567775904668
parquet-mr,oracle,999,0.99,0.05,0.0944183579099641,0.5516454394446337,0.09534567775904668
parquet-mr,oracle,999,0.99,0.1,0.10972483398239534,0.5642501602926181,0.09534567775904668
parquet-mr,oracle,999,0.99,0.25,0.13629759739514677,0.5814064210230916,0.09534567775904668
parquet-mr,oracle,999,0.995,0.0,0.05427515475628258,0.5252581971298749,0.1200134502865683
parquet-mr,oracle,999,0.995,0.05,0.0698412444319835,0.541314694128039,0.1200134502865683
parquet-mr,oracle,999,0.995,0.1,0.08441401988489425,0.5536396184046722,0.1200134502865683
parquet-mr,oracle,999,0.995,0.25,0.11200392352615296,0.5727255523338787,0.1200134502865683
parquet-mr,oracle,999,0.999,0.0,0.01286989854791981,0.5007412693477548,0.1042810404661088
parquet-mr,oracle,999,0.999,0.05,0.02630341119115284,0.515349881466291,0.1042810404661088
parquet-mr,oracle,999,0.999,0.1,0.03900018693667724,0.5264968685426339,0.1042810404661088
parquet-mr,oracle,999,0.999,0.25,0.06304347275307416,0.5440680634739231,0.1042810404661088
parquet-mr,BSZZ,7,0.9,0.0,0.094642517069151,0.47673980630055257,0.32773594359498237
parquet-mr,BSZZ,7,0.9,0.05,0.10943988594271578,0.49511463707084064,0.32773594359498237
parquet-mr,BSZZ,7,0.9,0.1,0.1125730430716518,0.49756374941185344,0.32773594359498237
parquet-mr,BSZZ,7,0.9,0.25,0.12980810758662906,0.5081221771202475,0.32773594359498237
parquet-mr,BSZZ,7,0.95,0.0,0.0913667556969104,0.5005004283745015,0.4250848843129669
parquet-mr,BSZZ,7,0.95,0.05,0.10786749802496413,0.5174812296420441,0.4250848843129669
parquet-mr,BSZZ,7,0.95,0.1,0.11358550201369341,0.5234551526764094,0.4250848843129669
parquet-mr,BSZZ,7,0.95,0.25,0.1284148185037465,0.5353660345920798,0.4250848843129669
parquet-mr,BSZZ,7,0.99,0.0,0.06489761353451934,0.5064664640241969,0.34384519949109055
parquet-mr,BSZZ,7,0.99,0.05,0.08095435688002146,0.5217431726623741,0.34384519949109055
parquet-mr,BSZZ,7,0.99,0.1,0.09211980907216306,0.5325303538115749,0.34384519949109055
parquet-mr,BSZZ,7,0.99,0.25,0.10128300381732123,0.5462122310740399,0.34384519949109055
parquet-mr,BSZZ,7,0.995,0.0,0.046208426438046867,0.49671846066786346,0.23951144166411958
parquet-mr,BSZZ,7,0.995,0.05,0.0613499514654196,0.5112728662732902,0.23951144166411958
parquet-mr,BSZZ,7,0.995,0.1,0.07274955846048788,0.5220848192115821,0.23951144166411958
parquet-mr,BSZZ,7,0.995,0.25,0.08126052145941381,0.5365667806414258,0.23951144166411958
parquet-mr,BSZZ,7,0.999,0.0,0.021463828267948886,0.4767045292212304,0.11154114311829831
parquet-mr,BSZZ,7,0.999,0.05,0.03534965300170976,0.49004804975416005,0.11154114311829831
parquet-mr,BSZZ,7,0.999,0.1,0.04639206324509475,0.5001227781639636,0.11154114311829831
parquet-mr,BSZZ,7,0.999,0.25,0.05366384352230354,0.5134120803601224,0.11154114311829831
parquet-mr,BSZZ,13,0.9,0.0,0.12087921732436804,0.48765028049682757,0.287692146303902
parquet-mr,BSZZ,13,0.9,0.05,0.1370574651587337,0.50659934675113,0.287692146303902
parquet-mr,BSZZ,13,0.9,0.1,0.1411937998312675,0.5091340220706279,0.287692146303902
parquet-mr,BSZZ,13,0.9,0.25,0.1585299964328441,0.5190585558234261,0.287692146303902
parquet-mr,BSZZ,13,0.95,0.0,0.11385089545478033,0.508328863773659,0.3779369751010334
parquet-mr,BSZZ,13,0.95,0.05,0.13153501355956404,0.525721687956947,0.3779369751010334
parquet-mr,BSZZ,13,0.95,0.1,0.1382586674194373,0.5318007639849409,0.3779369751010334
parquet-mr,BSZZ,13,0.95,0.25,0.1523158416236836,0.5435567152971059,0.3779369751010334
parquet-mr,BSZZ,13,0.99,0.0,0.08619423392236027,0.5175561043200573,0.34721354316654585
parquet-mr,BSZZ,13,0.99,0.05,0.1033718520251172,0.533416478236964,0.34721354316654585
parquet-mr,BSZZ,13,0.99,0.1,0.11566582987230611,0.5447053283837484,0.34721354316654585
parquet-mr,BSZZ,13,0.99,0.25,0.1233384233221989,0.5589339130063715,0.34721354316654585
parquet-mr,BSZZ,13,0.995,0.0,0.0663881906753205,0.5079101060989791,0.2611408971453945
parquet-mr,BSZZ,13,0.995,0.05,0.0825918085572866,0.5230535456744645,0.2611408971453945
parquet-mr,BSZZ,13,0.995,0.1,0.09507064790192261,0.5343987700739582,0.2611408971453945
parquet-mr,BSZZ,13,0.995,0.25,0.1017651582669441,0.5493199202880473,0.2611408971453945
parquet-mr,BSZZ,13,0.999,0.0,0.04042915487704245,0.48701535521773576,0.13345180478796842
parquet-mr,BSZZ,13,0.999,0.05,0.05531315469549245,0.500901550803113,0.13345180478796842
parquet-mr,BSZZ,13,0.999,0.1,0.06737546992558663,0.511477424010205,0.13345180478796842
parquet-mr,BSZZ,13,0.999,0.25,0.07262246053520903,0.5249228944123098,0.13345180478796842
parquet-mr,BSZZ,21,0.9,0.0,0.118772874795573,0.48708879521419635,0.3277946646018164
parquet-mr,BSZZ,21,0.9,0.05,0.13484026249684417,0.5060083096115181,0.3277946646018164
parquet-mr,BSZZ,21,0.9,0.1,0.13533142855508992,0.5072816260295188,0.3277946646018164
parquet-mr,BSZZ,21,0.9,0.25,0.1571191844864697,0.5196554017147181,0.3277946646018164
parquet-mr,BSZZ,21,0.95,0.0,0.11262911702511187,0.5078885144047091,0.426997771270912
parquet-mr,BSZZ,21,0.95,0.05,0.13024893100201831,0.5252581623054208,0.426997771270912
parquet-mr,BSZZ,21,0.95,0.1,0.1337343286605933,0.530108531530537,0.426997771270912
parquet-mr,BSZZ,21,0.95,0.25,0.15314829312545794,0.5451792641418747,0.426997771270912
parquet-mr,BSZZ,21,0.99,0.0,0.08394619345817332,0.518545836125744,0.3643007841858898
parquet-mr,BSZZ,21,0.99,0.05,0.10100549364176253,0.5344583011903185,0.3643007841858898
parquet-mr,BSZZ,21,0.99,0.1,0.11130245954114548,0.5451261116786056,0.3643007841858898
parquet-mr,BSZZ,21,0.99,0.25,0.12294712460978287,0.5630857804309934,0.3643007841858898
parquet-mr,BSZZ,21,0.995,0.0,0.0655423116462772,0.5097533393169468,0.2613155449781443
parquet-mr,BSZZ,21,0.995,0.05,0.08170140957934627,0.524993791167062,0.2613155449781443
parquet-mr,BSZZ,21,0.995,0.1,0.09254233056447225,0.5358706597831423,0.2613155449781443
parquet-mr,BSZZ,21,0.995,0.25,0.10284816016212256,0.5543488779976184,0.2613155449781443
parquet-mr,BSZZ,21,0.999,0.0,0.04227990074591993,0.49079387406554126,0.13022029091332762
parquet-mr,BSZZ,21,0.999,0.05,0.05726130824167928,0.5048789390639609,0.13022029091332762
parquet-mr,BSZZ,21,0.999,0.1,0.06807022200917293,0.5151804248140482,0.13022029091332762
parquet-mr,BSZZ,21,0.999,0.25,0.07682078951393448,0.5321743723069156,0.13022029091332762
parquet-mr,BSZZ,42,0.9,0.0,0.11674796708772466,0.487972818297765,0.5156594072134882
parquet-mr,BSZZ,42,0.9,0.05,0.1327087806991091,0.506938860225801,0.5156594072134882
parquet-mr,BSZZ,42,0.9,0.1,0.13660352179055257,0.5094923974050029,0.5156594072134882
parquet-mr,BSZZ,42,0.9,0.25,0.14882677581300377,0.516583751211282,0.5156594072134882
parquet-mr,BSZZ,42,0.95,0.0,0.10441150679701058,0.5052245690432299,0.4270209421938483
parquet-mr,BSZZ,42,0.95,0.05,0.12159881497243802,0.5224540092933372,0.4270209421938483
parquet-mr,BSZZ,42,0.95,0.1,0.12777045779969312,0.5283515476177972,0.4270209421938483
parquet-mr,BSZZ,42,0.95,0.25,0.13553629983027765,0.5359397251050348,0.4270209421938483
parquet-mr,BSZZ,42,0.99,0.0,0.07503187211685386,0.5153453211243072,0.27401867935142205
parquet-mr,BSZZ,42,0.99,0.05,0.0916219974930052,0.5310893380309114,0.27401867935142205
parquet-mr,BSZZ,42,0.99,0.1,0.10326320564396567,0.5422489026106927,0.27401867935142205
parquet-mr,BSZZ,42,0.99,0.25,0.10553589027332475,0.5529744001648583,0.27401867935142205
parquet-mr,BSZZ,42,0.995,0.0,0.05706408295702862,0.5059534164889092,0.22767154451788055
parquet-mr,BSZZ,42,0.995,0.05,0.07277695832750566,0.5209938724007067,0.22767154451788055
parquet-mr,BSZZ,42,0.995,0.1,0.08471052821493162,0.5322246705072141,0.22767154451788055
parquet-mr,BSZZ,42,0.995,0.25,0.08694003725092109,0.5441226076392672,0.22767154451788055
parquet-mr,BSZZ,42,0.999,0.0,0.03239011297919784,0.4858708346193414,0.12436264015674547
parquet-mr,BSZZ,42,0.999,0.05,0.04685100532934023,0.4996967922784873,0.12436264015674547
parquet-mr,BSZZ,42,0.999,0.1,0.058443201150203725,0.5102057344564335,0.12436264015674547
parquet-mr,BSZZ,42,0.999,0.25,0.05996973281643166,0.5212339594235975,0.12436264015674547
parquet-mr,BSZZ,77,0.9,0.0,0.1248129155423607,0.48585045974020824,0.5156612468275951
parquet-mr,BSZZ,77,0.9,0.05,0.1411982001250418,0.5047047985862676,0.5156612468275951
parquet-mr,BSZZ,77,0.9,0.1,0.1455645756290371,0.5071342212299398,0.5156612468275951
parquet-mr,BSZZ,77,0.9,0.25,0.15739004578743232,0.5157892810553113,0.5156612468275951
parquet-mr,BSZZ,77,0.95,0.0,0.1129265896911336,0.5050870889322541,0.42699594022908877
parquet-mr,BSZZ,77,0.95,0.05,0.13056206012414642,0.522309293387047,0.42699594022908877
parquet-mr,BSZZ,77,0.95,0.1,0.13723166101538534,0.5281987919389353,0.42699594022908877
parquet-mr,BSZZ,77,0.95,0.25,0.1451791318653723,0.5371890875175945,0.42699594022908877
parquet-mr,BSZZ,77,0.99,0.0,0.08550721910016584,0.5187720628979968,0.25371700273448566
parquet-mr,BSZZ,77,0.99,0.05,0.10264867852807044,0.5346964346347952,0.25371700273448566
parquet-mr,BSZZ,77,0.99,0.1,0.11490248006986786,0.5460563934703478,0.25371700273448566
parquet-mr,BSZZ,77,0.99,0.25,0.11751024891824378,0.5581905688698905,0.25371700273448566
parquet-mr,BSZZ,77,0.995,0.0,0.07092628521751944,0.5116840065997285,0.20314087047133011
parquet-mr,BSZZ,77,0.995,0.05,0.08736875018065389,0.5270260725173586,0.20314087047133011
parquet-mr,BSZZ,77,0.995,0.1,0.10011297517103253,0.5385919928525688,0.20314087047133011
parquet-mr,BSZZ,77,0.995,0.25,0.10342386856263305,0.552183612484673,0.20314087047133011
parquet-mr,BSZZ,77,0.999,0.0,0.05155359778357467,0.4943745762309618,0.12085587160169244
parquet-mr,BSZZ,77,0.999,0.05,0.06702309459710531,0.5086480992380877,0.12085587160169244
parquet-mr,BSZZ,77,0.999,0.1,0.07973596204395576,0.5196543362471228,0.12085587160169244
parquet-mr,BSZZ,77,0.999,0.25,0.08361149598509318,0.5327835282223927,0.12085587160169244
parquet-mr,BSZZ,101,0.9,0.0,0.10438577011007742,0.46717037209976187,0.32773704536922993
parquet-mr,BSZZ,101,0.9,0.05,0.11969594177526992,0.4850415484384293,0.32773704536922993
parquet-mr,BSZZ,101,0.9,0.1,0.12281057391019247,0.48630043688770547,0.32773704536922993
parquet-mr,BSZZ,101,0.9,0.25,0.1359333937910129,0.49261454494951956,0.32773704536922993
parquet-mr,BSZZ,101,0.95,0.0,0.09506020706342842,0.48643414519686956,0.4252620825468089
parquet-mr,BSZZ,101,0.95,0.05,0.11175534156866732,0.5026746157708527,0.4252620825468089
parquet-mr,BSZZ,101,0.95,0.1,0.11734897189863515,0.5074336927575925,0.4252620825468089
parquet-mr,BSZZ,101,0.95,0.25,0.1261855922222718,0.5133716201718125,0.4252620825468089
parquet-mr,BSZZ,101,0.99,0.0,0.06417688816427192,0.5037070892648016,0.3606059223571119
parquet-mr,BSZZ,101,0.99,0.05,0.0801956985955505,0.5188385676524845,0.3606059223571119
parquet-mr,BSZZ,101,0.99,0.1,0.09119204816818667,0.5293042706196751,0.3606059223571119
parquet-mr,BSZZ,101,0.99,0.25,0.09242199398040997,0.5385854040199769,0.3606059223571119
parquet-mr,BSZZ,101,0.995,0.0,0.04632199023324163,0.4963405397459366,0.256251862234191
parquet-mr,BSZZ,101,0.995,0.05,0.061469492302466726,0.5108750547765251,0.256251862234191
parquet-mr,BSZZ,101,0.995,0.1,0.07276642371502876,0.5215330869641002,0.256251862234191
parquet-mr,BSZZ,101,0.995,0.25,0.07348151316074067,0.5320591314337911,0.256251862234191
parquet-mr,BSZZ,101,0.999,0.0,0.0254835962012101,0.47933867749817105,0.11507987986470533
parquet-mr,BSZZ,101,0.999,0.05,0.03958098766830052,0.49282083741409766,0.11507987986470533
parquet-mr,BSZZ,101,0.999,0.1,0.05076199316172535,0.5029390988523206,0.11507987986470533
parquet-mr,BSZZ,101,0.999,0.25,0.051248071393344745,0.5129617743013624,0.11507987986470533
parquet-mr,BSZZ,123,0.9,0.0,0.11036339829097401,0.4778982208076561,0.3258841599494581
parquet-mr,BSZZ,123,0.9,0.05,0.12598818196568737,0.4963340207625286,0.3258841599494581
parquet-mr,BSZZ,123,0.9,0.1,0.1259875657722022,0.49706987668891867,0.3258841599494581
parquet-mr,BSZZ,123,0.9,0.25,0.1408628632907501,0.5073895631473481,0.3258841599494581
parquet-mr,BSZZ,123,0.95,0.0,0.1027782751763529,0.499340658473678,0.416044335571898
parquet-mr,BSZZ,123,0.95,0.05,0.11987962379279839,0.5162604192201247,0.416044335571898
parquet-mr,BSZZ,123,0.95,0.1,0.1227889488286389,0.5206109138293914,0.416044335571898
parquet-mr,BSZZ,123,0.95,0.25,0.13351772491391575,0.5328566701684576,0.416044335571898
parquet-mr,BSZZ,123,0.99,0.0,0.07494937182546632,0.5103751810105561,0.3383666232358597
parquet-mr,BSZZ,123,0.99,0.05,0.0915351550810183,0.5258576115953838,0.3383666232358597
parquet-mr,BSZZ,123,0.99,0.1,0.10130599106035992,0.5360476059950635,0.3383666232358597
parquet-mr,BSZZ,123,0.99,0.25,0.10284112351907235,0.5500362156528473,0.3383666232358597
parquet-mr,BSZZ,123,0.995,0.0,0.05926935297101279,0.5026777036788186,0.23972658845794467
parquet-mr,BSZZ,123,0.995,0.05,0.0750982951843311,0.5175457536532428,0.23972658845794467
parquet-mr,BSZZ,123,0.995,0.1,0.08557237648084512,0.5280088424074443,0.23972658845794467
parquet-mr,BSZZ,123,0.995,0.25,0.08640961041787258,0.5427341355479605,0.23972658845794467
parquet-mr,BSZZ,123,0.999,0.0,0.04104825374395604,0.48638209824732165,0.11581759599606437
parquet-mr,BSZZ,123,0.999,0.05,0.05596483771329623,0.5002349645184665,0.11581759599606437
parquet-mr,BSZZ,123,0.999,0.1,0.06670172534032415,0.5102784516826931,0.11581759599606437
parquet-mr,BSZZ,123,0.999,0.25,0.06734835653487661,0.5241777644875291,0.11581759599606437
parquet-mr,BSZZ,202,0.9,0.0,0.09927474314389884,0.47549561968119686,0.32588415623522043
parquet-mr,BSZZ,202,0.9,0.05,0.11431591338981877,0.49380496694520315,0.32588415623522043
parquet-mr,BSZZ,202,0.9,0.1,0.11713165505888293,0.4955507119781889,0.32588415623522043
parquet-mr,BSZZ,202,0.9,0.25,0.12561474813502166,0.5000229781482108,0.32588415623522043
parquet-mr,BSZZ,202,0.95,0.0,0.09029308315662549,0.49560052395444476,0.4160443856621518
parquet-mr,BSZZ,202,0.95,0.05,0.1067373164036116,0.5123234355156687,0.4160443856621518
parquet-mr,BSZZ,202,0.95,0.1,0.11205216755774303,0.5176185580437872,0.4160443856621518
parquet-mr,BSZZ,202,0.95,0.25,0.11661141224845849,0.5224257137951321,0.4160443856621518
parquet-mr,BSZZ,202,0.99,0.0,0.060344248362221214,0.504490254298926,0.3438433473234467
parquet-mr,BSZZ,202,0.99,0.05,0.07616134090918134,0.5196629518989312,0.3438433473234467
parquet-mr,BSZZ,202,0.99,0.1,0.08693355949924146,0.5301744539909243,0.3438433473234467
parquet-mr,BSZZ,202,0.99,0.25,0.08497526746878384,0.5370795870530031,0.3438433473234467
parquet-mr,BSZZ,202,0.995,0.0,0.042531828651592135,0.49611476883740296,0.24615507876231285
parquet-mr,BSZZ,202,0.995,0.05,0.05747984853230937,0.510637401188595,0.24615507876231285
parquet-mr,BSZZ,202,0.995,0.1,0.06855513306875154,0.521282230399063,0.24615507876231285
parquet-mr,BSZZ,202,0.995,0.25,0.06641619023483575,0.5294869479108025,0.24615507876231285
parquet-mr,BSZZ,202,0.999,0.0,0.020883577896218874,0.47866975568879827,0.10995585170174285
parquet-mr,BSZZ,202,0.999,0.05,0.034738863136730795,0.49211670919370526,0.10995585170174285
parquet-mr,BSZZ,202,0.999,0.1,0.04565086171173509,0.5021958523974618,0.10995585170174285
parquet-mr,BSZZ,202,0.999,0.25,0.043398093068321944,0.5100887220248438,0.10995585170174285
parquet-mr,BSZZ,314,0.9,0.0,0.1312400986572113,0.5022685049201941,0.32804823571726605
parquet-mr,BSZZ,314,0.9,0.05,0.14796365603541087,0.5219869514073053,0.32804823571726605
parquet-mr,BSZZ,314,0.9,0.1,0.15305237394909388,0.5262979197167528,0.32804823571726605
parquet-mr,BSZZ,314,0.9,0.25,0.17110892907111785,0.5437364349599282,0.32804823571726605
parquet-mr,BSZZ,314,0.95,0.0,0.12188809077200399,0.5196774817807622,0.42923657250693065
parquet-mr,BSZZ,314,0.95,0.05,0.13999521915664162,0.5376676016486344,0.42923657250693065
parquet-mr,BSZZ,314,0.95,0.1,0.14758402012107008,0.5452915302115031,0.42923657250693065
parquet-mr,BSZZ,314,0.95,0.25,0.16243675551936634,0.5627585317194886,0.42923657250693065
parquet-mr,BSZZ,314,0.99,0.0,0.0864764544573955,0.5207433501968558,0.37488565250924444
parquet-mr,BSZZ,314,0.99,0.05,0.10366892627252272,0.5367714738967521,0.37488565250924444
parquet-mr,BSZZ,314,0.99,0.1,0.11644041193677734,0.5488218987039525,0.37488565250924444
parquet-mr,BSZZ,314,0.99,0.25,0.12346038067889487,0.5663025343921346,0.37488565250924444
parquet-mr,BSZZ,314,0.995,0.0,0.06514304673175696,0.5083744578481096,0.2745625180312309
parquet-mr,BSZZ,314,0.995,0.05,0.08128113072195652,0.5235423369893387,0.2745625180312309
parquet-mr,BSZZ,314,0.995,0.1,0.09413805862315837,0.535426180652611,0.2745625180312309
parquet-mr,BSZZ,314,0.995,0.25,0.0999894454954194,0.5528509846155558,0.2745625180312309
parquet-mr,BSZZ,314,0.999,0.0,0.037218081894827726,0.4847643366250991,0.13729778932939565
parquet-mr,BSZZ,314,0.999,0.05,0.051933077872108525,0.498532057547706,0.13729778932939565
parquet-mr,BSZZ,314,0.999,0.1,0.06424331314989618,0.5094348453277062,0.13729778932939565
parquet-mr,BSZZ,314,0.999,0.25,0.06841139024975472,0.52461400619973,0.13729778932939565
parquet-mr,BSZZ,999,0.9,0.0,0.11484222768888804,0.4824994826960877,0.5031729462002744
parquet-mr,BSZZ,999,0.9,0.05,0.13070273922664952,0.5011774543292986,0.5031729462002744
parquet-mr,BSZZ,999,0.9,0.1,0.13096404288099556,0.502182389898287,0.5031729462002744
parquet-mr,BSZZ,999,0.9,0.25,0.1384061888835005,0.5064770578446461,0.5031729462002744
parquet-mr,BSZZ,999,0.95,0.0,0.10376439129890103,0.49853584296300235,0.4148721769244571
parquet-mr,BSZZ,999,0.95,0.05,0.12091764076390164,0.5154132449983609,0.4148721769244571
parquet-mr,BSZZ,999,0.95,0.1,0.12388463340924794,0.5197166743730852,0.4148721769244571
parquet-mr,BSZZ,999,0.95,0.25,0.12603072246842872,0.5240505762799972,0.4148721769244571
parquet-mr,BSZZ,999,0.99,0.0,0.07523081986072626,0.5123240250852729,0.2592697141203569
parquet-mr,BSZZ,999,0.99,0.05,0.0918314161707656,0.5279090264108751,0.2592697141203569
parquet-mr,BSZZ,999,0.99,0.1,0.10161871109953763,0.5382129883003043,0.2592697141203569
parquet-mr,BSZZ,999,0.99,0.25,0.09721297652027508,0.5462417358102151,0.2592697141203569
parquet-mr,BSZZ,999,0.995,0.0,0.06115868192560754,0.5056708793135751,0.2071736817948574
parquet-mr,BSZZ,999,0.995,0.05,0.07708706250495716,0.5206964648477234,0.2071736817948574
parquet-mr,BSZZ,999,0.995,0.1,0.08767163087483928,0.5313345931127293,0.2071736817948574
parquet-mr,BSZZ,999,0.995,0.25,0.08410221935183639,0.5412922741671055,0.2071736817948574
parquet-mr,BSZZ,999,0.999,0.0,0.04504414796570461,0.49079681569435535,0.1134277083372793
parquet-mr,BSZZ,999,0.999,0.05,0.0601710421572421,0.504882035515344,0.1134277083372793
parquet-mr,BSZZ,999,0.999,0.1,0.07114160780893368,0.5151836932905085,0.1134277083372793
parquet-mr,BSZZ,999,0.999,0.25,0.0688619868825706,0.5255873709785377,0.1134277083372793
parquet-mr,AGSZZ,7,0.9,0.0,0.0989253644961642,0.4433489596999216,0.28769367153116565
parquet-mr,AGSZZ,7,0.9,0.05,0.10745499195984011,0.45622961422587166,0.28769367153116565
parquet-mr,AGSZZ,7,0.9,0.1,0.11551528015663315,0.4718488025682703,0.28769367153116565
parquet-mr,AGSZZ,7,0.9,0.25,0.14605619979184684,0.48141906047485905,0.28769367153116565
parquet-mr,AGSZZ,7,0.95,0.0,0.08992268609345813,0.47708890601076204,0.378211042335482
parquet-mr,AGSZZ,7,0.95,0.05,0.0993114422703354,0.4887638025721882,0.378211042335482
parquet-mr,AGSZZ,7,0.95,0.1,0.11047893494217102,0.5041582812120796,0.378211042335482
parquet-mr,AGSZZ,7,0.95,0.25,0.14342725782741822,0.5173923782678452,0.378211042335482
parquet-mr,AGSZZ,7,0.99,0.0,0.04837201301955577,0.4916435191200292,0.3277617167546061
parquet-mr,AGSZZ,7,0.99,0.05,0.056127891780828054,0.5020609178346871,0.3277617167546061
parquet-mr,AGSZZ,7,0.99,0.1,0.06893737365715659,0.5149553002504381,0.3277617167546061
parquet-mr,AGSZZ,7,0.99,0.25,0.10603437526645046,0.5371970668235904,0.3277617167546061
parquet-mr,AGSZZ,7,0.995,0.0,0.01923163410197957,0.48156438214191744,0.23763755311400406
parquet-mr,AGSZZ,7,0.995,0.05,0.025476133941232906,0.4912657952289833,0.23763755311400406
parquet-mr,AGSZZ,7,0.995,0.1,0.03697083628952405,0.5030584286202258,0.23763755311400406
parquet-mr,AGSZZ,7,0.995,0.25,0.07152025566894306,0.5262154768235877,0.23763755311400406
parquet-mr,AGSZZ,7,0.999,0.0,-0.023202144473107277,0.45748410667039524,0.09522102230199989
parquet-mr,AGSZZ,7,0.999,0.05,-0.019180649586988237,0.46578373709346677,0.09522102230199989
parquet-mr,AGSZZ,7,0.999,0.1,-0.00989203597881904,0.4757442132959928,0.09522102230199989
parquet-mr,AGSZZ,7,0.999,0.25,0.018404311882444572,0.4962493064522519,0.09522102230199989
parquet-mr,AGSZZ,13,0.9,0.0,0.05378290567486877,0.4343302264088402,0.6872814406460767
parquet-mr,AGSZZ,13,0.9,0.05,0.05993661425321333,0.4467362107615755,0.6872814406460767
parquet-mr,AGSZZ,13,0.9,0.1,0.06536074336234574,0.46182417137130943,0.6872814406460767
parquet-mr,AGSZZ,13,0.9,0.25,0.09992314692151298,0.47539608210290524,0.6872814406460767
parquet-mr,AGSZZ,13,0.95,0.0,0.036945079841363464,0.45537021076513096,0.61062891031223
parquet-mr,AGSZZ,13,0.95,0.05,0.043545540952341005,0.46590201810310283,0.61062891031223
parquet-mr,AGSZZ,13,0.95,0.1,0.05161452000996395,0.48002500358791844,0.61062891031223
parquet-mr,AGSZZ,13,0.95,0.25,0.08818033459188201,0.49604539229060046,0.61062891031223
parquet-mr,AGSZZ,13,0.99,0.0,-0.014190092038841508,0.4576728301240777,0.3416903925913967
parquet-mr,AGSZZ,13,0.99,0.05,-0.009726955649063809,0.4663022978389488,0.3416903925913967
parquet-mr,AGSZZ,13,0.99,0.1,-0.0005754359650586633,0.4772103272797967,0.3416903925913967
parquet-mr,AGSZZ,13,0.99,0.25,0.03611802256890407,0.49810703386624805,0.3416903925913967
parquet-mr,AGSZZ,13,0.995,0.0,-0.04127817156871008,0.44773587223725153,0.2080836486744741
parquet-mr,AGSZZ,13,0.995,0.05,-0.03821839834370356,0.45565683743459806,0.2080836486744741
parquet-mr,AGSZZ,13,0.995,0.1,-0.030261689852417405,0.46547148953149425,0.2080836486744741
parquet-mr,AGSZZ,13,0.995,0.25,0.0029592940424932783,0.4863863579555277,0.2080836486744741
parquet-mr,AGSZZ,13,0.999,0.0,-0.0799379028513744,0.4262040315508266,0.04466933402305625
parquet-mr,AGSZZ,13,0.999,0.05,-0.07890250051147997,0.43285734223076294,0.04466933402305625
parquet-mr,AGSZZ,13,0.999,0.1,-0.07293123143986494,0.44098888812648385,0.04466933402305625
parquet-mr,AGSZZ,13,0.999,0.25,-0.04648795092122385,0.4590177543406078,0.04466933402305625
parquet-mr,AGSZZ,21,0.9,0.0,0.08422649537898329,0.44179342391257365,0.2879681542163887
parquet-mr,AGSZZ,21,0.9,0.05,0.09198249815228127,0.45459220813392653,0.2879681542163887
parquet-mr,AGSZZ,21,0.9,0.1,0.09900532464657143,0.4700013475882307,0.2879681542163887
parquet-mr,AGSZZ,21,0.9,0.25,0.12113241117247259,0.4754358955798052,0.2879681542163887
parquet-mr,AGSZZ,21,0.95,0.0,0.07230759132615508,0.4700559179519073,0.38343873101834797
parquet-mr,AGSZZ,21,0.95,0.05,0.08076923725212166,0.481360657247078,0.38343873101834797
parquet-mr,AGSZZ,21,0.95,0.1,0.09080299603626048,0.49626000093616773,0.38343873101834797
parquet-mr,AGSZZ,21,0.95,0.25,0.11403082992127328,0.504496202218581,0.38343873101834797
parquet-mr,AGSZZ,21,0.99,0.0,0.03040008269512512,0.4826836108860058,0.33458128406532045
parquet-mr,AGSZZ,21,0.99,0.05,0.03721007038669054,0.49262943548308363,0.33458128406532045
parquet-mr,AGSZZ,21,0.99,0.1,0.04892844198159314,0.5049617632429185,0.33458128406532045
parquet-mr,AGSZZ,21,0.99,0.25,0.07531956518122565,0.5216200166133875,0.33458128406532045
parquet-mr,AGSZZ,21,0.995,0.0,0.007419043154607006,0.4748741184577412,0.23435497152343515
parquet-mr,AGSZZ,21,0.995,0.05,0.013041827680840742,0.4842234124035346,0.23435497152343515
parquet-mr,AGSZZ,21,0.995,0.1,0.0238127802182013,0.49559376161577046,0.23435497152343515
parquet-mr,AGSZZ,21,0.995,0.25,0.049147242820335224,0.5137691444065541,0.23435497152343515
parquet-mr,AGSZZ,21,0.999,0.0,-0.024868119914250426,0.45624647267896756,0.08568822651772362
parquet-mr,AGSZZ,21,0.999,0.05,-0.020934307946086285,0.46448096447091136,0.08568822651772362
parquet-mr,AGSZZ,21,0.999,0.1,-0.01177061744102984,0.47434348949461214,0.08568822651772362
parquet-mr,AGSZZ,21,0.999,0.25,0.009863747224080604,0.49125387192969333,0.08568822651772362
parquet-mr,AGSZZ,42,0.9,0.0,0.04192581676972071,0.41159666264990813,0.6873506581612446
parquet-mr,AGSZZ,42,0.9,0.05,0.047455468037267995,0.42280614364691016,0.6873506581612446
parquet-mr,AGSZZ,42,0.9,0.1,0.05218244934947373,0.43656847251269987,0.6873506581612446
parquet-mr,AGSZZ,42,0.9,0.25,0.07254556927425729,0.4384729358735193,0.6873506581612446
parquet-mr,AGSZZ,42,0.95,0.0,0.02707254225787771,0.4391853972692652,0.612711529799487
parquet-mr,AGSZZ,42,0.95,0.05,0.03315339612761916,0.44886537231798096,0.612711529799487
parquet-mr,AGSZZ,42,0.95,0.1,0.04064544179152608,0.46204327149930524,0.612711529799487
parquet-mr,AGSZZ,42,0.95,0.25,0.062154393847397515,0.46681911646432145,0.612711529799487
parquet-mr,AGSZZ,42,0.99,0.0,-0.016106010682687383,0.45005348550695573,0.3271938499718822
parquet-mr,AGSZZ,42,0.99,0.05,-0.01174371211627,0.4582819350840835,0.3271938499718822
parquet-mr,AGSZZ,42,0.99,0.1,-0.0027048749008913666,0.4687441517914678,0.3271938499718822
parquet-mr,AGSZZ,42,0.99,0.25,0.02216380279260507,0.4821998691376449,0.3271938499718822
parquet-mr,AGSZZ,42,0.995,0.0,-0.032576024589304454,0.44826006680704605,0.17650608768737008
parquet-mr,AGSZZ,42,0.995,0.05,-0.029058243628539742,0.4562086211922765,0.17650608768737008
parquet-mr,AGSZZ,42,0.995,0.1,-0.020593228923013757,0.4660536338037019,0.17650608768737008
parquet-mr,AGSZZ,42,0.995,0.25,0.004308104540022737,0.4822005010092172,0.17650608768737008
parquet-mr,AGSZZ,42,0.999,0.0,-0.05277263689286021,0.4403432414061526,0.030906156645640556
parquet-mr,AGSZZ,42,0.999,0.05,-0.05030748371304395,0.4477407210258429,0.030906156645640556
parquet-mr,AGSZZ,42,0.999,0.1,-0.04274813866743341,0.4566988074468343,0.030906156645640556
parquet-mr,AGSZZ,42,0.999,0.25,-0.019399501381043426,0.4737301189925824,0.030906156645640556
parquet-mr,AGSZZ,77,0.9,0.0,0.029313425664746325,0.39925291922284684,0.6869790179014452
parquet-mr,AGSZZ,77,0.9,0.05,0.03417926687413708,0.4098127295131614,0.6869790179014452
parquet-mr,AGSZZ,77,0.9,0.1,0.03816868145505776,0.4228532020381872,0.6869790179014452
parquet-mr,AGSZZ,77,0.9,0.25,0.051441712257749364,0.4162197198553112,0.6869790179014452
parquet-mr,AGSZZ,77,0.95,0.0,0.010730902622153345,0.42291220928036355,0.6050295883697747
parquet-mr,AGSZZ,77,0.95,0.05,0.015951670195277722,0.4317357007507161,0.6050295883697747
parquet-mr,AGSZZ,77,0.95,0.1,0.022488064418499012,0.4439619515116367,0.6050295883697747
parquet-mr,AGSZZ,77,0.95,0.25,0.036035229628121994,0.4410631333574138,0.6050295883697747
parquet-mr,AGSZZ,77,0.99,0.0,-0.03254976532139361,0.4374150616272497,0.32095326027714677
parquet-mr,AGSZZ,77,0.99,0.05,-0.029052927525434435,0.4449783310001824,0.32095326027714677
parquet-mr,AGSZZ,77,0.99,0.1,-0.02097571338834273,0.4547014585917944,0.32095326027714677
parquet-mr,AGSZZ,77,0.99,0.25,-0.0039923594046775215,0.46211779697419003,0.32095326027714677
parquet-mr,AGSZZ,77,0.995,0.0,-0.05128299892132138,0.4351375036864967,0.1817393250956288
parquet-mr,AGSZZ,77,0.995,0.05,-0.04874979555697861,0.4423953968548561,0.1817393250956288
parquet-mr,AGSZZ,77,0.995,0.1,-0.0413787559585881,0.4514730081142026,0.1817393250956288
parquet-mr,AGSZZ,77,0.995,0.25,-0.02468883714277859,0.4616403153433219,0.1817393250956288
parquet-mr,AGSZZ,77,0.999,0.0,-0.07411963189844514,0.42545836692412575,0.021193553446089607
parquet-mr,AGSZZ,77,0.999,0.05,-0.07277800477155441,0.43207243209739365,0.021193553446089607
parquet-mr,AGSZZ,77,0.999,0.1,-0.06646702200697223,0.44016005802236,0.021193553446089607
parquet-mr,AGSZZ,77,0.999,0.25,-0.051636061996593395,0.4510566505905099,0.021193553446089607
parquet-mr,AGSZZ,101,0.9,0.0,0.10978675983384789,0.4667222867221659,0.2874794880596956
parquet-mr,AGSZZ,101,0.9,0.05,0.11888803968371764,0.4808331163545499,0.2874794880596956
parquet-mr,AGSZZ,101,0.9,0.1,0.12758349719850393,0.49781916592631964,0.2874794880596956
parquet-mr,AGSZZ,101,0.9,0.25,0.15899067878033096,0.5095127814977484,0.2874794880596956
parquet-mr,AGSZZ,101,0.95,0.0,0.10005010806904223,0.49242219511393687,0.3752654518341202
parquet-mr,AGSZZ,101,0.95,0.05,0.10997188645516077,0.5049041068913196,0.3752654518341202
parquet-mr,AGSZZ,101,0.95,0.1,0.12173162602615333,0.5211952691044959,0.3752654518341202
parquet-mr,AGSZZ,101,0.95,0.25,0.15515261291861834,0.5355748644140607,0.3752654518341202
parquet-mr,AGSZZ,101,0.99,0.0,0.05824316120051848,0.5019607692516398,0.3375231803649135
parquet-mr,AGSZZ,101,0.99,0.05,0.06651857407657828,0.5129211811311195,0.3375231803649135
parquet-mr,AGSZZ,101,0.99,0.1,0.07990531608044849,0.5264189115077834,0.3375231803649135
parquet-mr,AGSZZ,101,0.99,0.25,0.11613231020325271,0.5489675106703303,0.3375231803649135
parquet-mr,AGSZZ,101,0.995,0.0,0.028229167693375412,0.49021134432224117,0.25753835085835836
parquet-mr,AGSZZ,101,0.995,0.05,0.0349472219321759,0.5003678606819556,0.25753835085835836
parquet-mr,AGSZZ,101,0.995,0.1,0.046968095835519426,0.512666164376141,0.25753835085835836
parquet-mr,AGSZZ,101,0.995,0.25,0.08028499346528613,0.5357684136985778,0.25753835085835836
parquet-mr,AGSZZ,101,0.999,0.0,-0.01601339495691407,0.46343314242388717,0.11162412553259905
parquet-mr,AGSZZ,101,0.999,0.05,-0.011613544833100642,0.4720458799918795,0.11162412553259905
parquet-mr,AGSZZ,101,0.999,0.1,-0.0019045365163821407,0.482354253022095,0.11162412553259905
parquet-mr,AGSZZ,101,0.999,0.25,0.024726192244825928,0.5022769362239763,0.11162412553259905
parquet-mr,AGSZZ,123,0.9,0.0,0.08155353834928267,0.4519635557919253,0.28797218373112277
parquet-mr,AGSZZ,123,0.9,0.05,0.089168859173649,0.4652976101121915,0.28797218373112277
parquet-mr,AGSZZ,123,0.9,0.1,0.09677957811958811,0.48174177079172625,0.28797218373112277
parquet-mr,AGSZZ,123,0.9,0.25,0.13596776455512055,0.4981856892470187,0.28797218373112277
parquet-mr,AGSZZ,123,0.95,0.0,0.0723249094446625,0.4800171712214591,0.3839982397239217
parquet-mr,AGSZZ,123,0.95,0.05,0.08078746685055051,0.4918461870045009,0.3839982397239217
parquet-mr,AGSZZ,123,0.95,0.1,0.09126328841446783,0.5076867011366427,0.3839982397239217
parquet-mr,AGSZZ,123,0.95,0.25,0.13415289796722735,0.5283174964134266,0.3839982397239217
parquet-mr,AGSZZ,123,0.99,0.0,0.026740679595613187,0.48654593222038744,0.3576093710399071
parquet-mr,AGSZZ,123,0.99,0.05,0.03335806712404638,0.4966950368876958,0.3576093710399071
parquet-mr,AGSZZ,123,0.99,0.1,0.04505737647105308,0.5094378899594694,0.3576093710399071
parquet-mr,AGSZZ,123,0.99,0.25,0.0905093597700783,0.5369522486165984,0.3576093710399071
parquet-mr,AGSZZ,123,0.995,0.0,-0.00665904376501647,0.4717530824716246,0.2636086450735199
parquet-mr,AGSZZ,123,0.995,0.05,-0.0017772111819208153,0.4809381113655172,0.2636086450735199
parquet-mr,AGSZZ,123,0.995,0.1,0.008333202342959081,0.4922786028740337,0.2636086450735199
parquet-mr,AGSZZ,123,0.995,0.25,0.04934095391303539,0.519061794476024,0.2636086450735199
parquet-mr,AGSZZ,123,0.999,0.0,-0.057775692915512954,0.44050197948387676,0.09575541168242463
parquet-mr,AGSZZ,123,0.999,0.05,-0.055573858473731044,0.4479078137392369,0.09575541168242463
parquet-mr,AGSZZ,123,0.999,0.1,-0.04819709059635958,0.4569768772956652,0.09575541168242463
parquet-mr,AGSZZ,123,0.999,0.25,-0.01641947291093773,0.4789319631110347,0.09575541168242463
parquet-mr,AGSZZ,202,0.9,0.0,0.0481356163724886,0.4173149346193732,0.6869195975214374
parquet-mr,AGSZZ,202,0.9,0.05,0.0539920991980763,0.42882537729897857,0.6869195975214374
parquet-mr,AGSZZ,202,0.9,0.1,0.05890434797268843,0.4428030261513412,0.6869195975214374
parquet-mr,AGSZZ,202,0.9,0.25,0.0730730861503188,0.4428166076636891,0.6869195975214374
parquet-mr,AGSZZ,202,0.95,0.0,0.03280734716868649,0.44175326211425625,0.6034482187194858
parquet-mr,AGSZZ,202,0.95,0.05,0.039190032875838936,0.4515683879442874,0.6034482187194858
parquet-mr,AGSZZ,202,0.95,0.1,0.04691383586129538,0.46481260556099996,0.6034482187194858
parquet-mr,AGSZZ,202,0.95,0.25,0.06137149120960417,0.4667568808117406,0.6034482187194858
parquet-mr,AGSZZ,202,0.99,0.0,-0.0066246839616155295,0.4546981383640864,0.3083879873683058
parquet-mr,AGSZZ,202,0.99,0.05,-0.0017633681993522565,0.4631710433547474,0.3083879873683058
parquet-mr,AGSZZ,202,0.99,0.1,0.007789812362992434,0.47386679377411906,0.3083879873683058
parquet-mr,AGSZZ,202,0.99,0.25,0.025945716267229454,0.4842997694405885,0.3083879873683058
parquet-mr,AGSZZ,202,0.995,0.0,-0.022580939291077826,0.4524911318622798,0.17458440728796626
parquet-mr,AGSZZ,202,0.995,0.05,-0.018537101209353812,0.4606623738819962,0.17458440728796626
parquet-mr,AGSZZ,202,0.995,0.1,-0.009520533610337403,0.4707237765097022,0.17458440728796626
parquet-mr,AGSZZ,202,0.995,0.25,0.009139494825305423,0.48391870253776337,0.17458440728796626
parquet-mr,AGSZZ,202,0.999,0.0,-0.04168224583117021,0.44357443933282364,0.03665829540722897
parquet-mr,AGSZZ,202,0.999,0.05,-0.03863338785863343,0.4511419820012862,0.03665829540722897
parquet-mr,AGSZZ,202,0.999,0.1,-0.030452979570940716,0.4602634524433412,0.03665829540722897
parquet-mr,AGSZZ,202,0.999,0.25,-0.012562660173783585,0.47435150182999825,0.03665829540722897
parquet-mr,AGSZZ,314,0.9,0.0,0.06726851804378953,0.41870464547013275,0.6872966139195568
parquet-mr,AGSZZ,314,0.9,0.05,0.07413199569418255,0.430288230826094,0.6872966139195568
parquet-mr,AGSZZ,314,0.9,0.1,0.08034100632066131,0.44446623120183826,0.6872966139195568
parquet-mr,AGSZZ,314,0.9,0.25,0.10561136837271033,0.44923809703537143,0.6872966139195568
parquet-mr,AGSZZ,314,0.95,0.0,0.05070728482190512,0.4433457766076927,0.6117562168036521
parquet-mr,AGSZZ,314,0.95,0.05,0.0580320725108059,0.45324471899000995,0.6117562168036521
parquet-mr,AGSZZ,314,0.95,0.1,0.06690626686266764,0.4666659152086691,0.6117562168036521
parquet-mr,AGSZZ,314,0.95,0.25,0.09253348002290535,0.4733192546841099,0.6117562168036521
parquet-mr,AGSZZ,314,0.99,0.0,0.0013389061832926779,0.4588550653294611,0.36354253133188114
parquet-mr,AGSZZ,314,0.99,0.05,0.006619358268972169,0.46754675594987866,0.36354253133188114
parquet-mr,AGSZZ,314,0.99,0.1,0.016678366061308698,0.47852368492758485,0.36354253133188114
parquet-mr,AGSZZ,314,0.99,0.25,0.04431612597634716,0.49408578634240224,0.36354253133188114
parquet-mr,AGSZZ,314,0.995,0.0,-0.023301017416425724,0.45271494203450313,0.23089527141632446
parquet-mr,AGSZZ,314,0.995,0.05,-0.019295078183404236,0.46089796353696827,0.23089527141632446
parquet-mr,AGSZZ,314,0.995,0.1,-0.010287665397592936,0.47100349516754314,0.23089527141632446
parquet-mr,AGSZZ,314,0.995,0.25,0.015771574545782287,0.48830527011177643,0.23089527141632446
parquet-mr,AGSZZ,314,0.999,0.0,-0.05522006763844446,0.436038080222787,0.05985307668047
parquet-mr,AGSZZ,314,0.999,0.05,-0.05288372660313264,0.443208972411774,0.05985307668047
parquet-mr,AGSZZ,314,0.999,0.1,-0.04546750616252703,0.45191529502087263,0.05985307668047
parquet-mr,AGSZZ,314,0.999,0.25,-0.023345875543608226,0.46816919048889305,0.05985307668047
parquet-mr,AGSZZ,999,0.9,0.0,0.10461665934629412,0.46519058351174364,0.28747948950466556
parquet-mr,AGSZZ,999,0.9,0.05,0.11344582864418741,0.47922079718568433,0.28747948950466556
parquet-mr,AGSZZ,999,0.9,0.1,0.12166106238802792,0.49599819158730835,0.28747948950466556
parquet-mr,AGSZZ,999,0.9,0.25,0.15497344219643241,0.5119533838203818,0.28747948950466556
parquet-mr,AGSZZ,999,0.95,0.0,0.09209918560417212,0.48857046698386747,0.3752742525169157
parquet-mr,AGSZZ,999,0.95,0.05,0.10160249438687644,0.5008496562280885,0.3752742525169157
parquet-mr,AGSZZ,999,0.95,0.1,0.11279365634516833,0.5168317220827902,0.3752742525169157
parquet-mr,AGSZZ,999,0.95,0.25,0.14754814396841404,0.5336115733040024,0.3752742525169157
parquet-mr,AGSZZ,999,0.99,0.0,0.04449521664436681,0.4950956980489794,0.33407023443145095
parquet-mr,AGSZZ,999,0.99,0.05,0.05204705349115548,0.5056947903914769,0.33407023443145095
parquet-mr,AGSZZ,999,0.99,0.1,0.06458970192519504,0.518752971201778,0.33407023443145095
parquet-mr,AGSZZ,999,0.99,0.25,0.10356492675290395,0.5422902332217018,0.33407023443145095
parquet-mr,AGSZZ,999,0.995,0.0,0.014763316087070695,0.4836508080281907,0.24870417408231332
parquet-mr,AGSZZ,999,0.995,0.05,0.02077264129396042,0.4934620330040077,0.24870417408231332
parquet-mr,AGSZZ,999,0.995,0.1,0.031973083476494295,0.5053456389162699,0.24870417408231332
parquet-mr,AGSZZ,999,0.995,0.25,0.06863752773690879,0.52959051996211,0.24870417408231332
parquet-mr,AGSZZ,999,0.999,0.0,-0.02910349373446009,0.4582411672468196,0.10013074328084094
parquet-mr,AGSZZ,999,0.999,0.05,-0.025392596177885935,0.4665806429633872,0.10013074328084094
parquet-mr,AGSZZ,999,0.999,0.1,-0.016476588352373908,0.47655981679222564,0.10013074328084094
parquet-mr,AGSZZ,999,0.999,0.25,0.013851891426035405,0.4979586932853132,0.10013074328084094
parquet-mr,MASZZ,7,0.9,0.0,0.07781398396685087,0.4429452269593898,0.6869195519043882
parquet-mr,MASZZ,7,0.9,0.05,0.08523248613951027,0.45580463239373303,0.6869195519043882
parquet-mr,MASZZ,7,0.9,0.1,0.09205819067961836,0.4714002106343462,0.6869195519043882
parquet-mr,MASZZ,7,0.9,0.25,0.11937469560635308,0.4795878635112672,0.6869195519043882
parquet-mr,MASZZ,7,0.95,0.0,0.06176225257246225,0.4668584136726152,0.6034267610603876
parquet-mr,MASZZ,7,0.95,0.05,0.0696688806692871,0.4779948632688757,0.6034267610603876
parquet-mr,MASZZ,7,0.95,0.1,0.07918956436328668,0.4927910675030275,0.6034267610603876
parquet-mr,MASZZ,7,0.95,0.25,0.10746523015118932,0.503188559853551,0.6034267610603876
parquet-mr,MASZZ,7,0.99,0.0,0.01731883795247226,0.4773096954404837,0.318053336515214
parquet-mr,MASZZ,7,0.99,0.05,0.023440339078634888,0.486972682382534,0.318053336515214
parquet-mr,MASZZ,7,0.99,0.1,0.034433845804841566,0.49902882949538774,0.318053336515214
parquet-mr,MASZZ,7,0.99,0.25,0.06641334901932638,0.5183255499775377,0.318053336515214
parquet-mr,MASZZ,7,0.995,0.0,-0.0038091792040906704,0.4703900115795796,0.201293383620324
parquet-mr,MASZZ,7,0.995,0.05,0.001222646250632668,0.4795032999002066,0.201293383620324
parquet-mr,MASZZ,7,0.995,0.1,0.011369932616112683,0.49064246132873923,0.201293383620324
parquet-mr,MASZZ,7,0.995,0.25,0.04247474427391288,0.5115710748235955,0.201293383620324
parquet-mr,MASZZ,7,0.999,0.0,-0.03582933706849995,0.45183898844905723,0.06774326533418956
parquet-mr,MASZZ,7,0.999,0.05,-0.032472431266348946,0.45984150738679525,0.06774326533418956
parquet-mr,MASZZ,7,0.999,0.1,-0.023922249973699797,0.4694718597167284,0.06774326533418956
parquet-mr,MASZZ,7,0.999,0.25,0.0030888566100145823,0.4889810583529683,0.06774326533418956
parquet-mr,MASZZ,13,0.9,0.0,0.04530292420223223,0.422167176068728,0.6872913071550637
parquet-mr,MASZZ,13,0.9,0.05,0.0510103179662275,0.43393299987724687,0.6872913071550637
parquet-mr,MASZZ,13,0.9,0.1,0.05593854172608294,0.44830967099340696,0.6872913071550637
parquet-mr,MASZZ,13,0.9,0.25,0.09311282932071431,0.4619751617543904,0.6872913071550637
parquet-mr,MASZZ,13,0.95,0.0,0.028199362799806487,0.4428602845820378,0.611254730996903
parquet-mr,MASZZ,13,0.95,0.05,0.034339523013859986,0.45273367475247833,0.611254730996903
parquet-mr,MASZZ,13,0.95,0.1,0.04189705663045622,0.46612508560670374,0.611254730996903
parquet-mr,MASZZ,13,0.95,0.25,0.07966129542932296,0.4813818180297776,0.611254730996903
parquet-mr,MASZZ,13,0.99,0.0,-0.024558511468613656,0.446297239184857,0.3455474386036039
parquet-mr,MASZZ,13,0.99,0.05,-0.02064108136461344,0.45432799158713744,0.3455474386036039
parquet-mr,MASZZ,13,0.99,0.1,-0.012095901998138824,0.4645707817917736,0.3455474386036039
parquet-mr,MASZZ,13,0.99,0.25,0.024348464387722278,0.4841976940467935,0.3455474386036039
parquet-mr,MASZZ,13,0.995,0.0,-0.050453553266724536,0.43832638443979405,0.20491097044661116
parquet-mr,MASZZ,13,0.995,0.05,-0.047876694867929295,0.4457521134372744,0.20491097044661116
parquet-mr,MASZZ,13,0.995,0.1,-0.0404565584057668,0.4550165030898748,0.20491097044661116
parquet-mr,MASZZ,13,0.995,0.25,-0.00749053630437924,0.47490078653425283,0.20491097044661116
parquet-mr,MASZZ,13,0.999,0.0,-0.08585158685655285,0.41984155133278833,0.03547216470683203
parquet-mr,MASZZ,13,0.999,0.05,-0.08512743104324674,0.42615999463282794,0.03547216470683203
parquet-mr,MASZZ,13,0.999,0.1,-0.07950199144561877,0.43391946566199685,0.03547216470683203
parquet-mr,MASZZ,13,0.999,0.25,-0.052828041484526994,0.4514171168190693,0.03547216470683203
parquet-mr,MASZZ,21,0.9,0.0,0.08639156798948715,0.4362698376288698,0.3282522639831597
parquet-mr,MASZZ,21,0.9,0.05,0.09426152195281162,0.4487779067826592,0.3282522639831597
parquet-mr,MASZZ,21,0.9,0.1,0.10141096088046461,0.46386402949522637,0.3282522639831597
parquet-mr,MASZZ,21,0.9,0.25,0.12653661165944347,0.4699831074548513,0.3282522639831597
parquet-mr,MASZZ,21,0.95,0.0,0.07617377842947476,0.46885803764183215,0.4334888768278099
parquet-mr,MASZZ,21,0.95,0.05,0.08483890788719502,0.4800997306048935,0.4334888768278099
parquet-mr,MASZZ,21,0.95,0.1,0.09509875948439345,0.494929022813862,0.4334888768278099
parquet-mr,MASZZ,21,0.95,0.25,0.12138131771538459,0.5042936790584592,0.4334888768278099
parquet-mr,MASZZ,21,0.99,0.0,0.03257444942938678,0.4830310730690564,0.3578752098769238
parquet-mr,MASZZ,21,0.99,0.05,0.03949887747538703,0.4929951851494527,0.3578752098769238
parquet-mr,MASZZ,21,0.99,0.1,0.051344405019661664,0.505347832335197,0.3578752098769238
parquet-mr,MASZZ,21,0.99,0.25,0.07893716575442469,0.5226096273516596,0.3578752098769238
parquet-mr,MASZZ,21,0.995,0.0,0.006220409920923485,0.4730321458025453,0.2518483029322581
parquet-mr,MASZZ,21,0.995,0.05,0.011780108487489673,0.4822844938191179,0.2518483029322581
parquet-mr,MASZZ,21,0.995,0.1,0.022480965514108504,0.4935471253322196,0.2518483029322581
parquet-mr,MASZZ,21,0.995,0.25,0.047953965833576286,0.5116208066759594,0.2518483029322581
parquet-mr,MASZZ,21,0.999,0.0,-0.03179695573841025,0.45001127078489517,0.09175111112283373
parquet-mr,MASZZ,21,0.999,0.05,-0.02822781933993874,0.45791759405609833,0.09175111112283373
parquet-mr,MASZZ,21,0.999,0.1,-0.019469323912318533,0.46741548739008737,0.09175111112283373
parquet-mr,MASZZ,21,0.999,0.25,0.0008188861213202233,0.48309019050857216,0.09175111112283373
parquet-mr,MASZZ,42,0.9,0.0,0.053555375446852974,0.40981930576151193,0.6873506551304216
parquet-mr,MASZZ,42,0.9,0.05,0.05969710875003881,0.4209352416591246,0.6873506551304216
parquet-mr,MASZZ,42,0.9,0.1,0.06510418121295401,0.43459363152559294,0.6873506551304216
parquet-mr,MASZZ,42,0.9,0.25,0.08902832420344947,0.43701571955758683,0.6873506551304216
parquet-mr,MASZZ,42,0.95,0.0,0.039050461909842155,0.438448301189499,0.6127051634502214
parquet-mr,MASZZ,42,0.95,0.05,0.045761732603371214,0.4480894817077008,0.6127051634502214
parquet-mr,MASZZ,42,0.95,0.1,0.0539542414048199,0.4612242758551206,0.6127051634502214
parquet-mr,MASZZ,42,0.95,0.25,0.07911917293919528,0.4665508310823052,0.6127051634502214
parquet-mr,MASZZ,42,0.99,0.0,-0.007171596306114341,0.45288456957439627,0.34239461780493285
parquet-mr,MASZZ,42,0.99,0.05,-0.002339065404087851,0.4612620235761262,0.34239461780493285
parquet-mr,MASZZ,42,0.99,0.1,0.007222252184189794,0.47188980075529063,0.34239461780493285
parquet-mr,MASZZ,42,0.99,0.25,0.03459525549347473,0.4863681733342439,0.34239461780493285
parquet-mr,MASZZ,42,0.995,0.0,-0.028651482939571267,0.4482226513099429,0.20161626791572135
parquet-mr,MASZZ,42,0.995,0.05,-0.024927147155136394,0.45616923645848373,0.20161626791572135
parquet-mr,MASZZ,42,0.995,0.1,-0.01623262708997688,0.4660120610291429,0.20161626791572135
parquet-mr,MASZZ,42,0.995,0.25,0.009908241631166863,0.4824373879359758,0.20161626791572135
parquet-mr,MASZZ,42,0.999,0.0,-0.0572363439553024,0.4337237683037881,0.045566533544730614
parquet-mr,MASZZ,42,0.999,0.05,-0.055006122726141006,0.4407728546023015,0.045566533544730614
parquet-mr,MASZZ,42,0.999,0.1,-0.04770781318125808,0.4493438373330961,0.045566533544730614
parquet-mr,MASZZ,42,0.999,0.25,-0.025101034501147812,0.4651035121694196,0.045566533544730614
parquet-mr,MASZZ,77,0.9,0.0,0.056579937687289895,0.4281016617849458,0.28796657401339804
parquet-mr,MASZZ,77,0.9,0.05,0.06288085847681453,0.44017982694694974,0.28796657401339804
parquet-mr,MASZZ,77,0.9,0.1,0.06846480592455062,0.4549073604405193,0.28796657401339804
parquet-mr,MASZZ,77,0.9,0.25,0.08635594318248475,0.4532597524760124,0.28796657401339804
parquet-mr,MASZZ,77,0.95,0.0,0.04174963802665773,0.4528379291639181,0.3829960249930926
parquet-mr,MASZZ,77,0.95,0.05,0.04860297062107183,0.4632364585228787,0.3829960249930926
parquet-mr,MASZZ,77,0.95,0.1,0.05695332597905945,0.47721275138225283,0.3829960249930926
parquet-mr,MASZZ,77,0.95,0.25,0.07681169411353225,0.4804917998184202,0.3829960249930926
parquet-mr,MASZZ,77,0.99,0.0,-0.002989065044937424,0.4607974270925532,0.3109909590613578
parquet-mr,MASZZ,77,0.99,0.05,0.0020635990813615457,0.46959134727944934,0.3109909590613578
parquet-mr,MASZZ,77,0.99,0.1,0.01186950914105303,0.4806818646643539,0.3109909590613578
parquet-mr,MASZZ,77,0.99,0.25,0.036403163425350195,0.4937784145717165,0.3109909590613578
parquet-mr,MASZZ,77,0.995,0.0,-0.023570799102215576,0.45583447975392954,0.19578141327102971
parquet-mr,MASZZ,77,0.995,0.05,-0.01957905890528829,0.46418168745215405,0.19578141327102971
parquet-mr,MASZZ,77,0.995,0.1,-0.010587422826248326,0.4744696481891282,0.19578141327102971
parquet-mr,MASZZ,77,0.995,0.25,0.013466905500365558,0.48982016240053516,0.19578141327102971
parquet-mr,MASZZ,77,0.999,0.0,-0.05064468520605079,0.4420705102853894,0.0488983524296787
parquet-mr,MASZZ,77,0.999,0.05,-0.048067534569034044,0.44955889879346067,0.0488983524296787
parquet-mr,MASZZ,77,0.999,0.1,-0.04038374790431183,0.45861799509043083,0.0488983524296787
parquet-mr,MASZZ,77,0.999,0.25,-0.019012238845280936,0.47382683929312747,0.0488983524296787
parquet-mr,MASZZ,101,0.9,0.0,0.04074995465943546,0.39742750866328963,0.28796649164935467
parquet-mr,MASZZ,101,0.9,0.05,0.046217718447494054,0.40789124471362753,0.28796649164935467
parquet-mr,MASZZ,101,0.9,0.1,0.050875935893601225,0.42082496808312375,0.28796649164935467
parquet-mr,MASZZ,101,0.9,0.25,0.0649328519190658,0.41592545862733754,0.28796649164935467
parquet-mr,MASZZ,101,0.95,0.0,0.024975321375028288,0.42699145703907654,0.3827687385310479
parquet-mr,MASZZ,101,0.95,0.05,0.030945795198303996,0.43602964575988773,0.3827687385310479
parquet-mr,MASZZ,101,0.95,0.1,0.03831519636613785,0.4484944490213179,0.3827687385310479
parquet-mr,MASZZ,101,0.95,0.25,0.05309993993682792,0.4471187143937692,0.3827687385310479
parquet-mr,MASZZ,101,0.99,0.0,-0.01818768213725159,0.4463019264787751,0.2763917612701113
parquet-mr,MASZZ,101,0.99,0.05,-0.013934945226337583,0.45433292558073546,0.2763917612701113
parquet-mr,MASZZ,101,0.99,0.1,-0.005017843183740499,0.46457575287126707,0.2763917612701113
parquet-mr,MASZZ,101,0.99,0.25,0.013152361424691323,0.4739422654028109,0.2763917612701113
parquet-mr,MASZZ,101,0.995,0.0,-0.03357941162067405,0.4459083777727039,0.15413687235861762
parquet-mr,MASZZ,101,0.995,0.05,-0.030114440503665626,0.45373315905086364,0.15413687235861762
parquet-mr,MASZZ,101,0.995,0.1,-0.021708103402313297,0.46344064598776613,0.15413687235861762
parquet-mr,MASZZ,101,0.995,0.25,-0.002936986976704177,0.4760576010608303,0.15413687235861762
parquet-mr,MASZZ,101,0.999,0.0,-0.051752182696845214,0.4390868133042434,0.0229172841386432
parquet-mr,MASZZ,101,0.999,0.05,-0.049233321401449225,0.44641816512909643,0.0229172841386432
parquet-mr,MASZZ,101,0.999,0.1,-0.04161430067186119,0.45530277622249077,0.0229172841386432
parquet-mr,MASZZ,101,0.999,0.25,-0.023526681745912915,0.4693271260752808,0.0229172841386432
parquet-mr,MASZZ,123,0.9,0.0,0.08082902786619464,0.4503002979362165,0.2876880018138639
parquet-mr,MASZZ,123,0.9,0.05,0.08840621655987214,0.46354681236934,0.2876880018138639
parquet-mr,MASZZ,123,0.9,0.1,0.09597456647171253,0.4798937065076052,0.2876880018138639
parquet-mr,MASZZ,123,0.9,0.25,0.137352982563828,0.49678947925508604,0.2876880018138639
parquet-mr,MASZZ,123,0.95,0.0,0.06774504347137901,0.4774690397692663,0.3770815031914442
parquet-mr,MASZZ,123,0.95,0.05,0.0759665552997258,0.48916394337061364,0.3770815031914442
parquet-mr,MASZZ,123,0.95,0.1,0.08617454844415286,0.5048554439675397,0.3770815031914442
parquet-mr,MASZZ,123,0.95,0.25,0.13067333564274505,0.5261395708204974,0.3770815031914442
parquet-mr,MASZZ,123,0.99,0.0,0.021342804467408667,0.48556109711998346,0.2874975086658765
parquet-mr,MASZZ,123,0.99,0.05,0.02767609330488374,0.4956583683609548,0.2874975086658765
parquet-mr,MASZZ,123,0.99,0.1,0.039059737439714734,0.5083436287367984,0.2874975086658765
parquet-mr,MASZZ,123,0.99,0.25,0.08492993697961074,0.5362782247567744,0.2874975086658765
parquet-mr,MASZZ,123,0.995,0.0,-0.006996870061691458,0.4727428664898916,0.1996519839911834
parquet-mr,MASZZ,123,0.995,0.05,-0.0021328178099997365,0.4819799892794823,0.1996519839911834
parquet-mr,MASZZ,123,0.995,0.1,0.007957839791097984,0.4933783628943303,0.1996519839911834
parquet-mr,MASZZ,123,0.995,0.25,0.050079905759566695,0.5207266702235596,0.1996519839911834
parquet-mr,MASZZ,123,0.999,0.0,-0.053230518642498975,0.4432484434797027,0.07422738369483746
parquet-mr,MASZZ,123,0.999,0.05,-0.05078946450213739,0.4507988284716852,0.07422738369483746
parquet-mr,MASZZ,123,0.999,0.1,-0.04314689695967738,0.460028503957694,0.07422738369483746
parquet-mr,MASZZ,123,0.999,0.25,-0.009508588214944026,0.4827298698824991,0.07422738369483746
parquet-mr,MASZZ,202,0.9,0.0,0.09936501722041138,0.45569368548356176,0.6869843836449644
parquet-mr,MASZZ,202,0.9,0.05,0.10791778430115292,0.46922406241917713,0.6869843836449644
parquet-mr,MASZZ,202,0.9,0.1,0.11582590447038041,0.48544608266710626,0.6869843836449644
parquet-mr,MASZZ,202,0.9,0.25,0.14677788214497228,0.49651731872439964,0.6869843836449644
parquet-mr,MASZZ,202,0.95,0.0,0.08625714421071352,0.4793779232572832,0.6055847769648326
parquet-mr,MASZZ,202,0.95,0.05,0.09545297713060426,0.4911732944106315,0.6055847769648326
parquet-mr,MASZZ,202,0.95,0.1,0.10630249924132543,0.5066177846088077,0.6055847769648326
parquet-mr,MASZZ,202,0.95,0.25,0.13819421121520684,0.5193582141281444,0.6055847769648326
parquet-mr,MASZZ,202,0.99,0.0,0.0383713156910622,0.48647278371086283,0.3403040689648614
parquet-mr,MASZZ,202,0.99,0.05,0.04560084196136113,0.49661803845661723,0.3403040689648614
parquet-mr,MASZZ,202,0.99,0.1,0.057785367532634344,0.5091719552705374,0.3403040689648614
parquet-mr,MASZZ,202,0.99,0.25,0.08983920106966684,0.5284449981450894,0.3403040689648614
parquet-mr,MASZZ,202,0.995,0.0,0.012235996173286126,0.47687536583105583,0.22088993871749482
parquet-mr,MASZZ,202,0.995,0.05,0.01811230454260824,0.486329988585971,0.22088993871749482
parquet-mr,MASZZ,202,0.995,0.1,0.029164950238955878,0.4978173698083423,0.22088993871749482
parquet-mr,MASZZ,202,0.995,0.25,0.05884078103917905,0.5178731290260521,0.22088993871749482
parquet-mr,MASZZ,202,0.999,0.0,-0.02439903586890304,0.45509869616836723,0.08129862915661881
parquet-mr,MASZZ,202,0.999,0.05,-0.02044053526677325,0.46327277867027944,0.08129862915661881
parquet-mr,MASZZ,202,0.999,0.1,-0.011249412946199409,0.4730681822606119,0.08129862915661881
parquet-mr,MASZZ,202,0.999,0.25,0.013198553378020377,0.4908727712235577,0.08129862915661881
parquet-mr,MASZZ,314,0.9,0.0,0.04373005997454662,0.41223546128108696,0.2877321380482663
parquet-mr,MASZZ,314,0.9,0.05,0.04935467141076897,0.4234785632586773,0.2877321380482663
parquet-mr,MASZZ,314,0.9,0.1,0.05418716402150251,0.4372782487695651,0.2877321380482663
parquet-mr,MASZZ,314,0.9,0.25,0.07520647138852828,0.4386712275507629,0.2877321380482663
parquet-mr,MASZZ,314,0.95,0.0,0.031043232795552492,0.44031462501710145,0.3784682142103765
parquet-mr,MASZZ,314,0.95,0.05,0.03733307037780316,0.45005403310517705,0.3784682142103765
parquet-mr,MASZZ,314,0.95,0.1,0.045057320166720295,0.4632979689969011,0.3784682142103765
parquet-mr,MASZZ,314,0.95,0.25,0.06765027091541133,0.46835112643225973,0.3784682142103765
parquet-mr,MASZZ,314,0.99,0.0,-0.010562875874999714,0.45540968901316764,0.2828515295002232
parquet-mr,MASZZ,314,0.99,0.05,-0.005908833371335609,0.46392004403799086,0.2828515295002232
parquet-mr,MASZZ,314,0.99,0.1,0.003454163774317139,0.47469548902059217,0.2828515295002232
parquet-mr,MASZZ,314,0.99,0.25,0.030004147471649756,0.4895229981285017,0.2828515295002232
parquet-mr,MASZZ,314,0.995,0.0,-0.030643296624369615,0.450475700789184,0.17228287745343726
parquet-mr,MASZZ,314,0.995,0.05,-0.027023793139134653,0.45854086748926387,0.17228287745343726
parquet-mr,MASZZ,314,0.995,0.1,-0.01844575340641949,0.4685154493394108,0.17228287745343726
parquet-mr,MASZZ,314,0.995,0.25,0.007435373535808379,0.48538333555193985,0.17228287745343726
parquet-mr,MASZZ,314,0.999,0.0,-0.05808525146924302,0.43617507713369125,0.036520929359690056
parquet-mr,MASZZ,314,0.999,0.05,-0.05589970958292059,0.44335317968641,0.036520929359690056
parquet-mr,MASZZ,314,0.999,0.1,-0.04865104375230319,0.45206751381076615,0.036520929359690056
parquet-mr,MASZZ,314,0.999,0.25,-0.02585345395046678,0.46843914262572894,0.036520929359690056
parquet-mr,MASZZ,999,0.9,0.0,0.056563372451965334,0.4260453290834491,0.2880105964711894
parquet-mr,MASZZ,999,0.9,0.05,0.0628634213869992,0.43801526620853226,0.2880105964711894
parquet-mr,MASZZ,999,0.9,0.1,0.06826852139432926,0.45250346444475886,0.2880105964711894
parquet-mr,MASZZ,999,0.9,0.25,0.09561341547525465,0.4623069410923411,0.2880105964711894
parquet-mr,MASZZ,999,0.95,0.0,0.04358486243974007,0.45129102437522145,0.38414212759003785
parquet-mr,MASZZ,999,0.95,0.05,0.05053478579273744,0.46160813769267167,0.38414212759003785
parquet-mr,MASZZ,999,0.95,0.1,0.0588888528291327,0.4754101191842945,0.38414212759003785
parquet-mr,MASZZ,999,0.95,0.25,0.08750121640125341,0.4861038824639418,0.38414212759003785
parquet-mr,MASZZ,999,0.99,0.0,-0.005090938053771908,0.45875783948823773,0.27886154854789236
parquet-mr,MASZZ,999,0.99,0.05,-0.0001488988226747567,0.4674444129591172,0.27886154854789236
parquet-mr,MASZZ,999,0.99,0.1,0.009493974482818673,0.478377572800954,0.27886154854789236
parquet-mr,MASZZ,999,0.99,0.25,0.0409160778855017,0.4955145783112111,0.27886154854789236
parquet-mr,MASZZ,999,0.995,0.0,-0.024527523196823026,0.45443532837061185,0.1547031286684536
parquet-mr,MASZZ,999,0.995,0.05,-0.020586136899611925,0.4627088965223457,0.1547031286684536
parquet-mr,MASZZ,999,0.995,0.1,-0.011683404616720959,0.4728839948522934,0.1547031286684536
parquet-mr,MASZZ,999,0.995,0.25,0.019218006596151006,0.49203491961735174,0.1547031286684536
parquet-mr,MASZZ,999,0.999,0.0,-0.049233015594805675,0.4422435541639542,0.031133878568521768
parquet-mr,MASZZ,999,0.999,0.05,-0.04658156655719707,0.4497410502445815,0.031133878568521768
parquet-mr,MASZZ,999,0.999,0.1,-0.038842723752757886,0.45878469114459736,0.031133878568521768
parquet-mr,MASZZ,999,0.999,0.25,-0.010489375328493252,0.47778131178974487,0.031133878568521768
parquet-mr,LSZZ,7,0.9,0.0,0.1440756415398064,0.5078704942251285,0.47887638740529037
parquet-mr,LSZZ,7,0.9,0.05,0.15498159937420034,0.5241470189892473,0.47887638740529037
parquet-mr,LSZZ,7,0.9,0.1,0.16442451281794765,0.5402559268686206,0.47887638740529037
parquet-mr,LSZZ,7,0.9,0.25,0.19839412989876315,0.568591223792774,0.47887638740529037
parquet-mr,LSZZ,7,0.95,0.0,0.13583042803567466,0.5358327677433442,0.497039274256336
parquet-mr,LSZZ,7,0.95,0.05,0.1476353811568791,0.5505994465012222,0.497039274256336
parquet-mr,LSZZ,7,0.95,0.1,0.1599988832749626,0.5673658892712642,0.497039274256336
parquet-mr,LSZZ,7,0.95,0.25,0.19581500376128835,0.5919553689854024,0.497039274256336
parquet-mr,LSZZ,7,0.99,0.0,0.09050660848521974,0.5367689848710234,0.3917888132221065
parquet-mr,LSZZ,7,0.99,0.05,0.10048009753415856,0.5495614080988916,0.3917888132221065
parquet-mr,LSZZ,7,0.99,0.1,0.11508248898651978,0.5644461814134668,0.3917888132221065
parquet-mr,LSZZ,7,0.99,0.25,0.15596542442134217,0.5931626992423421,0.3917888132221065
parquet-mr,LSZZ,7,0.995,0.0,0.06192462292141031,0.5210207735165429,0.3005196567401379
parquet-mr,LSZZ,7,0.995,0.05,0.07041612217221262,0.5327988387812205,0.3005196567401379
parquet-mr,LSZZ,7,0.995,0.1,0.08385288370369376,0.5463737187708985,0.3005196567401379
parquet-mr,LSZZ,7,0.995,0.25,0.12284586517575406,0.5747416355071905,0.3005196567401379
parquet-mr,LSZZ,7,0.999,0.0,0.016548767871659154,0.4894203155700416,0.15897730283381561
parquet-mr,LSZZ,7,0.999,0.05,0.022662416039081697,0.4994007990930946,0.15897730283381561
parquet-mr,LSZZ,7,0.999,0.1,0.03380562661342371,0.5107917640862414,0.15897730283381561
parquet-mr,LSZZ,7,0.999,0.25,0.06640126266200157,0.5349093850393325,0.15897730283381561
parquet-mr,LSZZ,13,0.9,0.0,0.14067831277706955,0.49481415833870546,0.47849390976631073
parquet-mr,LSZZ,13,0.9,0.05,0.15140546383447728,0.5104035075298547,0.47849390976631073
parquet-mr,LSZZ,13,0.9,0.1,0.16029187152218535,0.5255423650395638,0.47849390976631073
parquet-mr,LSZZ,13,0.9,0.25,0.18742987361106286,0.5497953228665129,0.47849390976631073
parquet-mr,LSZZ,13,0.95,0.0,0.1317618155235548,0.5276904310358232,0.4932881113906401
parquet-mr,LSZZ,13,0.95,0.05,0.14335263114412136,0.5420285657564631,0.4932881113906401
parquet-mr,LSZZ,13,0.95,0.1,0.15528479290497652,0.5581683992371776,0.4932881113906401
parquet-mr,LSZZ,13,0.95,0.25,0.18405617417940726,0.5781229127267409,0.4932881113906401
parquet-mr,LSZZ,13,0.99,0.0,0.08430397461540307,0.533057697347704,0.37752244483899106
parquet-mr,LSZZ,13,0.99,0.05,0.09395100925014101,0.5456547896532922,0.37752244483899106
parquet-mr,LSZZ,13,0.99,0.1,0.10811941294577102,0.5602519467301426,0.37752244483899106
parquet-mr,LSZZ,13,0.99,0.25,0.14548554049826073,0.5860168945101665,0.37752244483899106
parquet-mr,LSZZ,13,0.995,0.0,0.05628410833915049,0.5190766315856952,0.28816565966766977
parquet-mr,LSZZ,13,0.995,0.05,0.06447873840141281,0.5307523735908546,0.28816565966766977
parquet-mr,LSZZ,13,0.995,0.1,0.0775265319442669,0.5441554973887536,0.28816565966766977
parquet-mr,LSZZ,13,0.995,0.25,0.11409499052995725,0.5703608101884864,0.28816565966766977
parquet-mr,LSZZ,13,0.999,0.0,0.012817321152187804,0.49049721665027357,0.14886991695227636
parquet-mr,LSZZ,13,0.999,0.05,0.018734577387006575,0.5005343791775493,0.14886991695227636
parquet-mr,LSZZ,13,0.999,0.1,0.02960967753356596,0.5119400658778317,0.14886991695227636
parquet-mr,LSZZ,13,0.999,0.25,0.0609305452271443,0.5349153037059297,0.14886991695227636
parquet-mr,LSZZ,21,0.9,0.0,0.14249393425275364,0.5002718246455635,0.47849007257415604
parquet-mr,LSZZ,21,0.9,0.05,0.15331664433519743,0.5161484194318107,0.47849007257415604
parquet-mr,LSZZ,21,0.9,0.1,0.1626670602767779,0.531812960669104,0.47849007257415604
parquet-mr,LSZZ,21,0.9,0.25,0.20070899738954676,0.5641072760616823,0.47849007257415604
parquet-mr,LSZZ,21,0.95,0.0,0.13494001223238677,0.5350789517053366,0.4926190015525405
parquet-mr,LSZZ,21,0.95,0.05,0.14669810136394448,0.5498059559348983,0.4926190015525405
parquet-mr,LSZZ,21,0.95,0.1,0.15900953238242052,0.5665283158957003,0.4926190015525405
parquet-mr,LSZZ,21,0.95,0.25,0.19859324846337975,0.594731524324329,0.4926190015525405
parquet-mr,LSZZ,21,0.99,0.0,0.08619851429141147,0.5342542925216289,0.37920122362827635
parquet-mr,LSZZ,21,0.99,0.05,0.09594526154067617,0.5469143635205814,0.37920122362827635
parquet-mr,LSZZ,21,0.99,0.1,0.11029571766006614,0.5616520788030284,0.37920122362827635
parquet-mr,LSZZ,21,0.99,0.25,0.15480079195641214,0.5921586390656587,0.37920122362827635
parquet-mr,LSZZ,21,0.995,0.0,0.05501442497687285,0.5171800839008098,0.29135807241885237
parquet-mr,LSZZ,21,0.995,0.05,0.06314222959901532,0.5287560076067647,0.29135807241885237
parquet-mr,LSZZ,21,0.995,0.1,0.07617488598754105,0.5421062858645284,0.29135807241885237
parquet-mr,LSZZ,21,0.995,0.25,0.11826683586436848,0.5718448912961707,0.29135807241885237
parquet-mr,LSZZ,21,0.999,0.0,0.006193711132429554,0.4841613488081001,0.15067913697109384
parquet-mr,LSZZ,21,0.999,0.05,0.011762356313576855,0.49386504460684033,0.15067913697109384
parquet-mr,LSZZ,21,0.999,0.1,0.022300008014279723,0.504948467684084,0.15067913697109384
parquet-mr,LSZZ,21,0.999,0.25,0.05715820564445975,0.5300066212203361,0.15067913697109384
parquet-mr,LSZZ,42,0.9,0.0,0.13382779648398674,0.4971062086530352,0.4788763580743877
parquet-mr,LSZZ,42,0.9,0.05,0.14419439405228487,0.5128161920712544,0.4788763580743877
parquet-mr,LSZZ,42,0.9,0.1,0.15309816964735154,0.5283375952682722,0.4788763580743877
parquet-mr,LSZZ,42,0.9,0.25,0.18607347687389786,0.5558955198775739,0.4788763580743877
parquet-mr,LSZZ,42,0.95,0.0,0.12498024867527785,0.5277577078723346,0.4970163017665646
parquet-mr,LSZZ,42,0.95,0.05,0.13621413972488247,0.5420993834791066,0.4970163017665646
parquet-mr,LSZZ,42,0.95,0.1,0.14797702690654382,0.5584215106363183,0.4970163017665646
parquet-mr,LSZZ,42,0.95,0.25,0.18234794091462234,0.5821233826161419,0.4970163017665646
parquet-mr,LSZZ,42,0.99,0.0,0.07733928736549474,0.5302235022965656,0.3915021303315232
parquet-mr,LSZZ,42,0.99,0.05,0.0866197595133954,0.5426714264415676,0.3915021303315232
parquet-mr,LSZZ,42,0.99,0.1,0.10046441063340163,0.5571855230533493,0.3915021303315232
parquet-mr,LSZZ,42,0.99,0.25,0.14206957966206765,0.5859528082910136,0.3915021303315232
parquet-mr,LSZZ,42,0.995,0.0,0.048000735424983954,0.5145149303486365,0.29875537311899875
parquet-mr,LSZZ,42,0.995,0.05,0.055759398491763854,0.5259505828150034,0.29875537311899875
parquet-mr,LSZZ,42,0.995,0.1,0.06839197566738406,0.5391548433561099,0.29875537311899875
parquet-mr,LSZZ,42,0.995,0.25,0.1084520901773925,0.56784792696982,0.29875537311899875
parquet-mr,LSZZ,42,0.999,0.0,0.0019189679061970427,0.4832756050407182,0.15032526768134122
parquet-mr,LSZZ,42,0.999,0.05,0.007262626601753161,0.49293268274643837,0.15032526768134122
parquet-mr,LSZZ,42,0.999,0.1,0.017558718345323545,0.5039724065697321,0.15032526768134122
parquet-mr,LSZZ,42,0.999,0.25,0.051331177145877205,0.5286707528850177,0.15032526768134122
parquet-mr,LSZZ,77,0.9,0.0,0.12278928752597502,0.4735478238304721,0.47887639372742896
parquet-mr,LSZZ,77,0.9,0.05,0.13257491093858836,0.4880178922580301,0.47887639372742896
parquet-mr,LSZZ,77,0.9,0.1,0.14077300835813503,0.5021196264301135,0.47887639372742896
parquet-mr,LSZZ,77,0.9,0.25,0.17349952524830187,0.5284754881874595,0.47887639372742896
parquet-mr,LSZZ,77,0.95,0.0,0.11097213364395621,0.5020392907585531,0.4970530593361683
parquet-mr,LSZZ,77,0.95,0.05,0.12146875548138601,0.5150273654645999,0.4970530593361683
parquet-mr,LSZZ,77,0.95,0.1,0.13237855617305327,0.5298175815103852,0.4970530593361683
parquet-mr,LSZZ,77,0.95,0.25,0.16573674543956948,0.5503793308787276,0.4970530593361683
parquet-mr,LSZZ,77,0.99,0.0,0.06144067683975705,0.514001257205841,0.3934859017858575
parquet-mr,LSZZ,77,0.99,0.05,0.06988438001261887,0.525595378977647,0.3934859017858575
parquet-mr,LSZZ,77,0.99,0.1,0.08278700938045011,0.5391487062299308,0.3934859017858575
parquet-mr,LSZZ,77,0.99,0.25,0.12071505762527998,0.5643939391553854,0.3934859017858575
parquet-mr,LSZZ,77,0.995,0.0,0.03280303874120538,0.5021633354947462,0.2994606251483247
parquet-mr,LSZZ,77,0.995,0.05,0.03976182303515481,0.5129489040214346,0.2994606251483247
parquet-mr,LSZZ,77,0.995,0.1,0.05149556794791051,0.525421009857791,0.2994606251483247
parquet-mr,LSZZ,77,0.995,0.25,0.08758068424526891,0.5510347520480838,0.2994606251483247
parquet-mr,LSZZ,77,0.999,0.0,-0.011988870330908721,0.4741977376026073,0.1401339718626169
parquet-mr,LSZZ,77,0.999,0.05,-0.007377203121516072,0.4833770328115849,0.1401339718626169
parquet-mr,LSZZ,77,0.999,0.1,0.0020971397216816403,0.4938777885668699,0.1401339718626169
parquet-mr,LSZZ,77,0.999,0.25,0.03188325819339271,0.5159444695298753,0.1401339718626169
parquet-mr,LSZZ,101,0.9,0.0,0.1285178804747379,0.4982838158510395,0.4788703031420524
parquet-mr,LSZZ,101,0.9,0.05,0.1386050087793914,0.5140557785954695,0.4788703031420524
parquet-mr,LSZZ,101,0.9,0.1,0.14569991306134766,0.527874353269248,0.4788703031420524
parquet-mr,LSZZ,101,0.9,0.25,0.17481801169445005,0.5465466523021704,0.4788703031420524
parquet-mr,LSZZ,101,0.95,0.0,0.11807667687236754,0.5249205523095439,0.4959483963141133
parquet-mr,LSZZ,101,0.95,0.05,0.12894722203760847,0.5391129039393271,0.4959483963141133
parquet-mr,LSZZ,101,0.95,0.1,0.1396216218453096,0.5546665592248471,0.4959483963141133
parquet-mr,LSZZ,101,0.95,0.25,0.17013026677844473,0.5717717401469434,0.4959483963141133
parquet-mr,LSZZ,101,0.99,0.0,0.07101183323682374,0.5251843066339694,0.37018967936118735
parquet-mr,LSZZ,101,0.99,0.05,0.07995928148321539,0.5373670099546242,0.37018967936118735
parquet-mr,LSZZ,101,0.99,0.1,0.0931162904261051,0.5515730689781847,0.37018967936118735
parquet-mr,LSZZ,101,0.99,0.25,0.13163421125252434,0.5773275430268148,0.37018967936118735
parquet-mr,LSZZ,101,0.995,0.0,0.0435263832799341,0.5107262697517023,0.2785570638379992
parquet-mr,LSZZ,101,0.995,0.05,0.05104955412855348,0.5219625190287569,0.2785570638379992
parquet-mr,LSZZ,101,0.995,0.1,0.06316002278388191,0.5349512632241659,0.2785570638379992
parquet-mr,LSZZ,101,0.995,0.25,0.10041058336699038,0.5611464421189102,0.2785570638379992
parquet-mr,LSZZ,101,0.999,0.0,-0.00023817529270470572,0.48097119903873625,0.13880840065278663
parquet-mr,LSZZ,101,0.999,0.05,0.00499194955027763,0.4905069922180363,0.13880840065278663
parquet-mr,LSZZ,101,0.999,0.1,0.014950720638143823,0.5014255056623851,0.13880840065278663
parquet-mr,LSZZ,101,0.999,0.25,0.04627361447700426,0.5240825242575503,0.13880840065278663
parquet-mr,LSZZ,123,0.9,0.0,0.14049294479079036,0.5050514837171057,0.47887032819754666
parquet-mr,LSZZ,123,0.9,0.05,0.15121033963839395,0.5211796395071182,0.47887032819754666
parquet-mr,LSZZ,123,0.9,0.1,0.16008590709298623,0.5369171710155641,0.47887032819754666
parquet-mr,LSZZ,123,0.9,0.25,0.19150314731199014,0.5660368022861026,0.47887032819754666
parquet-mr,LSZZ,123,0.95,0.0,0.13006514528587373,0.5316661142751188,0.4959498043654146
parquet-mr,LSZZ,123,0.95,0.05,0.14156666247287814,0.5462134954820373,0.4959498043654146
parquet-mr,LSZZ,123,0.95,0.1,0.15339960375199752,0.5625858250586171,0.4959498043654146
parquet-mr,LSZZ,123,0.95,0.25,0.18595012435537114,0.5860308948050705,0.4959498043654146
parquet-mr,LSZZ,123,0.99,0.0,0.0821192909035299,0.5334575019700806,0.3724404048609394
parquet-mr,LSZZ,123,0.99,0.05,0.09165134218501135,0.5460756366242149,0.3724404048609394
parquet-mr,LSZZ,123,0.99,0.1,0.10569198659924525,0.5606961740883388,0.3724404048609394
parquet-mr,LSZZ,123,0.99,0.25,0.1444462416360558,0.5873890523746859,0.3724404048609394
parquet-mr,LSZZ,123,0.995,0.0,0.05392024758372395,0.5192282475293041,0.2872721181711954
parquet-mr,LSZZ,123,0.995,0.05,0.06199046392201648,0.5309119693209693,0.2872721181711954
parquet-mr,LSZZ,123,0.995,0.1,0.07490001999379295,0.5443239595483191,0.2872721181711954
parquet-mr,LSZZ,123,0.995,0.25,0.11228912106218811,0.5711119362032427,0.2872721181711954
parquet-mr,LSZZ,123,0.999,0.0,0.008079541421492299,0.4896016977028788,0.14919960805614904
parquet-mr,LSZZ,123,0.999,0.05,0.013747440828379734,0.49959172765397586,0.14919960805614904
parquet-mr,LSZZ,123,0.999,0.1,0.024345477832793172,0.5109450448251709,0.14919960805614904
parquet-mr,LSZZ,123,0.999,0.25,0.0555711822974668,0.5340798095212442,0.14919960805614904
parquet-mr,LSZZ,202,0.9,0.0,0.1322422163438661,0.49680640847307295,0.4788763510539713
parquet-mr,LSZZ,202,0.9,0.05,0.1425253623258421,0.5125006129344521,0.4788763510539713
parquet-mr,LSZZ,202,0.9,0.1,0.1512762626002362,0.5279624982552256,0.4788763510539713
parquet-mr,LSZZ,202,0.9,0.25,0.18037523932105054,0.5523906065590943,0.4788763510539713
parquet-mr,LSZZ,202,0.95,0.0,0.12322952184635387,0.5282108321147102,0.49699393775833645
parquet-mr,LSZZ,202,0.95,0.05,0.1343712693786467,0.5425763563658179,0.49699393775833645
parquet-mr,LSZZ,202,0.95,0.1,0.1459978763979395,0.5588970719061154,0.49699393775833645
parquet-mr,LSZZ,202,0.95,0.25,0.17699136652427988,0.5804127339645732,0.49699393775833645
parquet-mr,LSZZ,202,0.99,0.0,0.0777325689029474,0.5303630661713653,0.3869272221694576
parquet-mr,LSZZ,202,0.99,0.05,0.08703374007913503,0.5428183357834618,0.3869272221694576
parquet-mr,LSZZ,202,0.99,0.1,0.10088911167288384,0.5573284939694021,0.3869272221694576
parquet-mr,LSZZ,202,0.99,0.25,0.13737255548551455,0.5833909411341436,0.3869272221694576
parquet-mr,LSZZ,202,0.995,0.0,0.04969533521621692,0.5146431880131057,0.2941266062805824
parquet-mr,LSZZ,202,0.995,0.05,0.05754318774569328,0.5260855908828656,0.2941266062805824
parquet-mr,LSZZ,202,0.995,0.1,0.07026478625347889,0.5392875126559681,0.2941266062805824
parquet-mr,LSZZ,202,0.995,0.25,0.10512683468263469,0.5651052880015622,0.2941266062805824
parquet-mr,LSZZ,202,0.999,0.0,0.005917927035528095,0.4841956827218491,0.14837743410399779
parquet-mr,LSZZ,202,0.999,0.05,0.011472057264206907,0.4939011855686814,0.14837743410399779
parquet-mr,LSZZ,202,0.999,0.1,0.021993581239944767,0.5049866164771385,0.14837743410399779
parquet-mr,LSZZ,202,0.999,0.25,0.05095932305795707,0.526916191678631,0.14837743410399779
parquet-mr,LSZZ,314,0.9,0.0,0.14686322861663778,0.5055435303558273,0.4784938786208644
parquet-mr,LSZZ,314,0.9,0.05,0.1579159015603386,0.5216975833373515,0.4784938786208644
parquet-mr,LSZZ,314,0.9,0.1,0.1671640002328167,0.5374638895030325,0.4784938786208644
parquet-mr,LSZZ,314,0.9,0.25,0.19469351110687944,0.5630466423839001,0.4784938786208644
parquet-mr,LSZZ,314,0.95,0.0,0.139526643054085,0.5383440332267395,0.493280198133336
parquet-mr,LSZZ,314,0.95,0.05,0.15152613380783736,0.5532428838521644,0.493280198133336
parquet-mr,LSZZ,314,0.95,0.1,0.16391237905001005,0.5700057350048623,0.493280198133336
parquet-mr,LSZZ,314,0.95,0.25,0.1934867573510514,0.5915071188219599,0.493280198133336
parquet-mr,LSZZ,314,0.99,0.0,0.09541033131211345,0.5427024582252914,0.38243935599144274
parquet-mr,LSZZ,314,0.99,0.05,0.10564191103615192,0.5558071695244369,0.38243935599144274
parquet-mr,LSZZ,314,0.99,0.1,0.12045980927544923,0.5709683477052396,0.38243935599144274
parquet-mr,LSZZ,314,0.99,0.25,0.15986934134433683,0.5985140910255782,0.38243935599144274
parquet-mr,LSZZ,314,0.995,0.0,0.06817748802188009,0.5281840951064832,0.29575156502248734
parquet-mr,LSZZ,314,0.995,0.05,0.07699808543586506,0.5403391772969472,0.29575156502248734
parquet-mr,LSZZ,314,0.995,0.1,0.09074139825841088,0.5542749013007404,0.29575156502248734
parquet-mr,LSZZ,314,0.995,0.25,0.12964810395476947,0.5822439167762806,0.29575156502248734
parquet-mr,LSZZ,314,0.999,0.0,0.024720574773147166,0.49868366812998344,0.16195972657196592
parquet-mr,LSZZ,314,0.999,0.05,0.031264318040648005,0.5091516965246123,0.16195972657196592
parquet-mr,LSZZ,314,0.999,0.1,0.04283551489018748,0.5210361230775093,0.16195972657196592
parquet-mr,LSZZ,314,0.999,0.25,0.07658703068436942,0.5456479948512984,0.16195972657196592
parquet-mr,LSZZ,999,0.9,0.0,0.13788267675231905,0.4878221102667626,0.47849392369627036
parquet-mr,LSZZ,999,0.9,0.05,0.14846268907158203,0.5030434569278096,0.47849392369627036
parquet-mr,LSZZ,999,0.9,0.1,0.16293109418107063,0.5212637800385036,0.47849392369627036
parquet-mr,LSZZ,999,0.9,0.25,0.19841751047668452,0.5515477633203656,0.47849392369627036
parquet-mr,LSZZ,999,0.95,0.0,0.13077784181059923,0.5226133775476255,0.49334172232239665
parquet-mr,LSZZ,999,0.95,0.05,0.14231686934101026,0.5366842989267815,0.49334172232239665
parquet-mr,LSZZ,999,0.95,0.1,0.15916240387322747,0.5552571628049799,0.49334172232239665
parquet-mr,LSZZ,999,0.95,0.25,0.1977640202998019,0.5819112278379328,0.49334172232239665
parquet-mr,LSZZ,999,0.99,0.0,0.0862906171976202,0.5322574821764965,0.3906763235169071
parquet-mr,LSZZ,999,0.99,0.05,0.09604221196826432,0.5448124578941264,0.3906763235169071
parquet-mr,LSZZ,999,0.99,0.1,0.11310734960110072,0.560708788812972,0.3906763235169071
parquet-mr,LSZZ,999,0.99,0.25,0.16113405710490553,0.59273152952075,0.3906763235169071
parquet-mr,LSZZ,999,0.995,0.0,0.05501111119631603,0.5168755574482445,0.3060956941153694
parquet-mr,LSZZ,999,0.995,0.05,0.0631387414089555,0.5284354534461697,0.3060956941153694
parquet-mr,LSZZ,999,0.995,0.1,0.07845114655969128,0.5428520306690492,0.3060956941153694
parquet-mr,LSZZ,999,0.995,0.25,0.12480938875617992,0.574772120715657,0.3060956941153694
parquet-mr,LSZZ,999,0.999,0.0,0.003225993678815759,0.4830802161499181,0.16035616607775266
parquet-mr,LSZZ,999,0.999,0.05,0.008638443204509705,0.49272701022980653,0.16035616607775266
parquet-mr,LSZZ,999,0.999,0.1,0.020939472697746774,0.5046836768529642,0.16035616607775266
parquet-mr,LSZZ,999,0.999,0.25,0.059957808932021746,0.5319874496373033,0.16035616607775266
parquet-mr,RSZZ,7,0.9,0.0,0.09401075139457785,0.4563258860019854,0.28796777523971295
parquet-mr,RSZZ,7,0.9,0.05,0.10228171501080184,0.4698895366490968,0.28796777523971295
parquet-mr,RSZZ,7,0.9,0.1,0.10919625229285572,0.4832022303475975,0.28796777523971295
parquet-mr,RSZZ,7,0.9,0.25,0.13718966834765392,0.49367176970416776,0.28796777523971295
parquet-mr,RSZZ,7,0.95,0.0,0.0829825399867979,0.4815623918488699,0.3832121606406511
parquet-mr,RSZZ,7,0.95,0.05,0.0920060253159562,0.49347273503335437,0.3832121606406511
parquet-mr,RSZZ,7,0.95,0.1,0.10150414982228619,0.5072378062385119,0.3832121606406511
parquet-mr,RSZZ,7,0.95,0.25,0.13067670804975734,0.51964176327132,0.3832121606406511
parquet-mr,RSZZ,7,0.99,0.0,0.034159996781342676,0.4917891673027093,0.31401724923449603
parquet-mr,RSZZ,7,0.99,0.05,0.04116787468797218,0.5022142317111925,0.31401724923449603
parquet-mr,RSZZ,7,0.99,0.1,0.05256520694358057,0.5145545074057958,0.31401724923449603
parquet-mr,RSZZ,7,0.99,0.25,0.08651091452475722,0.5341178339972389,0.31401724923449603
parquet-mr,RSZZ,7,0.995,0.0,0.005979932555240922,0.4810251649896062,0.22006241236572832
parquet-mr,RSZZ,7,0.995,0.05,0.011526974418350136,0.49069819822655036,0.22006241236572832
parquet-mr,RSZZ,7,0.995,0.1,0.021766961440596908,0.5020051977453669,0.22006241236572832
parquet-mr,RSZZ,7,0.995,0.25,0.05381808906689205,0.522083743449187,0.22006241236572832
parquet-mr,RSZZ,7,0.999,0.0,-0.03755440434171489,0.45554191260660315,0.08657093064727359
parquet-mr,RSZZ,7,0.999,0.05,-0.03428829155394361,0.4637393222894751,0.08657093064727359
parquet-mr,RSZZ,7,0.999,0.1,-0.026245836429187156,0.4732083823142479,0.08657093064727359
parquet-mr,RSZZ,7,0.999,0.25,-0.00032050347282578225,0.49030518736716605,0.08657093064727359
parquet-mr,RSZZ,13,0.9,0.0,0.06116420133825363,0.4304688498663419,-0.14026031790263663
parquet-mr,RSZZ,13,0.9,0.05,0.0677063991620395,0.4426716038747351,-0.14026031790263663
parquet-mr,RSZZ,13,0.9,0.1,0.07270008556360658,0.45447219019688245,-0.14026031790263663
parquet-mr,RSZZ,13,0.9,0.25,0.10871555669675417,0.47995773452733215,-0.14026031790263663
parquet-mr,RSZZ,13,0.95,0.0,0.05887185320585694,0.4620168119407762,-0.12321163297358406
parquet-mr,RSZZ,13,0.95,0.05,0.06662635502022887,0.4728984403932557,-0.12321163297358406
parquet-mr,RSZZ,13,0.95,0.1,0.07471449784346289,0.48552049522951884,-0.12321163297358406
parquet-mr,RSZZ,13,0.95,0.25,0.11436059936124661,0.5096706342722245,-0.12321163297358406
parquet-mr,RSZZ,13,0.99,0.0,0.0320224714844536,0.4833215664885143,0.08810907353369438
parquet-mr,RSZZ,13,0.99,0.05,0.03891784805966787,0.49330096769625037,0.08810907353369438
parquet-mr,RSZZ,13,0.99,0.1,0.05019017883592602,0.5051460620566902,0.08810907353369438
parquet-mr,RSZZ,13,0.99,0.25,0.0920669152894775,0.5310509662634839,0.08810907353369438
parquet-mr,RSZZ,13,0.995,0.0,0.00011906284080959649,0.4718712878433232,0.13088794382016997
parquet-mr,RSZZ,13,0.995,0.05,0.005357637876843479,0.48106253807256827,0.13088794382016997
parquet-mr,RSZZ,13,0.995,0.1,0.01525488398011765,0.49183422313838576,0.13088794382016997
parquet-mr,RSZZ,13,0.995,0.25,0.05242405651949095,0.5166911663048773,0.13088794382016997
parquet-mr,RSZZ,13,0.999,0.0,-0.050153737412483135,0.4428854300746508,0.061157507610549666
parquet-mr,RSZZ,13,0.999,0.05,-0.04755074741791019,0.4504167090979463,0.061157507610549666
parquet-mr,RSZZ,13,0.999,0.1,-0.040245095396707446,0.4591456239454118,0.061157507610549666
parquet-mr,RSZZ,13,0.999,0.25,-0.012333525221688284,0.4790135607976902,0.061157507610549666
parquet-mr,RSZZ,21,0.9,0.0,0.0923956586874249,0.4537763786409093,0.6872919620060594
parquet-mr,RSZZ,21,0.9,0.05,0.10058161742432506,0.4672058446900693,0.6872919620060594
parquet-mr,RSZZ,21,0.9,0.1,0.10740170484046355,0.4803694443908462,0.6872919620060594
parquet-mr,RSZZ,21,0.9,0.25,0.13566278289149059,0.48813143526662345,0.6872919620060594
parquet-mr,RSZZ,21,0.95,0.0,0.08295371980232942,0.48282661863276916,0.6114457142760958
parquet-mr,RSZZ,21,0.95,0.05,0.09197568827967359,0.4948035000690378,0.6114457142760958
parquet-mr,RSZZ,21,0.95,0.1,0.10147212739509899,0.5086425026650667,0.6114457142760958
parquet-mr,RSZZ,21,0.95,0.25,0.13118394657897242,0.5199226654551912,0.6114457142760958
parquet-mr,RSZZ,21,0.99,0.0,0.04386505522591252,0.49761707648481635,0.35483985640867605
parquet-mr,RSZZ,21,0.99,0.05,0.051383725682256215,0.5083488729555157,0.35483985640867605
parquet-mr,RSZZ,21,0.99,0.1,0.06334860521532483,0.5210299620525813,0.35483985640867605
parquet-mr,RSZZ,21,0.99,0.25,0.09871400468160302,0.5416209970466391,0.35483985640867605
parquet-mr,RSZZ,21,0.995,0.0,0.017841702999853222,0.48728846115039387,0.2415592016253741
parquet-mr,RSZZ,21,0.995,0.05,0.024013048570573608,0.4972911415536953,0.2415592016253741
parquet-mr,RSZZ,21,0.995,0.1,0.03494670637905501,0.5089644157017976,0.2415592016253741
parquet-mr,RSZZ,21,0.995,0.25,0.06869490149509981,0.5304394729876,0.2415592016253741
parquet-mr,RSZZ,21,0.999,0.0,-0.0238200365720473,0.4617489932280906,0.10100943270173224
parquet-mr,RSZZ,21,0.999,0.05,-0.01983106232271457,0.47027309136472506,0.10100943270173224
parquet-mr,RSZZ,21,0.999,0.1,-0.010985427796223177,0.480105138560345,0.10100943270173224
parquet-mr,RSZZ,21,0.999,0.25,0.01691420061693253,0.4987479209088828,0.10100943270173224
parquet-mr,RSZZ,42,0.9,0.0,0.10049349623282912,0.46220048925323676,-0.09797026716127838
parquet-mr,RSZZ,42,0.9,0.05,0.10910565694580317,0.4760733295451508,-0.09797026716127838
parquet-mr,RSZZ,42,0.9,0.1,0.11639930211313489,0.4897295672934322,-0.09797026716127838
parquet-mr,RSZZ,42,0.9,0.25,0.14187191061984122,0.4950178075331561,-0.09797026716127838
parquet-mr,RSZZ,42,0.95,0.0,0.09686388797017223,0.4866472650105913,-0.09178781285581472
parquet-mr,RSZZ,42,0.95,0.05,0.10661797056161341,0.49882523309832416,-0.09178781285581472
parquet-mr,RSZZ,42,0.95,0.1,0.11692786980381323,0.5128876653070912,-0.09178781285581472
parquet-mr,RSZZ,42,0.95,0.25,0.14378579631811997,0.5204017349304088,-0.09178781285581472
parquet-mr,RSZZ,42,0.99,0.0,0.06355940721473412,0.5047106505828843,0.09534645514610392
parquet-mr,RSZZ,42,0.99,0.05,0.07211462251259473,0.5158157930587451,0.09534645514610392
parquet-mr,RSZZ,42,0.99,0.1,0.08523121853623772,0.5289117110504347,0.09534645514610392
parquet-mr,RSZZ,42,0.99,0.25,0.1194788746535137,0.5469295247700712,0.09534645514610392
parquet-mr,RSZZ,42,0.995,0.0,0.03291231132009374,0.4963077581291334,0.13804565519554218
parquet-mr,RSZZ,42,0.995,0.05,0.039876846802405726,0.506785138373421,0.13804565519554218
parquet-mr,RSZZ,42,0.995,0.1,0.05169182673487781,0.518985856789286,0.13804565519554218
parquet-mr,RSZZ,42,0.995,0.25,0.08361318924343272,0.5384528245438446,0.13804565519554218
parquet-mr,RSZZ,42,0.999,0.0,-0.01413332800863884,0.47169144604819635,0.08157599756262915
parquet-mr,RSZZ,42,0.999,0.05,-0.009634526992810926,0.4807388311753627,0.08157599756262915
parquet-mr,RSZZ,42,0.999,0.1,-0.00022241828132489307,0.4911523083604624,0.08157599756262915
parquet-mr,RSZZ,42,0.999,0.25,0.025016235829558798,0.5082182439928493,0.08157599756262915
parquet-mr,RSZZ,77,0.9,0.0,0.09719845687266197,0.4471662324752493,0.6872974664828371
parquet-mr,RSZZ,77,0.9,0.05,0.1056371944614167,0.4602477960946376,0.6872974664828371
parquet-mr,RSZZ,77,0.9,0.1,0.11363960237094091,0.4761044896692513,0.6872974664828371
parquet-mr,RSZZ,77,0.9,0.25,0.15796172638851802,0.5061891215414748,0.6872974664828371
parquet-mr,RSZZ,77,0.95,0.0,0.08245528697055259,0.47421885290013455,0.6122890091856188
parquet-mr,RSZZ,77,0.95,0.05,0.09145102214096117,0.48574269403468556,0.6122890091856188
parquet-mr,RSZZ,77,0.95,0.1,0.10221109026730353,0.500989220417871,0.6122890091856188
parquet-mr,RSZZ,77,0.95,0.25,0.14767663217468144,0.5284769372399496,0.6122890091856188
parquet-mr,RSZZ,77,0.99,0.0,0.03390092742291783,0.48535757418435416,0.3973590048533537
parquet-mr,RSZZ,77,0.99,0.05,0.040895170100156523,0.4954441336918713,0.3973590048533537
parquet-mr,RSZZ,77,0.99,0.1,0.05287255464764214,0.5079836857950032,0.3973590048533537
parquet-mr,RSZZ,77,0.99,0.25,0.09625119952765633,0.5351554168636696,0.3973590048533537
parquet-mr,RSZZ,77,0.995,0.0,0.004383593959759053,0.4731164722107057,0.2750970241043223
parquet-mr,RSZZ,77,0.995,0.05,0.009846618002053413,0.48237325845928675,0.2750970241043223
parquet-mr,RSZZ,77,0.995,0.1,0.020484964337400043,0.49368265322159477,0.2750970241043223
parquet-mr,RSZZ,77,0.995,0.25,0.05978508096883012,0.5197095416726154,0.2750970241043223
parquet-mr,RSZZ,77,0.999,0.0,-0.04028386843384366,0.4449170171395095,0.10446660559668634
parquet-mr,RSZZ,77,0.999,0.05,-0.037161411650921274,0.4525552217977976,0.10446660559668634
parquet-mr,RSZZ,77,0.999,0.1,-0.028861545865988138,0.4617899307360067,0.10446660559668634
parquet-mr,RSZZ,77,0.999,0.25,0.002482586123428425,0.4830508618252135,0.10446660559668634
parquet-mr,RSZZ,101,0.9,0.0,0.09229813140312529,0.46305623445854727,-0.09776566744680536
parquet-mr,RSZZ,101,0.9,0.05,0.10047895712506232,0.4769741139717935,-0.09776566744680536
parquet-mr,RSZZ,101,0.9,0.1,0.10819479629367793,0.49376004742847135,-0.09776566744680536
parquet-mr,RSZZ,101,0.9,0.25,0.14314806359676527,0.5160392121095874,-0.09776566744680536
parquet-mr,RSZZ,101,0.95,0.0,0.08770100273908617,0.49243551736737134,-0.08713766112742462
parquet-mr,RSZZ,101,0.95,0.05,0.09697282821310176,0.5049181303159874,-0.08713766112742462
parquet-mr,RSZZ,101,0.95,0.1,0.10803966334345194,0.5212299587148007,-0.08713766112742462
parquet-mr,RSZZ,101,0.95,0.25,0.14719951075676363,0.5446036246101427,-0.08713766112742462
parquet-mr,RSZZ,101,0.99,0.0,0.05637426332189436,0.5041887015046395,0.12571050648576748
parquet-mr,RSZZ,101,0.99,0.05,0.06455131315171077,0.5152663729763822,0.12571050648576748
parquet-mr,RSZZ,101,0.99,0.1,0.0778429278687272,0.5289071605953202,0.12571050648576748
parquet-mr,RSZZ,101,0.99,0.25,0.1208417684922672,0.5561338255372178,0.12571050648576748
parquet-mr,RSZZ,101,0.995,0.0,0.022782143749778213,0.48963998566880623,0.16112186604343604
parquet-mr,RSZZ,101,0.995,0.05,0.029213512517863055,0.49976643052044506,0.16112186604343604
parquet-mr,RSZZ,101,0.995,0.1,0.040927797437421316,0.5120421126194842,0.16112186604343604
parquet-mr,RSZZ,101,0.995,0.25,0.07954377003798849,0.538350115770901,0.16112186604343604
parquet-mr,RSZZ,101,0.999,0.0,-0.031096610708176618,0.4568925147071868,0.08772157148014832
parquet-mr,RSZZ,101,0.999,0.05,-0.02749061404495596,0.46516100871114213,0.08772157148014832
parquet-mr,RSZZ,101,0.999,0.1,-0.018653481726358088,0.4750960391445371,0.08772157148014832
parquet-mr,RSZZ,101,0.999,0.25,0.010519424893227087,0.4962361811287802,0.08772157148014832
parquet-mr,RSZZ,123,0.9,0.0,0.0672413461724535,0.44015147241774905,0.6872820168427761
parquet-mr,RSZZ,123,0.9,0.05,0.07410339372435515,0.4528638381393742,0.6872820168427761
parquet-mr,RSZZ,123,0.9,0.1,0.07945246871271754,0.46523065969844596,0.6872820168427761
parquet-mr,RSZZ,123,0.9,0.25,0.11640382523419288,0.49148299056792794,0.6872820168427761
parquet-mr,RSZZ,123,0.95,0.0,0.05884834907090784,0.4699360175529713,0.6108419273727815
parquet-mr,RSZZ,123,0.95,0.05,0.06660161382554562,0.4812344463008295,0.6108419273727815
parquet-mr,RSZZ,123,0.95,0.1,0.07468838213796392,0.49431961257640233,0.6108419273727815
parquet-mr,RSZZ,123,0.95,0.25,0.11413683858635679,0.5194883688546753,0.6108419273727815
parquet-mr,RSZZ,123,0.99,0.0,0.021556075648044924,0.4833688151389625,0.35495478952480053
parquet-mr,RSZZ,123,0.99,0.05,0.027900589284500857,0.49335070311777485,0.35495478952480053
parquet-mr,RSZZ,123,0.99,0.1,0.038560850128805294,0.5051985605571883,0.35495478952480053
parquet-mr,RSZZ,123,0.99,0.25,0.07849666901194342,0.531303186509041,0.35495478952480053
parquet-mr,RSZZ,123,0.995,0.0,-0.0036557334381327497,0.47160989761209443,0.2402711910326944
parquet-mr,RSZZ,123,0.995,0.05,0.0013841681095357323,0.48078739046074853,0.2402711910326944
parquet-mr,RSZZ,123,0.995,0.1,0.011060665892403926,0.4915437895481316,0.2402711910326944
parquet-mr,RSZZ,123,0.995,0.25,0.04789456290758186,0.5166613015171304,0.2402711910326944
parquet-mr,RSZZ,123,0.999,0.0,-0.044983846835408,0.4446117477792709,0.08910161964702
parquet-mr,RSZZ,123,0.999,0.05,-0.04210875733677847,0.4522338856291254,0.08910161964702
parquet-mr,RSZZ,123,0.999,0.1,-0.03450077253329062,0.4610637547283231,0.08910161964702
parquet-mr,RSZZ,123,0.999,0.25,-0.004868621146695339,0.48171062620954375,0.08910161964702
parquet-mr,RSZZ,202,0.9,0.0,0.0967323074916733,0.4674078240371808,0.32612884771186385
parquet-mr,RSZZ,202,0.9,0.05,0.10514651090248125,0.48155473458088144,0.32612884771186385
parquet-mr,RSZZ,202,0.9,0.1,0.11222020351185062,0.49551549483114793,0.32612884771186385
parquet-mr,RSZZ,202,0.9,0.25,0.15412449242347886,0.527767173533011,0.32612884771186385
parquet-mr,RSZZ,202,0.95,0.0,0.08786372165746423,0.49123204941110604,0.42203723075209015
parquet-mr,RSZZ,202,0.95,0.05,0.09714411128507866,0.5036513219409713,0.42203723075209015
parquet-mr,RSZZ,202,0.95,0.1,0.10692768501191545,0.5179818701965521,0.42203723075209015
parquet-mr,RSZZ,202,0.95,0.25,0.151146944284549,0.5472320318175748,0.42203723075209015
parquet-mr,RSZZ,202,0.99,0.0,0.04408928930788418,0.49459136147243715,0.3964217450940854
parquet-mr,RSZZ,202,0.99,0.05,0.05161976155801588,0.5051639097845901,0.3964217450940854
parquet-mr,RSZZ,202,0.99,0.1,0.06359775419529336,0.5176680564832712,0.3964217450940854
parquet-mr,RSZZ,202,0.99,0.25,0.10715559997364744,0.5452987862367158,0.3964217450940854
parquet-mr,RSZZ,202,0.995,0.0,0.008625000491522369,0.4789402966349302,0.30278382470177695
parquet-mr,RSZZ,202,0.995,0.05,0.014311256456541127,0.4885035999584704,0.30278382470177695
parquet-mr,RSZZ,202,0.995,0.1,0.024705925814242954,0.4996886773512825,0.30278382470177695
parquet-mr,RSZZ,202,0.995,0.25,0.06302519320022204,0.5255404042216779,0.30278382470177695
parquet-mr,RSZZ,202,0.999,0.0,-0.04428249264499691,0.44682413970378465,0.11811871548149304
parquet-mr,RSZZ,202,0.999,0.05,-0.04137048976792468,0.45456271923387664,0.11811871548149304
parquet-mr,RSZZ,202,0.999,0.1,-0.03372149009950052,0.46352196797778283,0.11811871548149304
parquet-mr,RSZZ,202,0.999,0.25,-0.005037883784870728,0.483850067791661,0.11811871548149304
parquet-mr,RSZZ,314,0.9,0.0,0.11854584440833695,0.4811393605786082,0.32612703364728024
parquet-mr,RSZZ,314,0.9,0.05,0.12810812870949562,0.4960089835718575,0.32612703364728024
parquet-mr,RSZZ,314,0.9,0.1,0.1373589218550242,0.5138524097840946,0.32612703364728024
parquet-mr,RSZZ,314,0.9,0.25,0.1685373509172491,0.5277765191826433,0.32612703364728024
parquet-mr,RSZZ,314,0.95,0.0,0.11294322097092392,0.5077449156335389,0.4214717694024169
parquet-mr,RSZZ,314,0.95,0.05,0.12354358424661516,0.5210332863856375,0.4214717694024169
parquet-mr,RSZZ,314,0.95,0.1,0.13608657248993833,0.5382404012327647,0.4214717694024169
parquet-mr,RSZZ,314,0.95,0.25,0.16963389020432232,0.5542359219579406,0.4214717694024169
parquet-mr,RSZZ,314,0.99,0.0,0.0684827588692175,0.5120197224798614,0.39350397044436247
parquet-mr,RSZZ,314,0.99,0.05,0.07729709793836673,0.5235095529503001,0.39350397044436247
parquet-mr,RSZZ,314,0.99,0.1,0.09129681181019736,0.5376082950122336,0.39350397044436247
parquet-mr,RSZZ,314,0.99,0.25,0.12871089305036595,0.5598064560031984,0.39350397044436247
parquet-mr,RSZZ,314,0.995,0.0,0.03353956009771674,0.4966293889060836,0.30849510405645303
parquet-mr,RSZZ,314,0.995,0.05,0.040537108673587834,0.5071236970860002,0.30849510405645303
parquet-mr,RSZZ,314,0.995,0.1,0.05288048226846414,0.5198081162164591,0.30849510405645303
parquet-mr,RSZZ,314,0.995,0.25,0.08683325926501338,0.5418571332227488,0.30849510405645303
parquet-mr,RSZZ,314,0.999,0.0,-0.01854695393619357,0.46481667148431843,0.13655298073040142
parquet-mr,RSZZ,314,0.999,0.05,-0.014280449021815906,0.4735022263712807,0.13655298073040142
parquet-mr,RSZZ,314,0.999,0.1,-0.004709418646376913,0.4839006577857944,0.13655298073040142
parquet-mr,RSZZ,314,0.999,0.25,0.021337767974944386,0.5018821438679373,0.13655298073040142
parquet-mr,RSZZ,999,0.9,0.0,0.0941683797059509,0.4599798381374829,0.3280370289003545
parquet-mr,RSZZ,999,0.9,0.05,0.1024476395490893,0.4737358020548836,0.3280370289003545
parquet-mr,RSZZ,999,0.9,0.1,0.11027284996348422,0.4903418292939553,0.3280370289003545
parquet-mr,RSZZ,999,0.9,0.25,0.14881979291894568,0.5137937834917669,0.3280370289003545
parquet-mr,RSZZ,999,0.95,0.0,0.08443781150713321,0.48759588840750934,0.432736499897961
parquet-mr,RSZZ,999,0.95,0.05,0.0935378900742039,0.49982378404244854,0.432736499897961
parquet-mr,RSZZ,999,0.95,0.1,0.10441389530794866,0.5158525932038431,0.432736499897961
parquet-mr,RSZZ,999,0.95,0.25,0.14571522827085154,0.5400373909947959,0.432736499897961
parquet-mr,RSZZ,999,0.99,0.0,0.04006182044933638,0.4952255408039531,0.4159553619799154
parquet-mr,RSZZ,999,0.99,0.05,0.04738032065428135,0.5058314669756597,0.4159553619799154
parquet-mr,RSZZ,999,0.99,0.1,0.05971799134366278,0.5189480931501131,0.4159553619799154
parquet-mr,RSZZ,999,0.99,0.25,0.10111740919504388,0.5456892135577278,0.4159553619799154
parquet-mr,RSZZ,999,0.995,0.0,0.0037908052395803147,0.47803418790994395,0.3185595512009666
parquet-mr,RSZZ,999,0.995,0.05,0.009222629875549492,0.48754980130059006,0.3185595512009666
parquet-mr,RSZZ,999,0.995,0.1,0.019826310203868103,0.4991467817763039,0.3185595512009666
parquet-mr,RSZZ,999,0.995,0.25,0.05596436967338941,0.5241932434055763,0.3185595512009666
parquet-mr,RSZZ,999,0.999,0.0,-0.05044745620957016,0.4437462524273614,0.12223382879298217
parquet-mr,RSZZ,999,0.999,0.05,-0.04785992509905444,0.45132283789027333,0.12223382879298217
parquet-mr,RSZZ,999,0.999,0.1,-0.040154421172350914,0.46048908105584213,0.12223382879298217
parquet-mr,RSZZ,999,0.999,0.25,-0.013801276263498105,0.4798415414371782,0.12223382879298217
parquet-mr,RASZZ,7,0.9,0.0,0.10871353930804646,0.45497989137469386,0.2876921028942724
parquet-mr,RASZZ,7,0.9,0.05,0.11775833386708458,0.4684727001993162,0.2876921028942724
parquet-mr,RASZZ,7,0.9,0.1,0.12639478073254318,0.48476824355559134,0.2876921028942724
parquet-mr,RASZZ,7,0.9,0.25,0.15671615052949844,0.49310439773028975,0.2876921028942724
parquet-mr,RASZZ,7,0.95,0.0,0.09868619479276496,0.4834749454532359,0.37774241514758355
parquet-mr,RASZZ,7,0.95,0.05,0.10853618826960573,0.49548594935373974,0.37774241514758355
parquet-mr,RASZZ,7,0.95,0.1,0.12021575884485451,0.5112524865747019,0.37774241514758355
parquet-mr,RASZZ,7,0.95,0.25,0.14979759814849172,0.5229584080869447,0.37774241514758355
parquet-mr,RASZZ,7,0.99,0.0,0.058479682174151525,0.4976203437612265,0.3039749419417279
parquet-mr,RASZZ,7,0.99,0.05,0.0667675435225078,0.5083523121938421,0.3039749419417279
parquet-mr,RASZZ,7,0.99,0.1,0.0801687576049336,0.5215964535432952,0.3039749419417279
parquet-mr,RASZZ,7,0.99,0.25,0.10811535287434035,0.5409743567777089,0.3039749419417279
parquet-mr,RASZZ,7,0.995,0.0,0.03470921046556823,0.48941101113700286,0.2130441616016804
parquet-mr,RASZZ,7,0.995,0.05,0.04176831958711572,0.49952540469749424,0.2130441616016804
parquet-mr,RASZZ,7,0.995,0.1,0.05416873463011406,0.5117771994201069,0.2130441616016804
parquet-mr,RASZZ,7,0.995,0.25,0.08005831491655546,0.5322273840482685,0.2130441616016804
parquet-mr,RASZZ,7,0.999,0.0,0.0005030890715505443,0.4682708777553298,0.09377882076248344
parquet-mr,RASZZ,7,0.999,0.05,0.005772227828441047,0.47713823297234514,0.09377882076248344
parquet-mr,RASZZ,7,0.999,0.1,0.01644764847449613,0.4877298283537095,0.09377882076248344
parquet-mr,RASZZ,7,0.999,0.25,0.03776538528243944,0.5061211128596734,0.09377882076248344
parquet-mr,RASZZ,13,0.9,0.0,0.11016168787561005,0.46492416121683705,0.6869844689628265
parquet-mr,RASZZ,13,0.9,0.05,0.11928270078030942,0.4789403526647301,0.6869844689628265
parquet-mr,RASZZ,13,0.9,0.1,0.12861840084762732,0.49619967526556674,0.6869844689628265
parquet-mr,RASZZ,13,0.9,0.25,0.1621669090215959,0.5093842212457603,0.6869844689628265
parquet-mr,RASZZ,13,0.95,0.0,0.09870839785223995,0.49066014633403227,0.6056389543832448
parquet-mr,RASZZ,13,0.95,0.05,0.10855955991115836,0.5030493187019465,0.6056389543832448
parquet-mr,RASZZ,13,0.95,0.1,0.12062436778520286,0.5195674098987066,0.6056389543832448
parquet-mr,RASZZ,13,0.95,0.25,0.15509063869973674,0.5354291242158851,0.6056389543832448
parquet-mr,RASZZ,13,0.99,0.0,0.05503116111397659,0.5002199448368831,0.34366220392341723
parquet-mr,RASZZ,13,0.99,0.05,0.06313752135390259,0.5110887343787439,0.34366220392341723
parquet-mr,RASZZ,13,0.99,0.1,0.07652129988949434,0.5246629293398541,0.34366220392341723
parquet-mr,RASZZ,13,0.99,0.25,0.11137042861534972,0.5476977133407627,0.34366220392341723
parquet-mr,RASZZ,13,0.995,0.0,0.02953229443278955,0.4901712883052663,0.22939277725016471
parquet-mr,RASZZ,13,0.995,0.05,0.036318934289453944,0.5003256964535611,0.22939277725016471
parquet-mr,RASZZ,13,0.995,0.1,0.04857176928200272,0.5127696123899383,0.22939277725016471
parquet-mr,RASZZ,13,0.995,0.25,0.08119163768308375,0.5364999365558021,0.22939277725016471
parquet-mr,RASZZ,13,0.999,0.0,-0.0073197405672233064,0.4669736379146129,0.09731009495369082
parquet-mr,RASZZ,13,0.999,0.05,-0.0024623296860577398,0.475772717350538,0.09731009495369082
parquet-mr,RASZZ,13,0.999,0.1,0.007887594071015028,0.4864119277648487,0.09731009495369082
parquet-mr,RASZZ,13,0.999,0.25,0.035287535941288854,0.5075575793370555,0.09731009495369082
parquet-mr,RASZZ,21,0.9,0.0,0.10019009503207364,0.4529730995024373,0.3258840837938473
parquet-mr,RASZZ,21,0.9,0.05,0.1087862872607974,0.466360287702204,0.3258840837938473
parquet-mr,RASZZ,21,0.9,0.1,0.11692428709257337,0.4825384748086395,0.3258840837938473
parquet-mr,RASZZ,21,0.9,0.25,0.15120632860038458,0.49275876147135733,0.3258840837938473
parquet-mr,RASZZ,21,0.95,0.0,0.09044438969101352,0.4806545903340206,0.41580496215304596
parquet-mr,RASZZ,21,0.95,0.05,0.09986060395197266,0.4925171544914078,0.41580496215304596
parquet-mr,RASZZ,21,0.95,0.1,0.11105819762068625,0.5081187586644627,0.41580496215304596
parquet-mr,RASZZ,21,0.95,0.25,0.14745940936430108,0.5221748200547732,0.41580496215304596
parquet-mr,RASZZ,21,0.99,0.0,0.04480625360182414,0.4932633196628471,0.30355722327957
parquet-mr,RASZZ,21,0.99,0.05,0.05237446081479477,0.5037659710376533,0.30355722327957
parquet-mr,RASZZ,21,0.99,0.1,0.0649760591912365,0.516755315656207,0.30355722327957
parquet-mr,RASZZ,21,0.99,0.25,0.10401958124207872,0.5398858785619133,0.30355722327957
parquet-mr,RASZZ,21,0.995,0.0,0.017394242267588393,0.48362096562051043,0.2027742916153992
parquet-mr,RASZZ,21,0.995,0.05,0.023542037273452734,0.49343061994329174,0.2027742916153992
parquet-mr,RASZZ,21,0.995,0.1,0.034929881076803136,0.5053438155128931,0.2027742916153992
parquet-mr,RASZZ,21,0.995,0.25,0.07151241727555736,0.5293584613074036,0.2027742916153992
parquet-mr,RASZZ,21,0.999,0.0,-0.022769533808570244,0.4600673559232459,0.08098952775252298
parquet-mr,RASZZ,21,0.999,0.05,-0.018725269940107148,0.46850294683330956,0.08098952775252298
parquet-mr,RASZZ,21,0.999,0.1,-0.009410821392304744,0.4786148040958385,0.08098952775252298
parquet-mr,RASZZ,21,0.999,0.25,0.02115247277893796,0.5000002087793884,0.08098952775252298
parquet-mr,RASZZ,42,0.9,0.0,0.08075795397681829,0.4229256424695585,0.28768813638607865
parquet-mr,RASZZ,42,0.9,0.05,0.08833140193947599,0.4347313855623315,0.28768813638607865
parquet-mr,RASZZ,42,0.9,0.1,0.09509142632361989,0.4489955423595666,0.28768813638607865
parquet-mr,RASZZ,42,0.9,0.25,0.12309541560747167,0.4533130502186225,0.28768813638607865
parquet-mr,RASZZ,42,0.95,0.0,0.07072701738463578,0.4549961143946012,0.37719336625137934
parquet-mr,RASZZ,42,0.95,0.05,0.07910547520841714,0.46550823244991346,0.37719336625137934
parquet-mr,RASZZ,42,0.95,0.1,0.08901269415356244,0.47949874748078497,0.37719336625137934
parquet-mr,RASZZ,42,0.95,0.25,0.11811050055917435,0.48729012787057224,0.37719336625137934
parquet-mr,RASZZ,42,0.99,0.0,0.028901549822219902,0.4766740432402786,0.29233070373865944
parquet-mr,RASZZ,42,0.99,0.05,0.03563266736257978,0.4863035748033709,0.29233070373865944
parquet-mr,RASZZ,42,0.99,0.1,0.04725064478581729,0.4982720692356402,0.29233070373865944
parquet-mr,RASZZ,42,0.99,0.25,0.07712674439362974,0.5152901671494936,0.29233070373865944
parquet-mr,RASZZ,42,0.995,0.0,0.0031781912758608692,0.4691754103295815,0.19897261313804668
parquet-mr,RASZZ,42,0.995,0.05,0.008577773071634279,0.4782247722686296,0.19897261313804668
parquet-mr,RASZZ,42,0.995,0.1,0.01909023741119835,0.48925178476814807,0.19897261313804668
parquet-mr,RASZZ,42,0.995,0.25,0.04652962877464258,0.5074017963128657,0.19897261313804668
parquet-mr,RASZZ,42,0.999,0.0,-0.033107346277430776,0.4484509122708253,0.06896691756325483
parquet-mr,RASZZ,42,0.999,0.05,-0.029607177802065603,0.456275111409709,0.06896691756325483
parquet-mr,RASZZ,42,0.999,0.1,-0.020934070479336396,0.46567346783346647,0.06896691756325483
parquet-mr,RASZZ,42,0.999,0.25,0.0012435006514821122,0.48171705468488657,0.06896691756325483
parquet-mr,RASZZ,77,0.9,0.0,0.10129453181757583,0.46475184048327645,0.2874739590495493
parquet-mr,RASZZ,77,0.9,0.05,0.10994885229816813,0.47875896241887683,0.2874739590495493
parquet-mr,RASZZ,77,0.9,0.1,0.11898335721858179,0.4962028379387509,0.2874739590495493
parquet-mr,RASZZ,77,0.9,0.25,0.15348014438470547,0.5061614769132182,0.2874739590495493
parquet-mr,RASZZ,77,0.95,0.0,0.0890481405205079,0.48940264966131597,0.3742280780388353
parquet-mr,RASZZ,77,0.95,0.05,0.09839086798301937,0.501725637993824,0.3742280780388353
parquet-mr,RASZZ,77,0.95,0.1,0.11009427040953775,0.5183397516401466,0.3742280780388353
parquet-mr,RASZZ,77,0.95,0.25,0.14700166757262778,0.5331558375828831,0.3742280780388353
parquet-mr,RASZZ,77,0.99,0.0,0.04515906226286328,0.4982959149682817,0.274111185864408
parquet-mr,RASZZ,77,0.99,0.05,0.0527458383527307,0.5090634397802163,0.274111185864408
parquet-mr,RASZZ,77,0.99,0.1,0.0656380330308876,0.522601279797435,0.274111185864408
parquet-mr,RASZZ,77,0.99,0.25,0.10669225898838325,0.5474942962046957,0.274111185864408
parquet-mr,RASZZ,77,0.995,0.0,0.019556799506632267,0.4887584551627563,0.1881589634003023
parquet-mr,RASZZ,77,0.995,0.05,0.025818413314551533,0.4988385036719715,0.1881589634003023
parquet-mr,RASZZ,77,0.995,0.1,0.037556254134349966,0.5112609515007095,0.1881589634003023
parquet-mr,RASZZ,77,0.995,0.25,0.07654983268674272,0.5371556292252172,0.1881589634003023
parquet-mr,RASZZ,77,0.999,0.0,-0.021126101860554046,0.4647642556546248,0.08169052697035989
parquet-mr,RASZZ,77,0.999,0.05,-0.016995341573774303,0.47344705181370844,0.08169052697035989
parquet-mr,RASZZ,77,0.999,0.1,-0.007396582518292922,0.4840073082491088,0.08169052697035989
parquet-mr,RASZZ,77,0.999,0.25,0.02536460936386265,0.5072114074859011,0.08169052697035989
parquet-mr,RASZZ,101,0.9,0.0,0.0661989038014122,0.41168215862079727,0.6869197960249112
parquet-mr,RASZZ,101,0.9,0.05,0.07300608596536429,0.42289613940574083,0.6869197960249112
parquet-mr,RASZZ,101,0.9,0.1,0.07897466733815911,0.43654438615292357,0.6869197960249112
parquet-mr,RASZZ,101,0.9,0.25,0.1003265556859662,0.43592505968233936,0.6869197960249112
parquet-mr,RASZZ,101,0.95,0.0,0.05409507701446413,0.4429564900946626,0.6036255799208649
parquet-mr,RASZZ,101,0.95,0.05,0.06159816955560489,0.4528349437131361,0.6036255799208649
parquet-mr,RASZZ,101,0.95,0.1,0.07056686902327057,0.46614952553922917,0.6036255799208649
parquet-mr,RASZZ,101,0.95,0.25,0.09309446882893904,0.4691991380647529,0.6036255799208649
parquet-mr,RASZZ,101,0.99,0.0,0.015029792613926033,0.4682613657957518,0.3236938224841045
parquet-mr,RASZZ,101,0.99,0.05,0.02103081766963887,0.4774481248617635,0.3236938224841045
parquet-mr,RASZZ,101,0.99,0.1,0.03185034189137195,0.48893704647596953,0.3236938224841045
parquet-mr,RASZZ,101,0.99,0.25,0.05759181053937645,0.5033012870708504,0.3236938224841045
parquet-mr,RASZZ,101,0.995,0.0,-0.008239518138288255,0.46293257516640224,0.2046618786864892
parquet-mr,RASZZ,101,0.995,0.05,-0.00344086841694374,0.47165336683370407,0.2046618786864892
parquet-mr,RASZZ,101,0.995,0.1,0.006414378781651009,0.48232538018094934,0.2046618786864892
parquet-mr,RASZZ,101,0.995,0.25,0.030740111257034065,0.4986485274251918,0.2046618786864892
parquet-mr,RASZZ,101,0.999,0.0,-0.040668890164868514,0.44543199611476886,0.06107401309237883
parquet-mr,RASZZ,101,0.999,0.05,-0.037566697683579,0.4530973049296495,0.06107401309237883
parquet-mr,RASZZ,101,0.999,0.1,-0.02932702883060549,0.4623274044232803,0.06107401309237883
parquet-mr,RASZZ,101,0.999,0.25,-0.009046315810947841,0.4775348989351359,0.06107401309237883
parquet-mr,RASZZ,123,0.9,0.0,0.12530194980839246,0.4768495267061017,0.32825242918158515
parquet-mr,RASZZ,123,0.9,0.05,0.13521981860429091,0.49149336896921925,0.32825242918158515
parquet-mr,RASZZ,123,0.9,0.1,0.14264682284471936,0.5073729130632608,0.32825242918158515
parquet-mr,RASZZ,123,0.9,0.25,0.17790940603248925,0.5212695489388403,0.32825242918158515
parquet-mr,RASZZ,123,0.95,0.0,0.113042138531538,0.5024410404004822,0.4337100447965481
parquet-mr,RASZZ,123,0.95,0.05,0.12364770799462997,0.5154502598245252,0.4337100447965481
parquet-mr,RASZZ,123,0.95,0.1,0.13477273367154652,0.5316737882727767,0.4337100447965481
parquet-mr,RASZZ,123,0.95,0.25,0.171010618337388,0.5480133754570419,0.4337100447965481
parquet-mr,RASZZ,123,0.99,0.0,0.06394070609166769,0.5089302417343029,0.369838452270627
parquet-mr,RASZZ,123,0.99,0.05,0.07251598975147218,0.5202574679549752,0.369838452270627
parquet-mr,RASZZ,123,0.99,0.1,0.0855547059097667,0.534050530695853,0.369838452270627
parquet-mr,RASZZ,123,0.99,0.25,0.12232297759100888,0.5578743108351399,0.369838452270627
parquet-mr,RASZZ,123,0.995,0.0,0.035250487460299344,0.4959173907774271,0.26654663960655384
parquet-mr,RASZZ,123,0.995,0.05,0.04233808484472741,0.5063742253716249,0.26654663960655384
parquet-mr,RASZZ,123,0.995,0.1,0.05420758834214805,0.5189170523395954,0.26654663960655384
parquet-mr,RASZZ,123,0.995,0.25,0.08812085541569041,0.5429254098793922,0.26654663960655384
parquet-mr,RASZZ,123,0.999,0.0,-0.007829584167508319,0.4676117912786207,0.11976566704132581
parquet-mr,RASZZ,123,0.999,0.05,-0.0029990071600419633,0.47644445773370403,0.11976566704132581
parquet-mr,RASZZ,123,0.999,0.1,0.006722505501563236,0.4869208948916153,0.11976566704132581
parquet-mr,RASZZ,123,0.999,0.25,0.033988016601209516,0.5073240461667194,0.11976566704132581
parquet-mr,RASZZ,202,0.9,0.0,0.07754984235306736,0.42351549025561436,0.6869197950416448
parquet-mr,RASZZ,202,0.9,0.05,0.08495444233552762,0.4353522779687061,0.6869197950416448
parquet-mr,RASZZ,202,0.9,0.1,0.09158682128444262,0.44969253241383145,0.6869197950416448
parquet-mr,RASZZ,202,0.9,0.25,0.11889386393050369,0.4542942697469833,0.6869197950416448
parquet-mr,RASZZ,202,0.95,0.0,0.0640195789146612,0.451944892784485,0.6036245051960465
parquet-mr,RASZZ,202,0.95,0.05,0.07204501366107548,0.4622964202287386,0.6036245051960465
parquet-mr,RASZZ,202,0.95,0.1,0.08159409335682286,0.4761366396390319,0.6036245051960465
parquet-mr,RASZZ,202,0.95,0.25,0.10941847016113872,0.48339886319802466,0.6036245051960465
parquet-mr,RASZZ,202,0.99,0.0,0.020254758968106443,0.4705729211135412,0.32649193656259784
parquet-mr,RASZZ,202,0.99,0.05,0.026530782252986655,0.4798813409857524,0.32649193656259784
parquet-mr,RASZZ,202,0.99,0.1,0.0376558600626835,0.4915054412735134,0.32649193656259784
parquet-mr,RASZZ,202,0.99,0.25,0.06615179689844797,0.5076115199443615,0.32649193656259784
parquet-mr,RASZZ,202,0.995,0.0,-0.004210765844526973,0.46368404276004904,0.20673892847794612
parquet-mr,RASZZ,202,0.995,0.05,0.0007999234712260309,0.47244438535333233,0.20673892847794612
parquet-mr,RASZZ,202,0.995,0.1,0.010890770219163544,0.4831603441738903,0.20673892847794612
parquet-mr,RASZZ,202,0.995,0.25,0.03729102148902082,0.5005881327787218,0.20673892847794612
parquet-mr,RASZZ,202,0.999,0.0,-0.03782554987572855,0.44469687651173295,0.06452540829550263
parquet-mr,RASZZ,202,0.999,0.05,-0.03457370790553695,0.4523234948211908,0.06452540829550263
parquet-mr,RASZZ,202,0.999,0.1,-0.0261677618426722,0.4615106048643516,0.06452540829550263
parquet-mr,RASZZ,202,0.999,0.25,-0.004400279599571112,0.47725047275675325,0.06452540829550263
parquet-mr,RASZZ,314,0.9,0.0,0.06897987246540092,0.405881675778685,0.28796663626811647
parquet-mr,RASZZ,314,0.9,0.05,0.07593342140114194,0.416790367992991,0.28796663626811647
parquet-mr,RASZZ,314,0.9,0.1,0.08224251123356288,0.43021848710022964,0.28796663626811647
parquet-mr,RASZZ,314,0.9,0.25,0.11635124262016801,0.4414204718500108,0.28796663626811647
parquet-mr,RASZZ,314,0.95,0.0,0.05619135708585651,0.4385058267110454,0.38292321055297707
parquet-mr,RASZZ,314,0.95,0.05,0.06380478015707053,0.4481500348882759,0.38292321055297707
parquet-mr,RASZZ,314,0.95,0.1,0.07299968048928031,0.46128819310128316,0.38292321055297707
parquet-mr,RASZZ,314,0.95,0.25,0.10863223787858314,0.47360363593923066,0.38292321055297707
parquet-mr,RASZZ,314,0.99,0.0,0.00623609275317149,0.4605874283892801,0.29838805393692047
parquet-mr,RASZZ,314,0.99,0.05,0.011774291500423547,0.46937029601284597,0.29838805393692047
parquet-mr,RASZZ,314,0.99,0.1,0.02211968447228515,0.48044853277182814,0.29838805393692047
parquet-mr,RASZZ,314,0.99,0.25,0.06109934142641352,0.5015438857877549,0.29838805393692047
parquet-mr,RASZZ,314,0.995,0.0,-0.02158452175700377,0.45353589653057963,0.18901640361942115
parquet-mr,RASZZ,314,0.995,0.05,-0.017488240647170597,0.4617621261644171,0.18901640361942115
parquet-mr,RASZZ,314,0.995,0.1,-0.008380447998235209,0.47191566682985037,0.18901640361942115
parquet-mr,RASZZ,314,0.995,0.25,0.02824613361531342,0.49430350724139366,0.18901640361942115
parquet-mr,RASZZ,314,0.999,0.0,-0.059984679459049846,0.4337088499457474,0.04910955724523425
parquet-mr,RASZZ,314,0.999,0.05,-0.05789910746692778,0.4407571510675218,0.04910955724523425
parquet-mr,RASZZ,314,0.999,0.1,-0.05076151929653302,0.4493272613797175,0.04910955724523425
parquet-mr,RASZZ,314,0.999,0.25,-0.01985389422343782,0.4696790903615652,0.04910955724523425
parquet-mr,RASZZ,999,0.9,0.0,0.09319551839707861,0.4396834161538071,0.2876920483523312
parquet-mr,RASZZ,999,0.9,0.05,0.10142357501343421,0.4523711473352249,0.2876920483523312
parquet-mr,RASZZ,999,0.9,0.1,0.10915253527591223,0.4677721599768282,0.2876920483523312
parquet-mr,RASZZ,999,0.9,0.25,0.13354086896509404,0.4692606246656085,0.2876920483523312
parquet-mr,RASZZ,999,0.95,0.0,0.08383145321993675,0.4702068133132193,0.3776134092716135
parquet-mr,RASZZ,999,0.95,0.05,0.0928996181929445,0.4815194944695115,0.3776134092716135
parquet-mr,RASZZ,999,0.95,0.1,0.10371049043060096,0.49651011753023877,0.3776134092716135
parquet-mr,RASZZ,999,0.95,0.25,0.1306410074889175,0.5032602282288811,0.3776134092716135
parquet-mr,RASZZ,999,0.99,0.0,0.041036761690760454,0.4884100915064033,0.28337989368240457
parquet-mr,RASZZ,999,0.99,0.05,0.048406574592622466,0.498657309820344,0.28337989368240457
parquet-mr,RASZZ,999,0.99,0.1,0.060787734845610196,0.511362839926825,0.28337989368240457
parquet-mr,RASZZ,999,0.99,0.25,0.09199944551610985,0.5294399587623817,0.28337989368240457
parquet-mr,RASZZ,999,0.995,0.0,0.01707715245204701,0.48166586549190304,0.1835696988288467
parquet-mr,RASZZ,999,0.995,0.05,0.02320825852025127,0.49137261980791547,0.1835696988288467
parquet-mr,RASZZ,999,0.995,0.1,0.03457755905953492,0.5031714820366626,0.1835696988288467
parquet-mr,RASZZ,999,0.995,0.25,0.06467428182223453,0.5231931346511302,0.1835696988288467
parquet-mr,RASZZ,999,0.999,0.0,-0.016021607891366536,0.4634728673933451,0.07025420149246499
parquet-mr,RASZZ,999,0.999,0.05,-0.011622190027261135,0.47208769574920345,0.07025420149246499
parquet-mr,RASZZ,999,0.999,0.1,-0.0019131259287450725,0.4823987057292821,0.07025420149246499
parquet-mr,RASZZ,999,0.999,0.25,0.024350595150318243,0.5013943509652202,0.07025420149246499
